KEY  LON  LAT  LON_lim  LAT_lim  num_datapoint  oldest_age  youngest_age length_age
1101  273.25   81.97    1.75    0.18  7   9.393   7.980   1.413
1102  275.14   81.91    1.69    0.21  16   9.117   7.583   1.534
1103  278.05   82.03    0.00    0.01  4   9.103   7.265   1.838
1104  274.16   82.25    1.39    0.13  6   9.754   7.668   2.086
1127  285.05   79.47    0.12    0.15  3   7.901   6.304   1.597
1128  283.08   79.42    2.34    0.35  11   7.334   6.075   1.259
1129  284.75   79.16    1.53    0.25  9   8.194   6.810   1.384
1130  283.32   79.09    2.48    0.18  16   7.789   5.395   2.394
1131  281.64   78.93    0.88    0.30  5   6.879   5.472   1.407
1132  284.15   78.88    0.80    0.06  8   8.424   5.026   3.398
1133  285.34   78.64    0.91    0.25  28   9.735   5.034   4.701
1134  283.93   78.53    0.00    0.00  1   9.037   9.037   0.000
1135  278.27   77.62    0.42    0.32  11   9.197   6.053   3.144
1136  278.19   77.30    2.24    0.31  35  10.320   5.133   5.187
1137  282.20   76.80    0.00    0.01  2  10.077   9.692   0.385
1138  280.36   76.31    0.85    0.15  2   9.997   7.234   2.763
1139  280.97   75.88    0.04    0.02  9   9.865   6.836   3.029
1140  278.38   76.49    0.00    0.00  1   9.970   9.970   0.000
1141  277.78   76.83    1.03    0.07  2   9.270   8.908   0.362
1142  276.62   76.62    1.01    0.40  2   9.885   9.486   0.399
1143  275.47   76.72    0.00    0.00  1   7.866   7.866   0.000
1144  274.94   76.47    0.20    0.25  8  10.146   5.447   4.699
1145  273.77   76.49    0.98    0.32  5   9.734   5.453   4.281
1146  272.47   76.39    0.13    0.04  24  10.404   5.169   5.235
1147  272.33   76.66    0.20    0.08  4   9.957   9.117   0.840
1148  271.70   76.47    0.00    0.00  1   9.592   9.592   0.000
1149  271.51   77.00    1.27    0.18  3   9.218   7.682   1.536
1150  270.05   77.27    0.00    0.00  1   8.420   8.420   0.000
1151  273.30   77.85    0.89    0.06  8   9.459   6.666   2.793
1152  274.62   77.29    0.00    0.00  1   8.490   8.490   0.000
1153  277.87   78.09    0.07    0.05  2   7.536   7.519   0.017
1154  275.10   77.56    0.72    0.08  3   8.907   8.447   0.460
1155  275.31   78.20    1.87    0.55  14   9.415   5.103   4.312
1156  273.77   78.26    1.68    0.28  14   9.405   6.079   3.326
1157  273.12   78.57    0.55    0.13  3   9.684   8.769   0.915
1158  275.11   78.84    2.66    0.20  6   8.678   7.643   1.035
1159  277.59   78.66    1.91    0.97  14   8.230   5.624   2.606
1160  274.81   79.87    2.44    1.05  36   9.655   5.535   4.120
1161  279.04   79.66    1.85    0.18  10   9.007   6.880   2.127
1162  278.14   79.95    1.04    0.08  4   8.406   7.116   1.290
1163  277.53   80.15    0.50    0.15  3   9.510   8.542   0.968
1164  278.96   80.41    1.86    0.12  11   9.192   6.630   2.562
1165  280.88   80.60    1.20    0.00  6   9.687   7.819   1.868
1168  279.42   80.71    0.01    0.02  3   9.390   6.586   2.804
1169  275.71   80.52    0.08    0.00  2  21.006   7.893  13.113
1170  274.85   81.08    0.15    0.00  2   9.227   8.638   0.589
1171  271.38   81.06    2.88    0.09  14   9.832   6.013   3.819
1172  270.51   81.24    1.22    0.22  5   9.170   5.730   3.440
1173  268.56   80.90    1.53    0.38  4   8.839   5.122   3.717
1174  271.07   80.38    2.57    0.28  7   9.379   6.618   2.761
1175  272.55   79.52    0.00    0.00  4   8.441   5.134   3.307
1176  272.39   79.41    0.58    0.82  2   8.273   8.127   0.146
1177  271.40   78.32    0.29    0.06  2   9.202   7.803   1.399
1178  270.67   78.34    0.87    0.35  2   9.158   8.876   0.282
1179  269.52   78.23    0.00    0.00  1   5.861   5.861   0.000
1180  268.38   78.24    0.47    0.05  3   9.408   7.019   2.389
1181  267.24   78.59    1.29    0.16  5   9.504   5.318   4.186
1183  266.13   79.02    0.00    0.00  1   8.907   8.907   0.000
1184  268.12   79.16    1.13    0.05  4   9.025   6.453   2.572
1185  269.83   79.27    0.16    0.02  5   9.025   8.037   0.988
1186  269.16   79.39    0.57    0.07  12   9.726   5.739   3.987
1187  268.29   79.35    0.74    0.07  6   8.969   7.666   1.303
1188  261.23   79.75    0.00    0.00  1   9.221   9.221   0.000
1189  262.69   78.48    2.84    0.77  9  11.143   8.174   2.969
1190  258.76   78.35    4.73    1.30  22  11.404   7.183   4.221
1191  258.38   77.75    0.00    0.00  1   9.577   9.577   0.000
1192  265.10   77.67    1.20    0.27  8   9.796   8.069   1.727
1201  264.66   76.99    0.13    0.06  4   9.414   5.414   4.000
1202  265.68   76.89    0.76    0.10  7   9.498   5.521   3.977
1203  266.50   76.77    0.08    0.00  2   9.264   7.852   1.412
1204  267.95   76.52    0.83    0.05  6   9.042   6.362   2.680
1205  269.51   76.77    0.00    0.00  1   8.051   8.051   0.000
1207  269.67   76.18    2.20    0.50  7  10.304   5.143   5.161
1208  269.93   75.79    0.00    0.00  1   9.622   9.622   0.000
1209  270.97   75.45    1.36    0.20  4   9.705   7.398   2.307
1210  272.40   75.43    0.00    0.00  1  10.032  10.032   0.000
1211  274.34   75.56    0.44    0.03  13   8.757   5.408   3.349
1212  275.45   75.65    0.29    0.14  15  10.696   6.063   4.633
1213  276.19   75.78    0.42    0.03  14  10.521   5.130   5.391
1214  276.37   74.57    0.48    0.15  19  10.957   9.040   1.917
1215  274.43   74.69    0.02    0.00  2   9.724   9.654   0.070
1216  273.20   74.62    0.00    0.00  1   9.694   9.694   0.000
1217  271.58   74.80    0.00    0.09  2   9.414   8.905   0.509
1218  269.42   74.90    0.00    0.00  1   8.751   8.751   0.000
1219  268.65   74.64    0.14    0.09  6  10.525   5.928   4.597
1220  268.02   74.92    0.30    0.15  19   9.936   5.181   4.755
1221  268.11   75.16    0.24    0.06  2   9.399   9.262   0.137
1222  267.76   75.39    0.00    0.00  1   9.555   9.555   0.000
1223  268.32   75.62    0.23    0.01  2   8.739   8.640   0.099
1224  268.79   75.76    0.00    0.00  1   8.844   8.844   0.000
1225  267.60   76.04    0.16    0.06  5   8.752   5.132   3.620
1226  266.23   76.37    0.23    0.16  4   9.187   5.085   4.102
1227  264.60   76.38    0.70    0.01  5   9.209   6.846   2.363
1228  264.46   76.58    0.02    0.00  2   9.112   7.777   1.335
1230  265.44   75.79    0.43    0.02  2   9.277   5.738   3.539
1231  265.22   75.38    0.00    0.00  1   5.409   5.409   0.000
1232  263.91   75.06    0.12    0.05  2   8.399   7.484   0.915
1233  265.14   74.72    0.40    0.09  27  10.210   6.209   4.001
1234  264.26   74.60    0.11    0.09  3   9.918   5.671   4.247
1235  262.46   74.57    0.19    0.03  6  10.401   5.016   5.385
1236  263.13   75.37    0.34    0.06  8   9.886   5.953   3.933
1237  261.09   75.23    2.31    0.75  12  10.183   5.165   5.018
1238  261.39   75.76    3.54    0.48  22  10.557   5.041   5.516
1239  260.67   76.30    3.23    0.63  28  10.823   6.324   4.499
1240  259.95   76.45    0.00    0.00  5   8.836   8.114   0.722
1241  257.67   75.58    0.86    0.07  4  10.719   8.640   2.079
1242  255.41   75.09    0.38    0.05  2  10.748  10.344   0.404
1244  257.60   76.04    2.04    0.38  6  10.918   7.306   3.612
1245  256.13   76.49    1.62    0.18  5  11.796   5.730   6.066
1247  255.97   77.15    0.00    0.00  1  11.453  11.453   0.000
1248  254.73   77.43    0.95    0.37  6  11.804   8.721   3.083
1249  250.48   75.65    2.87    0.32  4  11.617   7.485   4.132
1250  251.47   76.13    1.09    0.58  11  11.321   5.620   5.701
1252  253.71   75.31    1.65    0.96  5  10.539   6.176   4.363
1253  249.30   74.73    3.93    0.64  17  13.315   6.180   7.135
1254  245.90   74.90    1.75    0.20  3  13.175  12.023   1.152
1256  244.63   75.87    3.75    0.92  6  13.317   8.735   4.582
1257  240.73   75.67    0.00    0.00  1   6.772   6.772   0.000
1258  241.38   76.57    5.19    1.42  8  13.348   7.899   5.449
1259  246.20   77.13    0.00    0.00  2  11.129   8.697   2.432
1260  245.85   77.82    0.80    0.21  7  12.255   6.084   6.171
1301  266.06   72.25    0.38    0.34  6  10.122   5.507   4.615
1302  266.46   72.85    0.84    0.14  10  10.114   5.496   4.618
1303  269.02   73.97    0.69    0.08  2  10.049   6.800   3.249
1304  266.30   74.04    0.59    0.17  5   9.907   5.672   4.235
1305  265.08   73.97    0.57    0.40  7  10.563   5.471   5.092
1306  265.11   72.78    1.27    0.37  6   9.997   6.418   3.579
1307  260.72   71.90    0.70    0.10  2   8.477   7.511   0.966
1308  262.37   71.64    0.90    0.09  6   9.413   5.001   4.412
1309  262.27   72.19    0.31    0.06  3  10.029   9.352   0.677
1310  263.44   72.11    0.12    0.21  3   9.928   9.371   0.557
1312  261.53   72.73    0.30    0.21  5   9.860   5.635   4.225
1313  262.97   72.81    0.72    0.28  7   9.860   6.596   3.264
1314  263.04   73.09    0.38    0.14  9  10.253   5.004   5.249
1315  261.84   73.36    0.72    0.30  4  10.316   8.438   1.878
1316  262.55   73.80    0.70    0.13  7  10.823   5.700   5.123
1317  261.77   73.92    0.00    0.00  1  10.126  10.126   0.000
1318  261.51   73.71    0.35    0.16  4  10.511   5.061   5.450
1319  261.23   73.97    0.00    0.00  1   5.485   5.485   0.000
1320  260.18   73.68    1.12    0.12  5  12.088   7.119   4.969
1321  259.34   73.38    0.42    0.14  4  11.142   9.815   1.327
1322  260.33   73.20    0.70    0.23  7  10.450   6.727   3.723
1323  258.03   72.95    0.22    0.31  5  11.654   8.738   2.916
1324  257.49   72.87    0.21    0.25  7  11.141   5.385   5.756
1325  254.55   72.13    0.00    0.00  1   9.494   9.494   0.000
1327  254.98   69.95    0.48    0.28  5   9.359   8.563   0.796
1328  255.00   69.13    0.55    0.07  2   8.469   5.243   3.226
1329  253.58   69.57    2.22    0.18  6   9.391   7.969   1.422
1330  251.92   70.30    3.50    0.40  2  10.609   8.631   1.978
1331  250.61   69.16    0.98    0.13  2  10.390  10.055   0.335
1332  249.30   68.73    1.06    0.20  2  10.054   5.624   4.430
1333  246.84   68.70    0.29    0.11  9  10.420   5.651   4.769
1334  246.65   69.19    1.87    0.26  3  10.057   8.116   1.941
1335  244.05   69.34    0.75    0.11  24  10.846   5.016   5.830
1336  243.21   69.67    0.65    0.13  10  12.213   7.878   4.335
1337  242.77   69.95    0.27    0.19  21  12.786   5.467   7.319
1338  243.53   70.16    0.83    0.10  4  11.252   9.276   1.976
1339  244.60   70.25    0.63    0.05  10  11.578   9.473   2.105
1340  246.67   70.22    1.18    0.11  8  11.729   6.981   4.748
1341  247.42   70.61    0.34    0.05  7  11.594   9.579   2.015
1342  245.88   70.70    1.17    0.09  8  10.956   5.105   5.851
1343  243.68   70.65    0.09    0.01  2  10.525   9.701   0.824
1344  242.17   70.76    0.16    0.08  8  12.724   9.378   3.346
1345  241.84   71.09    0.48    0.53  12  12.846   9.501   3.345
1346  243.02   71.44    0.00    0.00  1  11.242  11.242   0.000
1347  241.08   71.75    0.42    0.30  10  13.032   9.816   3.216
1348  241.95   72.25    0.04    0.02  2  12.986  12.682   0.304
1349  243.93   73.12    0.00    0.00  1  12.721  12.721   0.000
1350  245.97   72.98    0.71    0.72  10  13.055  10.429   2.626
1351  249.26   72.65    2.10    0.70  5  13.404   7.672   5.732
1352  252.28   71.93    1.86    0.60  9  11.429   7.124   4.305
1353  252.44   72.88    1.90    0.48  5  11.489  10.106   1.383
1354  255.07   73.51    0.70    0.53  5  10.488   5.810   4.678
1355  240.21   73.95    1.15    0.64  3  12.988   6.528   6.460
1356  243.11   73.25    1.52    0.76  6  12.466   7.473   4.993
1357  239.36   71.83    1.20    0.65  3  12.920  11.798   1.122
1358  235.27   71.92    1.94    1.40  15  12.645   6.872   5.773
1401  272.95   73.78    0.21    0.08  9  10.575   7.670   2.905
1402  274.53   73.82    0.30    0.00  10  10.943   8.979   1.964
1403  274.88   73.63    0.01    0.00  2  10.761   7.771   2.990
1404  273.15   72.73    0.23    0.04  7  10.145   5.414   4.731
1405  273.72   72.41    0.04    0.02  6  10.027   5.107   4.920
1406  273.53   72.19    0.02    0.03  6   9.758   5.122   4.636
1407  273.88   71.78    0.27    0.11  16   8.775   5.051   3.724
1408  274.85   71.68    0.00    0.00  1   7.204   7.204   0.000
1409  275.61   71.53    0.27    0.16  5   7.608   5.266   2.342
1410  274.42   72.63    0.27    0.07  3   7.877   7.218   0.659
1411  274.96   73.05    0.05    0.00  9  20.075   5.828  14.247
1412  275.71   73.16    0.14    0.11  2   9.732   7.583   2.149
1413  277.00   73.65    0.02    0.00  4   9.405   8.623   0.782
1415  279.54   72.82    0.32    0.17  13  10.038   5.144   4.894
1416  280.65   73.04    3.92    0.41  7  11.053   6.689   4.364
1417  278.77   72.30    0.11    0.08  5   8.335   7.289   1.046
1418  278.74   72.08    0.41    0.10  5   8.206   5.920   2.286
1419  279.12   71.88    0.07    0.01  2   7.139   6.548   0.591
1420  279.84   72.45    0.69    0.01  2  10.569   8.008   2.561
1422  280.84   71.97    0.92    0.07  5   9.132   5.405   3.727
1423  282.29   71.73    0.02    0.03  3   7.192   5.447   1.745
1424  283.67   71.75    0.00    0.00  1   7.358   7.358   0.000
1425  285.73   71.91    0.09    0.02  3   8.846   7.893   0.953
1426  285.16   71.38    0.88    0.32  10   9.701   5.311   4.390
1427  287.12   71.44    0.00    0.28  3   8.914   5.671   3.243
1428  288.14   71.44    0.95    0.40  3  11.387   8.434   2.953
1429  288.80   71.19    0.34    0.01  2  11.435  10.647   0.788
1430  288.46   70.08    0.42    0.27  7   8.162   5.319   2.843
1431  291.11   70.46    0.57    0.57  9  13.378   6.135   7.243
1432  291.30   69.95    0.43    0.18  5   9.118   7.327   1.791
1433  289.66   69.89    0.88    0.38  15   9.410   6.880   2.530
1434  289.97   69.60    0.03    0.16  7   8.717   5.796   2.921
1435  291.40   69.49    1.07    0.08  4   9.660   8.887   0.773
1436  291.85   69.30    0.07    0.02  4  10.045   7.838   2.207
1437  292.52   69.18    0.60    0.05  2  11.678   9.008   2.670
1438  291.66   68.98    0.69    0.06  3   9.611   6.211   3.400
1439  290.92   68.96    0.10    0.03  4  10.023   6.835   3.188
1440  290.56   68.86    0.03    0.05  4   6.908   5.425   1.483
1441  291.36   68.73    0.03    0.07  4  10.360   7.643   2.717
1442  291.56   68.56    0.79    0.10  7   9.289   5.091   4.198
1443  293.29   68.28    0.61    0.69  10  10.158   5.802   4.356
1444  292.62   68.20    0.00    0.00  1   5.979   5.979   0.000
1445  294.01   67.90    0.43    0.13  5   9.272   5.390   3.882
1446  295.05   68.03    0.30    0.10  8  11.507   6.872   4.635
1447  294.51   67.71    0.45    0.21  5   9.908   5.528   4.380
1448  295.01   67.35    0.04    0.09  3   7.087   5.934   1.153
1449  295.96   67.55    0.00    0.00  2  11.077  10.264   0.813
1450  295.35   66.95    0.00    0.00  1   8.210   8.210   0.000
1453  294.99   65.84    1.04    0.76  7  10.657   8.528   2.129
1454  294.28   66.14    0.02    0.02  10   9.773   6.032   3.741
1455  293.57   66.41    0.28    0.30  3   9.514   8.271   1.243
1456  292.37   66.59    0.62    0.08  5   6.817   6.195   0.622
1457  293.05   65.45    0.00    0.00  1   9.622   9.622   0.000
1458  293.30   64.78    0.00    0.00  1   9.523   9.523   0.000
1459  294.95   63.67    0.10    0.24  4  10.257   6.268   3.989
1460  295.25   62.82    0.00    0.00  1  10.726  10.726   0.000
1461  291.71   63.59    1.23    0.39  22   9.875   5.651   4.224
1462  291.80   63.24    0.38    0.05  10  10.025   8.303   1.722
1463  293.06   63.08    0.10    0.07  3  10.360   9.719   0.641
1464  293.52   63.06    0.02    0.02  4  10.436   8.904   1.532
1465  293.47   62.90    0.00    0.00  2  10.684  10.268   0.416
1466  294.42   62.91    0.95    0.29  18  12.607   7.046   5.561
1467  282.25   63.95    0.00    0.00  1   7.931   7.931   0.000
1468  295.28   62.46    0.41    0.10  7  13.119  11.305   1.814
1469  292.97   62.67    0.11    0.00  2  10.045  10.043   0.002
1470  293.65   62.36    0.58    0.40  27  11.031   5.399   5.632
1471  293.89   62.08    0.10    0.15  13  10.355   9.042   1.313
1472  295.00   61.78    0.00    0.00  2  10.201  10.038   0.163
1473  292.63   62.13    0.02    0.01  4  10.563   8.548   2.015
1474  292.21   62.22    0.13    0.01  2   8.847   8.035   0.812
1475  291.53   62.27    0.36    0.06  3   9.195   8.297   0.898
1476  290.12   62.85    0.31    0.20  8   8.749   7.857   0.892
1477  289.55   62.62    0.40    0.12  8   8.871   6.981   1.890
1478  288.65   63.08    0.00    0.00  1   8.381   8.381   0.000
1479  283.50   64.37    0.95    0.57  6   8.646   5.831   2.815
1480  283.02   63.50    0.51    0.16  2   8.569   7.634   0.935
1481  282.01   63.32    0.25    0.31  6   8.019   6.426   1.593
1482  287.37   65.56    1.55    0.71  3   7.485   7.262   0.223
1483  284.49   69.29    0.79    0.35  8   7.361   5.485   1.876
1485  282.31   70.20    1.01    0.37  8   6.305   5.011   1.294
1487  280.94   69.96    0.26    0.06  3   6.224   5.068   1.156
1488  279.69   69.70    0.01    0.02  2   6.768   5.393   1.375
1490  274.90   70.14    0.59    0.06  4   6.855   5.991   0.864
1491  273.88   70.12    0.00    0.00  1   6.381   6.381   0.000
1492  273.34   70.03    0.14    0.08  6   6.958   5.172   1.786
1493  272.88   70.44    1.87    0.27  7   9.636   5.414   4.222
1494  270.88   70.91    0.47    0.32  4   8.826   5.222   3.604
1495  272.15   70.91    0.82    0.06  6   9.484   5.502   3.982
1496  273.51   70.94    0.23    0.08  4   7.926   5.511   2.415
1497  274.87   70.88    0.30    0.20  3   7.519   5.422   2.097
1499  273.58   71.18    0.00    0.01  2   7.581   7.548   0.033
1500  272.59   71.14    0.64    0.23  6   8.356   5.301   3.055
1501  271.35   71.31    0.36    0.02  2   8.752   7.162   1.590
1502  270.50   71.41    0.75    0.09  4   9.286   5.724   3.562
1503  270.16   72.05    0.47    0.18  11  10.326   5.051   5.275
1504  270.20   71.77    0.00    0.00  1   9.990   9.990   0.000
1505  270.34   72.59    0.34    0.26  15  10.861   5.194   5.667
1601  303.21   51.55    0.47    0.28  33  13.250   5.086   8.164
1602  304.42   52.42    0.00    0.00  1   5.820   5.820   0.000
1603  302.79   53.68    0.79    0.90  8  11.214   6.433   4.781
1604  302.45   54.43    0.44    0.37  15   9.505   5.170   4.335
1605  301.48   54.02    0.80    0.13  2  11.845   7.611   4.234
1606  299.72   53.47    0.63    0.46  9   8.258   5.523   2.735
1607  299.26   54.65    0.06    0.27  3   8.522   7.334   1.188
1608  300.37   55.19    2.12    0.14  5  11.810   5.973   5.837
1609  299.70   55.63    0.05    0.33  2   8.850   5.859   2.991
1610  298.58   56.66    0.98    1.20  20   8.515   5.054   3.461
1611  296.81   57.99    0.03    0.00  2   7.373   5.106   2.267
1612  296.90   58.61    0.57    0.37  4   8.698   5.169   3.529
1613  296.51   59.11    0.36    0.26  3  11.068   9.359   1.709
1614  296.04   59.37    0.33    0.02  2  10.114   9.004   1.110
1615  295.59   59.91    0.43    0.30  7   9.931   8.679   1.252
1616  295.18   60.42    0.00    0.00  2   5.822   5.728   0.094
1617  294.06   58.76    0.26    0.31  10   8.114   5.386   2.728
1618  291.42   58.01    1.70    0.57  3   7.476   5.585   1.891
1619  289.92   59.26    0.91    1.43  25   8.170   5.385   2.785
1620  292.12   60.51    0.15    0.07  6   8.352   6.102   2.250
1621  290.07   60.98    0.15    0.25  7   7.886   6.864   1.022
1622  287.29   61.96    0.92    0.61  14   9.350   5.720   3.630
1623  285.82   62.20    0.98    0.40  47   9.991   5.319   4.672
1624  285.87   62.66    0.08    0.04  3   7.990   6.765   1.225
1625  284.14   62.22    0.97    0.37  29   8.704   5.406   3.298
1626  282.44   62.20    0.94    1.08  10   8.072   6.800   1.272
1627  280.00   62.00    0.00    0.00  3   7.722   6.971   0.751
1628  282.05   60.49    2.23    0.70  8   8.260   5.345   2.915
1629  280.02   59.82    0.18    0.05  8   8.012   5.445   2.567
1630  283.17   57.79    2.88    1.13  7   7.828   5.223   2.605
1632  283.57   56.63    1.62    1.00  46   8.285   5.438   2.847
1633  282.92   55.30    2.37    0.62  18   8.199   5.158   3.041
1634  282.36   54.37    9.20    6.92  115   8.556   5.158   3.398
1635  282.33   53.57    1.38    1.54  20   8.556   5.168   3.388
1636  282.52   52.05    0.84    1.42  12   8.023   5.768   2.255
1637  282.13   50.55    1.94    0.61  6   7.729   5.184   2.545
1638  277.31   50.22    2.73    0.56  13   8.464   5.275   3.189
1639  275.88   51.42    1.20    0.86  3   8.276   5.990   2.286
1640  274.80   53.73    1.49    1.45  5   7.814   5.433   2.381
1641  272.21   55.11    1.42    0.94  3   7.980   6.512   1.468
1642  266.17   56.67    3.15    1.79  33   8.402   5.632   2.770
1643  264.82   58.50    2.67    1.63  8   8.568   5.160   3.408
1644  264.50   61.75    2.50    1.18  10   7.634   5.118   2.516
1645  264.36   64.00   11.99    1.70  10   7.482   5.372   2.110
1646  277.00   62.50    0.00    0.00  1   6.375   6.375   0.000
1647  276.00   64.60    3.35    1.81  24   8.297   6.140   2.157
1648  269.77   66.17    0.00    0.00  1   6.015   6.015   0.000
1649  273.75   66.60    1.52    0.34  8   7.729   7.119   0.610
1650  277.79   67.88    0.15    0.06  3   7.472   6.765   0.707
1651  277.30   68.15    0.50    0.28  3   7.320   6.404   0.916
1652  277.28   68.32    0.26    0.06  2   6.876   5.482   1.394
1653  277.22   68.64    0.17    0.19  5   7.202   5.599   1.603
1654  277.29   69.23    1.24    0.35  5   6.349   5.820   0.529
1655  274.70   69.69    0.24    0.09  6   9.625   6.068   3.557
1656  274.77   69.37    0.36    0.33  12   9.813   5.250   4.563
1657  275.80   69.67    1.23    0.47  6   7.204   6.128   1.076
1658  275.28   68.84    0.87    0.35  7   7.478   5.341   2.137
1659  274.24   68.24    0.02    0.06  2   6.975   6.606   0.369
1660  271.58   67.82    0.00    0.00  1   9.256   9.256   0.000
1661  269.32   69.03    1.29    0.39  3  10.236   7.950   2.286
1662  268.64   68.43    2.79    0.90  7   9.531   5.171   4.360
1663  267.62   70.20    0.22    0.20  3   9.652   8.126   1.526
1664  266.03   71.29    0.81    0.27  3  10.055   9.965   0.090
1665  264.49   71.01    0.22    0.11  2   9.719   5.250   4.469
1666  264.03   70.41    0.74    0.07  3   9.455   6.472   2.983
1667  262.31   69.19    0.53    0.57  2   8.181   6.144   2.037
1668  263.70   66.13    0.00    0.00  1   6.604   6.604   0.000
1670  257.17   66.90    1.29    0.16  2   8.576   8.220   0.356
1671  254.95   68.13    0.00    0.00  1   5.061   5.061   0.000
1672  252.50   67.79    2.50    1.29  10   9.922   5.304   4.618
1673  252.75   67.34    0.66    0.17  2   8.745   8.710   0.035
1674  252.20   66.60    0.25    0.23  4   8.891   8.183   0.708
1675  250.20   67.78    0.00    0.00  1  10.932  10.932   0.000
1676  248.68   67.65    1.33    0.05  3  10.473   8.842   1.631
1677  246.61   67.66    0.34    0.03  4  11.285   8.304   2.981
1678  244.82   67.74    2.40    0.37  15  11.142   6.617   4.525
1679  244.74   68.41    0.60    0.37  15  12.922   7.827   5.095
1681  243.80   68.73    1.52    0.14  9  11.900   6.094   5.806
1682  241.41   69.14    0.18    0.07  6  12.247   9.547   2.700
1683  239.35   69.51    1.45    0.38  9  12.427  10.483   1.944
1684  236.37   69.42    1.92    0.27  7  13.411   5.831   7.580
1685  232.30   70.34    0.75    0.47  3  10.888   5.184   5.704
1686  227.23   69.33    7.44    1.82  41  22.424   5.333  17.091
1687  225.78   69.96    3.75    0.75  15  11.418   6.369   5.049
1688  220.92   69.28    3.07    0.78  14  14.045   5.262   8.783
2009  289.13   76.83    0.48    0.30  3  10.169   5.141   5.028
2010  286.87   76.72    0.11    0.00  5  10.033   7.112   2.921
3012  212.21   60.94    2.18    0.49  5  11.545   5.018   6.527
3014  213.95   59.66    0.65    0.47  2   6.849   5.100   1.749
3015  215.22   60.28    0.75    0.25  3  12.745   7.636   5.109
3016  215.54   60.23    0.04    0.06  5  17.401   5.971  11.430
3017  215.35   60.30    0.95    0.25  5  14.430   7.660   6.770
3018  216.52   60.12    0.64    0.13  5  16.533   5.521  11.012
3019  218.17   60.00    0.00    0.00  3  14.000   5.738   8.262
3020  219.40   59.81    2.92    0.53  4  12.690   7.810   4.880
3021  221.50   59.20    0.00    0.00  2   5.655   5.359   0.296
3022  222.39   58.61    0.30    0.15  9  12.812   6.921   5.891
3023  223.93   58.30    1.56    0.23  12  14.854   5.017   9.837
3024  224.84   58.12    0.51    0.31  13  14.685   5.379   9.306
3025  224.00   58.97    0.71    0.39  13  15.563   5.213  10.350
3026  224.53   59.25    0.00    0.06  3  12.418  10.871   1.547
3027  225.45   58.35    0.28    0.14  25  14.774   6.445   8.329
3028  225.40   58.31    0.77    0.35  25  14.730   9.327   5.403
3029  224.72   57.07    0.63    0.23  8  12.535   7.547   4.988
3030  227.18   56.62    2.71    1.80  27  14.434   6.538   7.896
3031  226.20   55.96    0.00    0.00  6  10.514   9.456   1.058
3032  226.60   55.92    0.99    0.87  18  10.688   5.059   5.629
3033  226.48   55.62    0.00    0.00  10  14.609   5.515   9.094
3034  226.36   55.43    0.07    0.12  5   9.124   5.066   4.058
3035  228.37   55.39    0.56    0.31  12  15.266   7.345   7.921
3036  229.13   54.45    0.18    0.07  23  14.417   5.133   9.284
3037  228.32   54.33    0.88    0.38  5  15.511  11.168   4.343
3038  229.85   54.31    1.52    0.39  19  14.968   5.006   9.962
3039  231.37   54.19    0.41    0.55  17  12.106   5.404   6.702
3040  229.09   53.54    0.80    0.98  19  17.465  10.316   7.149
3041  227.79   53.69    1.47    1.51  67  19.098   5.021  14.077
3042  228.48   52.57    5.88    1.00  123  14.667   5.798   8.869
3043  232.10   51.92    0.35    0.57  13  13.865   5.184   8.681
3044  232.27   51.14    1.22    0.20  14  13.620   7.693   5.927
3045  233.60   49.40    0.00    0.00  1  15.560  15.560   0.000
3046  234.11   49.13    0.27    0.13  15  15.451   5.181  10.270
3047  234.88   49.06    0.10    0.20  9  13.331   8.385   4.946
3049  235.01   49.91    1.20    0.60  19  14.600   6.566   8.034
3050  235.54   49.44    0.70    0.50  22  14.250   5.522   8.728
3051  237.18   49.14    1.10    0.30  25  14.640   5.065   9.575
3052  237.57   48.54    0.40    0.60  7  14.365  13.307   1.058
3053  236.82   49.63    0.14    0.17  8  12.936  11.217   1.719
3054  237.08   49.15    1.52    0.39  125  22.207   5.014  17.193
3055  236.98   49.12    0.00    0.00  1   5.090   5.090   0.000
3056  236.50   48.94    0.38    0.21  3  14.195   6.191   8.004
3057  236.55   48.52    0.40    0.40  39  14.965   5.824   9.141
3059  237.32   47.97    0.90    0.20  6  14.646   5.322   9.324
3060  236.00   46.81    0.00    0.60  7  10.094   5.098   4.996
3061  237.30   47.87    0.00    0.00  5   8.420   5.386   3.034
3065  236.08   45.28    0.10    0.50  6   9.334   5.880   3.454
3066  236.00   44.40    0.00    0.00  7  11.429   5.160   6.269
4001  304.12   51.39    1.34    0.55  29  12.702   5.817   6.885
4002  304.47   50.78    0.00    0.00  1  11.350  11.350   0.000
4003  303.12   49.79    0.11    0.14  2  13.053  11.594   1.459
4004  303.86   49.68    0.22    0.70  15  14.610  10.820   3.790
4005  304.57   49.38    1.67    0.77  20  15.797  10.425   5.372
4006  305.75   49.50    0.00    0.00  3  13.440   9.494   3.946
4007  306.40   48.83    0.52    0.70  12  14.446   5.184   9.262
4009  307.30   47.57    0.00    0.00  2  10.615   9.200   1.415
4010  310.38   45.91    4.90    2.20  8  22.391   8.312  14.079
4011  306.34   46.99    0.08    0.18  2   8.419   8.408   0.011
4012  305.93   47.36    0.24    0.84  4   8.449   5.895   2.554
4014  304.34   47.00    0.49    0.23  3   9.007   5.455   3.552
4015  304.06   47.55    0.00    0.00  1  12.582  12.582   0.000
4016  304.19   47.89    0.03    0.04  4   9.031   6.877   2.154
4017  302.17   47.62    0.31    0.00  4  10.932   6.516   4.416
4018  301.47   47.68    0.41    0.14  2  12.836   7.249   5.587
4019  300.70   47.76    0.16    0.24  5  16.749   9.655   7.094
4020  301.19   48.23    0.44    0.20  18  16.610  11.809   4.801
4021  301.23   48.57    0.77    0.30  49  30.620   5.090  25.530
4022  301.94   49.05    0.93    0.61  20  16.256  10.188   6.068
4023  302.02   49.49    0.38    0.24  16  15.902   9.065   6.837
4024  302.23   49.94    0.27    0.27  13  14.690   8.480   6.210
4025  302.71   50.57    0.53    0.65  17  14.683   5.195   9.488
4026  302.65   51.47    0.55    0.09  22  11.424   5.037   6.387
4027  299.85   50.75    2.93    1.34  8   8.052   6.427   1.625
4028  296.50   49.56    2.19    0.73  33  16.022   6.499   9.523
4029  295.77   49.84    0.39    0.22  16  16.423   6.881   9.542
4030  295.28   50.29    2.04    0.07  9  11.603   5.477   6.126
4031  293.64   50.24    1.34    0.60  35  12.176   6.235   5.941
4032  291.80   49.27    0.30    0.29  26  11.882   8.191   3.691
4033  291.12   48.83    0.00    0.00  6   9.964   8.366   1.598
4034  290.33   48.15    0.23    0.16  33  13.121   5.894   7.227
4035  288.58   48.46    1.59    0.31  19  11.686   7.836   3.850
4036  289.60   47.49    0.27    0.29  10  13.653   7.152   6.501
4037  287.34   46.50    0.78    0.31  14  13.177   9.505   3.672
4038  282.97   45.89    1.46    0.44  13  13.021  10.284   2.737
4039  284.26   45.49    1.25    0.43  48  13.437   5.341   8.096
4040  284.23   45.17    0.67    0.50  17  12.952  11.550   1.402
4041  284.18   44.62    1.00    0.33  7  14.558  11.872   2.686
4042  285.33   45.10    1.25    0.48  28  13.324   8.378   4.946
4043  285.56   45.42    1.04    0.51  24  13.110   8.495   4.615
4044  286.10   45.62    0.69    0.49  25  13.078   7.608   5.470
4045  286.87   45.40    1.39    0.47  32  12.989   8.126   4.863
4046  286.74   44.54    0.35    0.97  9  13.264  10.431   2.833
4047  287.66   45.99    1.33    0.74  20  13.451   7.747   5.704
4048  288.38   46.71    1.78    0.53  49  13.882   5.887   7.995
4049  289.11   46.90    0.12    0.29  6  12.842   6.968   5.874
4050  289.53   47.07    0.86    0.76  190  13.052   5.005   8.047
4051  290.48   47.84    0.66    0.52  37  13.489   5.821   7.668
4052  291.30   48.36    0.81    0.38  50  14.762   5.178   9.584
4053  292.23   48.75    0.91    0.39  32  15.068   5.549   9.519
4054  293.64   49.16    0.37    0.08  11  16.563   5.686  10.877
4055  294.23   49.22    0.54    0.07  47  15.691   5.656  10.035
4056  294.69   49.24    0.41    0.04  20  15.291   5.330   9.961
4057  295.67   48.93    0.22    0.15  9  15.827  11.148   4.679
4058  294.80   48.10    0.99    0.39  13  14.767  11.202   3.565
4059  293.86   48.13    0.95    0.18  13  14.881   8.293   6.588
4060  293.71   47.97    0.64    0.08  13  14.760  13.034   1.726
4061  294.68   47.44    1.32    0.84  19  14.833   5.384   9.449
4062  295.07   46.72    0.00    0.00  1  14.325  14.325   0.000
4063  295.65   45.79    1.19    0.53  15  12.435   5.205   7.230
4065  296.03   46.67    1.64    1.13  10  14.904   5.350   9.554
4066  297.02   46.19    2.86    0.92  7  10.590   5.130   5.460
4067  297.70   46.16    1.05    0.85  9  12.393   5.965   6.428
4068  298.21   47.28    0.65    0.33  12  13.588   5.085   8.503
4069  299.12   45.93    1.14    0.83  18  16.807  12.111   4.696
4070  297.56   45.69    0.33    0.03  6  16.077  12.473   3.604
4071  298.57   45.37    0.75    0.47  8  14.929  11.384   3.545
4072  301.80   44.43    0.50    0.13  5  22.484   7.131  15.353
4073  299.98   44.12    0.77    1.07  12  12.983   5.225   7.758
4074  296.51   44.64    1.62    1.16  27  16.388   5.695  10.693
4075  296.18   45.36    1.28    0.71  27  15.297   5.055  10.242
4076  294.80   44.06    1.86    0.43  2  14.574   5.789   8.785
4077  293.84   44.38    0.44    0.24  11  16.911   5.805  11.106
4078  294.81   45.49    0.00    0.00  1  15.334  15.334   0.000
4079  293.91   45.23    0.43    0.15  18  15.753   5.145  10.608
4080  293.06   45.08    0.78    0.57  11  15.644   7.181   8.463
4081  292.60   44.68    0.00    0.00  1   5.490   5.490   0.000
4082  291.98   44.43    0.00    0.00  2  11.026  10.841   0.185
4083  292.19   44.51    0.62    0.25  3  11.026   5.490   5.536
4084  291.00   44.21    0.72    0.45  5   9.271   5.714   3.557
4085  290.17   43.71    0.45    0.27  19  10.438   5.149   5.289
4086  289.43   43.30    0.01    0.03  5   5.917   5.058   0.859
4087  290.19   43.72    1.73    1.12  29  10.438   5.058   5.380
4088  289.37   42.91    0.41    0.48  22  15.736   5.632  10.104
4089  289.28   42.72    0.44    0.09  4   7.850   5.618   2.232
4090  288.92   42.37    0.03    0.05  3   6.492   5.147   1.345
4091  289.13   42.57    0.69    0.40  7   7.850   5.147   2.703
4092  289.71   41.69    0.30    0.23  4   6.281   5.261   1.020
4093  289.07   41.36    0.27    0.18  8  10.534   5.354   5.180
4094  289.29   41.47    0.92    0.52  12  10.534   5.261   5.273
4095  292.11   41.66    1.47    0.93  4  12.990  10.518   2.472
4096  288.54   41.46    0.00    0.00  3  10.657   7.084   3.573
4097  288.85   40.50    0.55    0.66  2  12.729  10.110   2.619
4098  287.66   41.23    0.04    0.10  3   7.912   5.114   2.798
4099  287.50   41.27    0.02    0.02  8   7.021   5.450   1.571
4100  287.19   41.32    0.13    0.04  2   7.660   6.773   0.887
4101  287.49   41.27    0.57    0.18  13   7.912   5.114   2.798
4102  286.04   41.61    0.00    0.00  2   5.031   5.010   0.021
4103  286.06   41.41    0.00    0.00  2   6.882   5.273   1.609
4104  286.06   41.30    0.00    0.00  2   5.223   5.063   0.160
4106  286.10   41.02    0.00    0.00  5   7.728   5.280   2.448
4107  285.99   40.73    0.01    0.04  10  10.863   5.812   5.051
4108  286.04   41.05    0.11    0.89  26  10.863   5.010   5.853
4109  287.61   41.11    0.41    0.17  2   8.347   7.465   0.882
4110  286.55   40.80    1.39    0.15  7   8.997   6.379   2.618
4111  286.62   40.62    0.00    0.00  1   5.881   5.881   0.000
4112  286.77   40.85    1.64    0.58  10   8.997   5.881   3.116
4113  289.49   40.12    0.05    0.05  2  17.615  15.918   1.697
4114  285.72   40.42    0.03    0.04  5   8.625   5.530   3.095
4115  285.76   39.54    0.31    0.39  11   9.872   5.204   4.668
4117  285.73   39.80    0.31    1.03  15   9.140   5.204   3.936
4118  284.93   38.72    0.09    0.14  8   8.284   5.074   3.210
4119  284.55   39.28    0.07    0.07  2   7.714   5.095   2.619
4120  284.64   39.01    0.08    0.13  3   8.653   5.998   2.655
4121  284.60   39.12    0.17    0.40  5   8.653   5.095   3.558
4122  283.90   39.00    0.00    0.00  1   5.160   5.160   0.000
4123  283.68   38.56    0.34    0.97  26  10.523   5.160   5.363
4125  284.36   37.63    0.11    0.17  6   5.926   5.006   0.920
4126  284.36   37.63    0.11    0.17  6   5.926   5.006   0.920
4127  284.24   36.06    0.74    0.28  11  11.419   5.008   6.411
4128  284.48   35.52    0.25    0.29  5   9.572   5.914   3.658
4129  284.22   35.85    0.80    0.69  21  11.419   5.008   6.411
5142  289.70   52.82    0.00    0.00  2   6.277   6.016   0.261
5144  289.25   53.51    0.00    0.00  1   8.826   8.826   0.000
