KEY  LON  LAT  LON_lim  LAT_lim  num_datapoint  oldest_age  youngest_age length_age
1459  294.95   63.67    0.10    0.24  4  10.257   6.268   3.989
1460  295.49   63.10    0.48    0.56  2  10.726   0.623  10.103
1461  291.63   63.63    1.33    0.41  31   9.875   0.522   9.353
1462  291.80   63.24    0.38    0.05  10  10.025   8.303   1.722
1463  293.06   63.08    0.10    0.07  3  10.360   9.719   0.641
1464  293.52   63.06    0.02    0.02  4  10.436   8.904   1.532
1465  293.47   62.90    0.00    0.00  2  10.684  10.268   0.416
1466  294.43   62.90    0.95    0.40  19  12.607   1.433  11.174
1467  282.25   63.95    0.00    0.00  1   7.931   7.931   0.000
1468  295.28   62.46    0.41    0.10  7  13.119  11.305   1.814
1469  292.97   62.67    0.11    0.00  2  10.045  10.043   0.002
1470  293.66   62.36    0.58    0.40  28  11.031   4.722   6.309
1471  293.89   62.08    0.10    0.15  13  10.355   9.042   1.313
1472  295.00   61.78    0.00    0.00  2  10.201  10.038   0.163
1473  292.63   62.13    0.02    0.01  4  10.563   8.548   2.015
1474  292.21   62.22    0.13    0.01  2   8.847   8.035   0.812
1475  291.53   62.27    0.36    0.06  3   9.195   8.297   0.898
1476  290.35   62.70    0.58    0.35  37   8.749   0.589   8.160
1477  289.55   62.62    0.40    0.12  8   8.871   6.981   1.890
1478  288.65   63.08    0.00    0.00  1   8.381   8.381   0.000
1480  282.96   63.52    0.51    0.16  3   8.569   3.362   5.207
1481  282.01   63.32    0.25    0.31  6   8.019   6.426   1.593
1601  303.21   51.55    0.47    0.28  48  13.250   0.619  12.631
1602  304.22   52.70    0.34    0.50  6   5.820   0.981   4.839
1603  303.04   53.72    1.33    0.90  14  11.214   0.965  10.249
1604  302.51   54.44    0.98    0.41  51   9.505   0.383   9.122
1605  301.59   54.19    1.17    0.35  8  11.845   0.679  11.166
1606  299.75   53.48    0.63    0.46  13   8.258   0.814   7.444
1607  299.83   54.76    0.95    0.28  8   8.522   0.787   7.735
1608  300.60   55.21    2.12    0.14  11  11.810   3.505   8.305
1609  299.46   55.75    0.80    0.45  8   8.850   0.465   8.385
1610  298.54   56.75    1.98    1.20  54   8.515   0.600   7.915
1611  297.00   58.07    0.58    0.23  3   7.373   4.722   2.651
1612  297.02   58.55    0.57    0.37  15   8.698   1.120   7.578
1613  296.37   59.06    0.41    0.26  9  11.068   0.130  10.938
1614  296.18   59.34    0.39    0.06  5  10.114   1.252   8.862
1615  295.59   59.91    0.43    0.30  7   9.931   8.679   1.252
1616  295.18   60.42    0.00    0.00  2   5.822   5.728   0.094
1617  294.00   58.74    0.69    0.32  18   8.114   0.308   7.806
1618  291.64   58.05    1.70    0.57  5   7.476   2.394   5.082
1619  290.03   59.37    0.91    1.43  37   8.170   0.351   7.819
1620  292.06   60.50    0.47    0.12  7   8.352   0.978   7.374
1621  290.13   60.88    0.43    0.32  79   7.886   0.259   7.627
1622  287.25   61.98    0.92    0.62  21   9.350   1.186   8.164
1623  285.77   62.19    1.05    0.40  59   9.991   0.376   9.615
1624  285.77   62.66    0.28    0.04  6   7.990   1.814   6.176
1625  284.18   62.21    1.04    0.37  39   8.704   1.508   7.196
1626  282.26   62.19    1.05    1.09  17   8.072   2.368   5.704
1627  280.00   62.00    0.00    0.00  3   7.722   6.971   0.751
1628  282.23   60.41    2.23    0.73  20   8.260   0.307   7.953
1629  280.02   59.83    0.18    0.05  11   8.012   0.836   7.176
1630  282.91   57.82    2.88    1.13  14   7.828   1.025   6.803
1631  280.79   56.66    0.01    0.00  4   3.077   2.330   0.747
1632  283.55   56.57    1.65    1.00  60   8.285   0.558   7.727
1633  282.58   55.45    2.38    0.70  87   8.199   0.087   8.112
1634  282.38   54.73    9.20    6.92  211   8.556   0.087   8.469
1635  282.15   53.63    1.93    1.54  25   8.556   0.328   8.228
1636  282.26   51.99    2.17    1.42  15   8.023   0.117   7.906
1637  281.64   50.60    1.99    0.61  9   7.729   4.227   3.502
1638  277.46   50.27    2.75    0.57  15   8.464   4.631   3.833
1639  276.34   51.47    2.25    0.86  4   8.276   4.411   3.865
1640  276.25   54.32    4.05    1.88  10   7.814   1.112   6.702
1641  272.42   55.24    1.42    1.17  4   7.980   3.212   4.768
1642  266.34   56.71    3.55    1.79  38   8.402   0.637   7.765
1643  265.58   58.71    3.55    2.08  25   8.568   0.130   8.438
1644  265.04   61.37    2.50    1.62  33   7.634   0.654   6.980
1645  267.49   63.16    5.59    0.95  11   7.239   0.457   6.782
1646  277.00   62.50    0.00    0.00  1   6.375   6.375   0.000
1647  274.68   63.55    0.65    0.00  2   7.582   2.234   5.348
3012  211.57   60.96    3.08    0.49  9  11.545   1.966   9.579
3013  212.34   60.22    0.91    1.06  8   4.046   0.273   3.773
3014  213.79   59.53    0.65    0.47  5   6.849   0.638   6.211
3015  214.76   60.38    1.34    0.28  35  12.745   0.349  12.396
3016  215.48   60.21    0.55    0.07  39  17.401   0.115  17.286
3017  215.37   60.29    0.95    0.25  6  14.430   4.148  10.282
3018  216.34   60.06    1.10    0.20  23  16.533   0.134  16.399
3019  218.20   60.00    0.27    0.02  8  14.000   0.977  13.023
3020  220.01   59.69    2.92    0.68  9  12.690   0.804  11.886
3021  221.32   59.16    0.48    0.38  4   5.655   2.239   3.416
3022  222.42   58.58    0.47    0.27  13  12.812   0.938  11.874
3023  223.91   58.38    1.72    0.46  47  14.854   0.172  14.682
3024  224.82   58.15    0.51    0.31  18  14.685   0.795  13.890
3025  224.04   58.97    0.82    0.62  23  15.563   1.615  13.948
3026  224.57   59.30    0.15    0.22  4  12.418   2.538   9.880
3027  225.46   58.35    0.28    0.14  27  14.774   3.802  10.972
3028  225.40   58.31    0.77    0.35  25  14.730   9.327   5.403
3029  224.77   57.08    0.70    0.23  9  12.535   1.766  10.769
3030  227.18   56.62    2.71    1.80  27  14.434   6.538   7.896
3031  226.21   55.93    0.13    0.08  17  10.514   1.201   9.313
3032  226.84   55.94    1.17    0.87  34  10.688   0.116  10.572
3033  226.48   55.62    0.00    0.00  12  14.609   2.761  11.848
3034  226.33   55.40    0.20    0.12  12   9.124   3.691   5.433
3035  228.37   55.39    0.56    0.31  12  15.266   7.345   7.921
3036  229.14   54.46    0.18    0.12  38  14.417   0.601  13.816
3037  228.32   54.33    0.88    0.38  5  15.511  11.168   4.343
3038  229.68   54.30    1.71    0.39  69  14.968   0.141  14.827
3039  231.37   54.19    0.41    0.55  17  12.106   5.404   6.702
3040  229.09   53.56    0.80    0.98  20  17.465   3.270  14.195
3041  227.82   53.77    1.47    1.51  121  19.098   0.141  18.957
3042  228.48   52.60    5.88    1.10  135  14.667   0.385  14.282
3043  232.02   51.98    1.37    0.83  48  13.865   0.118  13.747
3044  232.35   51.12    1.22    0.20  17  13.620   1.485  12.135
3045  233.32   49.72    0.90    0.40  17  15.560   0.150  15.410
3046  234.10   49.13    0.27    0.13  21  15.451   0.273  15.178
3047  235.03   49.03    0.90    0.20  11  13.331   3.212  10.119
3048  235.17   49.25    0.00    0.00  12   4.535   0.240   4.295
3049  234.99   49.89    1.30    0.60  24  14.600   1.617  12.983
3050  235.68   49.37    1.30    0.50  38  14.250   0.450  13.800
3051  237.10   49.12    1.10    0.30  49  14.640   0.261  14.379
3052  237.48   48.50    0.90    0.60  15  14.365   0.311  14.054
3053  236.82   49.63    0.14    0.17  8  12.936  11.217   1.719
3054  237.05   49.14    1.52    0.39  298  22.207   0.092  22.115
3055  236.93   49.08    0.18    0.16  14   5.090   0.310   4.780
3056  236.59   48.88    0.48    0.32  35  14.195   0.128  14.067
3057  236.56   48.58    0.80    0.50  60  14.965   0.258  14.707
3058  235.49   48.26    1.00    0.20  17   2.408   0.414   1.994
3059  237.34   47.90    0.90    1.00  43  14.646   0.142  14.504
3060  236.10   46.63    0.40    0.80  131  10.094   0.131   9.963
3061  237.27   47.86    0.15    0.09  15   8.420   0.666   7.754
3062  235.48   48.28    0.36    0.20  6   2.866   0.715   2.151
3063  235.88   47.09    0.15    0.10  12   1.800   0.230   1.570
3064  236.17   46.58    0.44    0.82  96   4.290   0.040   4.250
3065  236.08   45.42    0.10    1.10  123   9.334   0.134   9.200
3066  236.00   44.23    0.00    0.60  62  11.429   0.145  11.284
3068  235.80   41.70    0.00    0.00  5   2.705   0.145   2.560
4001  304.24   51.49    1.36    0.56  73  12.702   0.241  12.461
4002  304.47   50.78    0.00    0.00  1  11.350  11.350   0.000
4003  303.19   49.80    0.15    0.14  6  13.053   0.894  12.159
4004  303.86   49.68    0.22    0.70  15  14.610  10.820   3.790
4005  304.57   49.38    1.67    0.77  20  15.797  10.425   5.372
4006  306.14   49.40    0.57    0.17  17  13.440   0.178  13.262
4007  306.34   48.86    0.57    0.70  25  14.446   0.414  14.032
4008  306.04   48.03    0.00    0.00  1   3.920   3.920   0.000
4009  307.06   47.67    0.47    0.21  4  10.615   2.756   7.859
4010  310.58   46.00    4.90    2.20  9  22.391   0.000  22.391
4011  306.50   46.88    0.42    0.34  5   8.419   0.695   7.724
4012  305.99   47.30    0.24    0.84  18   8.449   0.080   8.369
4013  305.08   47.53    0.00    0.00  2   2.344   1.130   1.214
4014  304.44   46.95    0.61    0.69  8   9.007   0.667   8.340
4015  304.20   47.51    0.32    0.09  3  12.582   0.677  11.905
4016  304.19   47.89    0.03    0.04  4   9.031   6.877   2.154
4017  302.17   47.62    0.31    0.00  4  10.932   6.516   4.416
4018  301.47   47.68    0.41    0.14  2  12.836   7.249   5.587
4019  300.71   47.70    0.16    0.24  11  16.749   1.121  15.628
4020  301.19   48.23    0.44    0.20  18  16.610  11.809   4.801
4021  301.26   48.56    0.77    0.30  67  30.620   0.399  30.221
4022  301.94   49.05    0.93    0.61  20  16.256  10.188   6.068
4023  302.02   49.49    0.38    0.24  16  15.902   9.065   6.837
4024  302.21   49.92    0.27    0.27  20  14.690   0.124  14.566
4025  302.65   50.68    1.01    0.65  53  14.683   0.601  14.082
4026  302.66   51.44    0.79    0.18  47  11.424   0.481  10.943
4027  300.06   50.79    2.96    1.34  10   8.052   0.614   7.438
4028  296.52   49.57    2.19    0.73  34  16.022   1.015  15.007
4029  295.76   49.83    0.39    0.22  20  16.423   0.307  16.116
4030  295.40   50.28    2.39    0.25  22  11.603   0.801  10.802
4031  293.64   50.24    1.34    0.60  35  12.176   6.235   5.941
4032  291.80   49.27    0.30    0.29  26  11.882   8.191   3.691
4033  291.12   48.83    0.00    0.00  6   9.964   8.366   1.598
4034  290.30   48.12    0.23    0.16  78  13.121   0.639  12.482
4035  288.58   48.46    1.59    0.31  19  11.686   7.836   3.850
4036  289.61   47.49    0.27    0.29  11  13.653   0.537  13.116
4037  287.34   46.50    0.78    0.31  14  13.177   9.505   3.672
4038  282.97   45.89    1.46    0.44  13  13.021  10.284   2.737
4039  284.26   45.49    1.25    0.43  48  13.437   5.341   8.096
4040  284.23   45.17    0.67    0.50  17  12.952  11.550   1.402
4041  284.18   44.62    1.00    0.33  7  14.558  11.872   2.686
4042  285.33   45.10    1.25    0.48  28  13.324   8.378   4.946
4043  285.56   45.42    1.04    0.51  24  13.110   8.495   4.615
4044  286.10   45.62    0.69    0.49  25  13.078   7.608   5.470
4045  286.87   45.40    1.39    0.47  32  12.989   8.126   4.863
4046  286.74   44.54    0.35    0.97  9  13.264  10.431   2.833
4047  287.66   45.99    1.33    0.74  20  13.451   7.747   5.704
4048  288.38   46.71    1.78    0.53  49  13.882   5.887   7.995
4049  289.19   46.95    0.41    0.79  15  12.842   0.730  12.112
4050  289.55   47.08    0.86    0.76  235  13.052   0.101  12.951
4051  290.48   47.86    0.68    0.60  64  13.489   0.123  13.366
4052  291.28   48.36    0.81    0.38  60  14.762   1.156  13.606
4053  292.29   48.78    0.91    0.39  51  15.068   0.506  14.562
4054  293.67   49.17    0.37    0.08  20  16.563   1.397  15.166
4055  294.23   49.22    0.54    0.07  52  15.691   0.673  15.018
4056  294.70   49.24    0.41    0.04  27  15.291   2.547  12.744
4057  295.67   48.93    0.22    0.15  9  15.827  11.148   4.679
4058  294.80   48.10    0.99    0.39  13  14.767  11.202   3.565
4059  293.86   48.13    0.95    0.18  13  14.881   8.293   6.588
4060  293.71   47.97    0.64    0.08  13  14.760  13.034   1.726
4061  294.74   47.43    1.32    0.84  26  14.833   0.292  14.541
4062  295.07   46.72    0.00    0.00  1  14.325  14.325   0.000
4063  295.69   45.84    1.21    0.53  51  12.435   0.616  11.819
4064  295.72   45.78    0.00    0.00  46   3.440   0.372   3.068
4065  296.07   46.56    1.64    1.13  19  14.904   1.495  13.409
4066  296.78   46.12    2.86    0.92  10  10.590   3.000   7.590
4067  297.63   46.20    1.16    0.88  18  12.393   0.823  11.570
4068  298.16   47.30    0.65    0.33  22  13.588   0.387  13.201
4069  299.18   45.98    1.14    0.83  22  16.807   0.830  15.977
4070  297.50   45.70    1.80    0.16  8  16.077   1.424  14.653
4071  298.57   45.37    0.75    0.47  8  14.929  11.384   3.545
4072  301.89   44.48    0.52    0.33  13  22.484   0.853  21.631
4073  299.97   44.18    0.77    1.07  17  12.983   0.065  12.918
4074  296.55   44.64    1.62    1.16  61  16.388   0.005  16.383
4075  296.05   45.28    1.31    1.27  46  15.297   0.600  14.697
4076  294.46   43.92    1.90    0.62  10  14.574   0.600  13.974
4077  294.06   44.33    0.89    1.34  20  16.911   0.715  16.196
4078  294.81   45.49    0.00    0.00  1  15.334  15.334   0.000
4079  293.82   45.20    0.43    0.20  27  15.753   0.139  15.614
4080  293.03   45.08    0.78    0.60  21  15.644   0.384  15.260
4081  292.46   44.65    0.37    0.08  32   5.490   0.154   5.336
4082  291.99   44.43    0.01    0.00  17  11.026   0.586  10.440
4083  292.30   44.57    0.64    0.25  49  11.026   0.154  10.872
4084  291.07   44.19    0.75    0.45  8   9.271   2.136   7.135
4085  290.16   43.72    0.45    0.27  37  10.438   0.143  10.295
4086  289.43   43.30    0.04    0.05  41   5.917   0.246   5.671
4087  289.90   43.56    1.76    1.12  86  10.438   0.143  10.295
4088  289.36   42.90    0.41    0.48  31  15.736   0.724  15.012
4089  289.21   42.73    0.44    0.11  26   7.850   0.137   7.713
4090  288.96   42.36    0.12    0.23  17   6.492   0.234   6.258
4091  289.11   42.59    0.69    0.48  43   7.850   0.137   7.713
4092  289.67   41.69    0.66    0.29  31   6.281   0.238   6.043
4093  289.11   41.36    0.28    0.24  12  10.534   0.853   9.681
4094  289.51   41.60    1.03    0.60  43  10.534   0.238  10.296
4095  292.11   41.66    1.47    0.93  4  12.990  10.518   2.472
4096  288.54   41.46    0.01    0.01  5  10.657   0.587  10.070
4097  288.85   40.50    0.55    0.66  2  12.729  10.110   2.619
4098  287.99   41.31    0.49    0.21  13   7.912   0.128   7.784
4099  287.46   41.27    0.20    0.02  71   7.021   0.134   6.887
4100  287.11   41.25    0.25    0.14  12   7.660   0.820   6.840
4101  287.49   41.27    1.14    0.21  96   7.912   0.128   7.784
4102  286.04   41.61    0.00    0.00  5   5.031   2.342   2.689
4103  286.06   41.41    0.00    0.01  11   6.882   1.352   5.530
4104  286.06   41.30    0.00    0.01  9   5.223   2.579   2.644
4105  286.04   41.23    0.00    0.00  9   3.961   0.744   3.217
4106  286.10   41.04    0.02    0.11  22   7.728   1.313   6.415
4107  285.99   40.73    0.01    0.04  10  10.863   5.812   5.051
4108  286.06   41.17    0.13    0.89  76  10.863   0.744  10.119
4109  287.65   41.08    0.41    0.17  4   8.347   0.801   7.546
4110  286.59   40.88    1.39    0.20  17   8.997   0.321   8.676
4111  286.36   40.59    0.80    0.19  4   5.881   0.259   5.622
4112  286.72   40.86    1.99    0.73  25   8.997   0.259   8.738
4113  289.49   40.12    0.05    0.05  2  17.615  15.918   1.697
4114  285.74   40.42    0.14    0.05  11   8.625   0.697   7.928
4115  285.67   39.50    0.33    0.39  31   9.872   0.213   9.659
4116  285.34   39.22    0.15    0.12  19   4.454   0.133   4.321
4117  285.57   39.55    0.64    1.27  60   9.140   0.133   9.007
4118  284.89   38.74    0.18    0.16  60   8.284   0.137   8.147
4119  284.53   39.27    0.18    0.19  15   7.714   0.891   6.823
4120  284.64   39.05    0.23    0.29  23   8.653   0.230   8.423
4121  284.60   39.14    0.37    0.54  38   8.653   0.230   8.423
4122  283.90   38.66    0.00    0.60  7   5.160   1.103   4.057
4123  283.65   38.56    0.34    0.97  106  10.523   0.026  10.497
4124  284.14   37.28    0.18    0.28  10   2.234   0.113   2.121
4125  284.39   37.66    0.15    0.23  18   5.926   0.199   5.727
4126  284.30   37.53    0.42    0.66  28   5.926   0.113   5.813
4127  284.28   35.94    0.74    0.30  45  11.419   0.150  11.269
4128  284.48   35.42    0.37    0.59  15   9.572   0.143   9.429
4129  284.28   35.80    0.88    0.99  69  11.419   0.143  11.276
5142  289.70   52.74    0.00    0.30  4   6.277   3.803   2.474
5144  289.25   53.51    0.00    0.00  2   8.826   4.482   4.344
