187.00    63.00
196.50    67.17
205.92    56.58
207.25    59.78
224.25    58.23
225.38    58.38
263.75    78.33
265.23    77.77
270.75    80.27
269.28    80.70
268.90    79.35
268.62    79.33
269.12    78.56
269.88    79.27
268.53    79.18
268.50    78.23
272.10    79.00
271.26    78.35
295.96    67.55
293.23    68.43
292.07    66.63
292.62    68.20
291.38    68.78
290.65    68.70
291.56    68.53
291.60    68.63
295.65    66.36
295.00    67.38
294.38    67.79
293.58    68.08
294.25    67.92
294.27    66.14
291.43    68.96
294.83    67.62
290.88    68.95
293.73    66.56
270.48    72.77
270.13    72.05
274.92    73.05
275.78    73.22
274.88    73.63
274.34    72.65
275.68    71.51
273.70    72.41
275.64    73.11
273.78    71.78
273.52    72.21
273.00    72.75
277.02    73.65
272.98    73.72
274.55    73.82
271.53    71.30
272.52    71.20
271.10    70.88
271.90    70.88
270.88    71.43
274.70    70.75
273.55    70.92
273.58    71.17
273.20    70.33
274.73    70.13
273.88    70.12
279.70    72.75
279.49    72.46
278.67    72.08
282.28    71.75
279.15    71.87
280.50    71.95
278.83    72.35
280.12    73.17
291.41    62.30
289.50    62.60
292.15    62.20
288.65    63.08
290.21    62.97
293.12    63.03
293.30    64.78
295.00    61.77
283.77    64.27
294.22    63.02
293.47    62.90
294.93    63.73
293.52    63.07
291.63    63.36
292.05    63.22
295.58    62.43
293.86    62.09
282.08    63.43
292.65    62.12
282.77    63.58
293.52    62.36
286.09    69.37
262.13    75.95
261.02    74.98
257.25    75.55
257.45    76.08
266.25    71.19
270.02    68.97
263.98    70.42
264.60    70.96
237.50    49.10
231.90    52.15
230.02    54.21
231.41    54.06
232.83    50.62
232.22    50.20
234.85    48.82
235.40    49.38
235.73    49.28
236.64    48.41
234.00    49.18
234.56    49.48
235.17    49.25
227.43    54.05
228.75    53.95
265.05    74.73
264.23    74.59
264.48    76.58
265.77    76.86
264.62    77.01
265.08    76.38
266.10    76.33
266.45    76.77
267.59    76.54
265.65    75.78
267.99    75.19
267.97    74.97
267.76    75.39
267.63    76.07
268.44    75.62
268.23    75.13
268.79    75.76
276.47    74.59
271.58    74.84
274.42    74.69
269.42    74.90
268.70    74.66
273.20    74.62
276.14    75.77
274.65    75.56
272.40    75.43
269.93    75.79
270.01    75.54
260.10    77.93
278.38    76.49
272.37    76.39
274.80    76.53
275.02    77.61
274.62    77.29
274.20    78.38
274.53    78.10
277.83    78.12
274.64    79.96
277.25    78.67
273.77    78.88
273.28    78.65
282.75    80.92
278.50    79.75
277.38    80.20
278.28    79.95
280.50    80.60
279.42    80.72
278.50    80.40
280.52    80.95
274.77    81.08
270.30    81.32
270.07    81.03
297.25    82.45
292.43    82.63
295.25    82.70
284.20    82.65
284.35    83.00
285.97    82.95
286.05    82.82
274.58    82.33
273.17    81.88
275.33    81.97
296.67    81.88
289.63    81.18
293.05    81.37
290.88    81.52
294.67    81.67
294.25    81.25
292.10    80.92
292.08    80.78
293.28    81.05
283.47    79.08
283.70    78.87
284.77    79.25
281.20    79.07
285.25    78.60
289.87    80.22
282.20    76.79
287.37    79.82
285.02    79.50
288.82    80.17
282.08    79.22
289.65    80.42
288.50    79.90
277.98    77.32
278.17    77.83
290.00    58.75
291.83    60.57
290.02    61.01
294.02    58.88
285.73    62.12
282.62    62.55
282.12    62.14
285.90    62.67
287.40    62.02
280.00    59.83
275.23    64.70
283.23    60.05
283.75    57.60
283.50    56.27
282.75    55.67
282.50    53.58
282.70    52.77
277.50    50.08
275.47    51.93
273.95    53.53
271.73    54.48
266.80    58.75
265.80    56.43
265.20    62.82
264.32    62.17
295.73    59.78
295.43    60.08
296.21    59.36
298.61    56.67
299.85    53.52
302.19    54.67
299.22    54.55
300.83    55.08
302.87    53.84
303.02    51.49
249.42    67.87
252.98    68.66
252.92    66.32
236.87    69.58
239.73    69.40
243.07    68.78
244.53    68.24
241.32    69.14
244.58    67.73
246.36    67.66
256.53    66.82
254.42    75.88
246.58    74.85
252.22    75.95
251.75    75.51
242.42    75.31
277.15    68.36
277.22    68.03
274.64    69.51
274.70    69.66
277.83    67.86
275.36    68.88
277.14    68.61
276.94    69.27
275.77    69.77
273.30    66.73
274.25    68.21
294.43    47.67
293.52    48.01
295.72    45.78
293.89    45.23
293.42    45.12
292.26    44.61
290.76    44.12
290.68    44.98
290.17    43.74
290.40    44.65
289.15    42.93
289.96    41.71
290.02    42.63
287.38    40.91
304.38    51.37
302.57    50.31
302.25    49.45
301.89    49.48
301.58    49.11
301.48    48.44
301.20    48.26
300.74    47.63
303.89    49.42
303.18    49.86
304.44    49.06
306.12    49.43
306.13    49.03
305.83    47.87
304.38    47.46
304.20    47.86
302.05    47.62
301.67    47.75
296.65    44.67
300.10    43.99
299.47    46.22
296.45    45.83
295.29    45.36
294.05    44.49
295.77    46.87
257.53    72.93
258.03    72.83
259.10    73.46
260.53    73.07
260.50    73.65
260.71    73.93
261.77    73.92
261.72    73.75
262.46    73.82
263.42    73.58
262.97    72.97
261.72    72.67
262.17    72.17
262.65    71.59
263.45    72.09
262.60    74.56
246.08    77.73
296.15    49.64
295.63    49.92
294.88    50.29
291.81    49.22
288.17    48.43
293.80    50.30
290.28    48.10
295.50    48.07
294.13    48.17
294.96    49.22
295.58    48.99
294.05    49.22
293.51    49.12
292.44    48.84
291.15    48.30
289.52    47.02
290.44    47.84
287.83    46.17
286.48    44.61
285.85    45.02
288.70    46.85
287.58    46.57
284.05    45.73
283.50    45.61
285.93    45.01
264.68    73.89
266.67    73.98
269.38    73.93
266.40    72.85
266.30    72.45
265.65    72.78
245.50    73.30
242.07    70.81
241.87    71.13
243.63    70.65
245.48    70.69
247.40    70.65
247.47    70.15
243.42    70.16
244.27    70.22
242.72    70.03
243.45    69.67
244.53    69.34
247.55    69.07
246.57    68.72
250.17    70.10
251.10    69.10
255.10    69.88
252.12    72.62
249.92    72.37
237.73    48.83
235.37    48.37
