265.27    62.48
265.73    58.58
276.44    53.47
281.83    53.12
283.07    56.06
281.40    58.91
281.96    62.18
285.10    62.19
287.22    61.97
290.27    59.53
291.04    58.43
296.23    59.21
299.01    56.61
299.65    53.80
302.36    54.15
303.34    51.04
302.12    49.79
301.33    48.39
306.28    47.31
305.11    49.42
296.03    49.79
291.63    48.46
290.70    48.44
289.00    46.88
294.39    47.82
298.27    47.44
297.12    46.12
299.23    46.11
295.77    45.72
296.74    44.70
299.99    43.95
294.15    43.82
294.14    44.55
293.38    45.10
