  1    109.16716318      1.67842266      0.38934281      0.42503450
  1    ************     -1.00000000      0.00000000      0.00000000
  1    214.57042036      0.81285159     -0.08483443     -0.18202960
  2    114.25636118      2.59276591      1.59475959      1.82211428
  2    104.28813866     -0.96477113     -0.65796542     -0.68617989
  2     69.90771010      0.41516330      0.43849397      0.30654109
  3     99.85752458      3.99650013      2.93915037      2.93496280
  3     99.36717991     -0.99463949     -0.79789742     -0.79284817
  3     93.51207928      0.15675887      0.22714348      0.21240659
  4    100.56431228      5.14495010      4.08537517      4.10842945
  4    100.33457717     -0.99524470     -0.86126312     -0.86414471
  4    101.63802780      0.10019149      0.15922604      0.16183421
  5    100.69885954      6.29275149      5.20045405      5.23679792
  5    100.30716176     -0.99519872     -0.89034457     -0.89307937
  5    107.95540596      0.06248603      0.10887350      0.11753483
  6    100.76743866      7.44065338      6.29075579      6.33903348
  6    100.29259229     -0.99504977     -0.90462274     -0.90726960
  6     94.88605879      0.03246750      0.07119904      0.06755797
  7    100.03625399      8.58406188      7.36540426      7.36807451
  7    100.44747835     -0.99483410     -0.91268114     -0.91676519
  7    ************      0.00202003      0.03633101     -0.04719461
  8    101.31399794      9.73604528      8.44557610      8.55655080
  8    100.50906291     -0.99438372     -0.91773539     -0.92240724
  8    162.38546715     -0.01075340      0.02082655      0.03381930
  9    101.58054852     10.88464043      9.52309478      9.67361191
  9    100.66008646     -0.99384607     -0.92129808     -0.92737944
  9    ************     -0.02971346      0.00002197      0.00057151
 10    102.79048552     12.03950270     10.60914584     10.90519252
 10    100.70269350     -0.99308352     -0.92382308     -0.93031473
 10    ************     -0.04303947     -0.01464193      0.03827941
 11    100.66301549     13.04263236     11.54624280     11.62279618
 11    100.30946469     -0.98781176     -0.92131155     -0.92416268
 11    106.46967555     -0.05794775     -0.03056666     -0.03254422
 12    100.57420538     14.16514185     12.60561264     12.67799475
 12    100.28781796     -0.98622286     -0.92211193     -0.92476593
 12    103.15684474     -0.07214814     -0.04556235     -0.04700068
 13    100.50855054     15.27787975     13.65804980     13.72750788
 13    100.25987247     -0.98418153     -0.92218537     -0.92458187
 13    102.01217114     -0.08552832     -0.05957941     -0.06077825
 14    100.45505618     16.37843226     14.70107311     14.76797125
 14    100.23594095     -0.98163087     -0.92153956     -0.92371385
 14    101.41102819     -0.09822201     -0.07279449     -0.07382165
 15    100.41060149     17.46405327     15.73185568     15.79645092
 15    100.21489124     -0.97851008     -0.92015946     -0.92213680
 15    101.05138573     -0.11031762     -0.08532771     -0.08622484
 16    100.37897850     18.53166787     16.74724405     16.81071250
 16    100.20171321     -0.97475593     -0.91801519     -0.91986695
 16    100.83763501     -0.12187190     -0.09725968     -0.09807437
 17    100.35738485     19.57788425     17.74376980     17.80718334
 17    100.19465109     -0.97030418     -0.91506726     -0.91684844
 17    100.70554239     -0.13291874     -0.10864236     -0.10940888
 18    100.34426533     20.59901509     18.71766813     18.78210658
 18    100.19287822     -0.96509094     -0.91127027     -0.91302791
 18    100.62385253     -0.14347515     -0.11950629     -0.12025184
 19    100.33737493     21.59110966     19.66490799     19.73125246
 19    100.19471058     -0.95905412     -0.90657609     -0.90834129
 19    100.57301155     -0.15354541     -0.12986580     -0.13060995
 20    100.33501192     22.54999700     20.58123421     20.65018379
 20    100.19888938     -0.95213490     -0.90093645     -0.90272832
 20    100.54185151     -0.16312421     -0.13972285     -0.14047994
 21    100.33591821     23.47134058     21.46222193     21.53431744
 21    100.20451599     -0.94427931     -0.89430538     -0.89613438
 21    100.52380285     -0.17219907     -0.14907009     -0.14985092
 22    100.33919003     24.35070405     22.30334277     22.37899348
 22    100.21097976     -0.93543969     -0.88664135     -0.88851198
 22    100.51455994     -0.18075228     -0.15789334     -0.15870579
 23    100.34435011     25.18362717     23.10004151     23.17958653
 23    100.21804759     -0.92557629     -0.87790931     -0.87982357
 23    100.51217995     -0.18876263     -0.16617368     -0.16702478
 24    100.35100562     25.96571051     23.84782179     23.93152898
 24    100.22553022     -0.91465865     -0.86808246     -0.87004025
 24    100.51479525     -0.19620692     -0.17388926     -0.17478444
 25    100.35897442     26.69270670     24.54233838     24.63043910
 25    100.23342034     -0.90266698     -0.85714389     -0.85914463
 25    100.52146620     -0.20306132     -0.18101697     -0.18196091
 26    100.36806340     27.36061544     25.17949328     25.27216978
 26    100.24164457     -0.88959323     -0.84508784     -0.84712994
 26    100.53131124     -0.20930268     -0.18753383     -0.18853022
 27    100.37821346     27.96577910     25.75553217     25.85294306
 27    100.25025470     -0.87544200     -0.83192080     -0.83400272
 27    100.54389384     -0.21490962     -0.19341834     -0.19447033
 28    100.38107735     28.50497522     26.26713781     26.36723592
 28    100.25101597     -0.86023117     -0.81766219     -0.81971466
 28    100.54619832     -0.21986366     -0.19865165     -0.19973668
 29    100.39143395     28.97550192     26.71151608     26.81607402
 29    100.25877545     -0.84399205     -0.80234470     -0.80442097
 29    100.56097648     -0.22415008     -0.20321855     -0.20435856
 30    100.40241453     29.37525285     27.08647155     27.19547144
 30    100.26671902     -0.82676936     -0.78601420     -0.78811065
 30    100.57735452     -0.22775874     -0.20710834     -0.20830409
 31    100.41391472     29.70277772     27.39046841     27.50384159
 31    100.27480573     -0.80862065     -0.76872932     -0.77084183
 31    100.59499546     -0.23068472     -0.21031547     -0.21156684
 32    100.42590263     29.95732626     27.62267474     27.74032044
 32    100.28304090     -0.78961549     -0.75056058     -0.75268497
 32    100.61383721     -0.23292869     -0.21284002     -0.21414651
 33    100.43826333     30.13887236     27.78298682     27.90474946
 33    100.29138127     -0.76983417     -0.73158921     -0.73372093
 33    100.63380980     -0.23449723     -0.21468798     -0.21604869
 34    100.45140883     30.24811905     27.87203427     27.99785110
 34    100.30021420     -0.74936624     -0.71190562     -0.71404286
 34    100.65574044     -0.23540282     -0.21587128     -0.21728684
 35    100.45649901     30.28648201     27.89116358     28.01848646
 35    100.29819872     -0.72830867     -0.69160764     -0.69367001
 35    100.22673849     -0.23566377     -0.21640774     -0.21689842
 36    100.47681371     30.25605437     27.84240285     27.97515924
 36    100.31389607     -0.70676399     -0.67079860     -0.67290421
 36    100.23471261     -0.23530383     -0.21632068     -0.21682841
 37    100.48994172     30.15955394     27.72840895     27.86426199
 37    100.32222755     -0.68483818     -0.64958527     -0.65167841
 37    100.23321002     -0.23435181     -0.21563849     -0.21614138
 38    100.50927123     30.00025566     27.55240577     27.69272225
 38    100.33753128     -0.66263864     -0.62807583     -0.63019578
 38    100.50107715     -0.23284089     -0.21439399     -0.21546827
 39    100.52310645     29.78191101     27.31808005     27.46098269
 39    100.34623713     -0.64027223     -0.60637791     -0.60847741
 39    100.51317467     -0.23080801     -0.21262390     -0.21371503
 40    100.53695825     29.50866349     27.02953151     27.17466881
 40    100.35476175     -0.61784339     -0.58459668     -0.58667060
 40    100.52524390     -0.22829302     -0.21036779     -0.21147273
 41    100.55078778     29.18495463     26.69115568     26.83816730
 41    100.36305371     -0.59545249     -0.56283323     -0.56487661
 41    100.53699309     -0.22533793     -0.20766748     -0.20878264
 42    100.56438659     28.81543142     26.30755679     26.45603311
 42    100.37115798     -0.57319438     -0.54118314     -0.54319178
 42    100.54892562     -0.22198615     -0.20456623     -0.20568914
 43    100.57763966     28.40486132     25.88346265     26.03297580
 43    100.37830123     -0.55115724     -0.51973526     -0.52170142
 43    100.55602945     -0.21828162     -0.20110785     -0.20222607
 44    100.59092497     27.95804190     25.42363405     25.57386865
 44    100.38568488     -0.52942166     -0.49857085     -0.50049376
 44    100.56756798     -0.21426829     -0.19733621     -0.19845622
 45    100.60382912     27.47972800     24.93279174     25.08334319
 45    100.39282055     -0.50806003     -0.47776298     -0.47963973
 45    100.57880223     -0.20998920     -0.19329429     -0.19441308
 46    100.61664289     26.97456755     24.41555206     24.56610882
 46    100.39943717     -0.48713612     -0.45737603     -0.45920296
 46    100.58926166     -0.20548610     -0.18902381     -0.19013766
 47    100.62901067     26.44703464     23.87635984     24.02654469
 47    100.40565744     -0.46670504     -0.43746574     -0.43924035
 47    100.59986821     -0.20079906     -0.18456484     -0.18567199
 48    100.64098651     25.90139266     23.31945137     23.46892591
 48    100.41144375     -0.44681323     -0.41807914     -0.41979930
 48    100.60973332     -0.19596586     -0.17995515     -0.18105240
 49    100.65220020     25.34165117     22.74881113     22.89717892
 49    100.41694255     -0.42749877     -0.39925489     -0.40091955
 49    100.61996052     -0.19102193     -0.17523021     -0.17631657
 50    100.66330594     24.77155014     22.16815581     22.31519850
 50    100.42162777     -0.40879168     -0.38102357     -0.38263007
 50    100.62777468     -0.18599986     -0.17042264     -0.17149251
 51    100.67391010     24.19452548     21.58089979     21.72633565
 51    100.42575574     -0.39071459     -0.36340833     -0.36495556
 51    100.63566794     -0.18092977     -0.16556261     -0.16661504
 52    100.68382362     23.61371398     20.99015987     21.13369554
 52    100.42914838     -0.37328318     -0.34642538     -0.34791206
 52    100.64373603     -0.17583882     -0.16067736     -0.16171170
 53    100.69328422     23.03194878     20.39875067     20.54017199
 53    100.43157593     -0.35650688     -0.33008464     -0.33150921
 53    100.65106442     -0.17075134     -0.15579127     -0.15680557
 54    100.70167074     22.45175624     19.80918134     19.94817657
 54    100.43376435     -0.34038961     -0.31439053     -0.31575424
 54    100.65769558     -0.16568896     -0.15092604     -0.15191868
 55    100.71357070     21.87537781     19.22367738     19.36085191
 55    100.43937878     -0.32493024     -0.29934234     -0.30065758
 55    100.66820203     -0.16067065     -0.14610074     -0.14707698
 56    100.72082631     21.30476982     18.64418027     18.77857243
 56    100.44043057     -0.31012336     -0.28493513     -0.28619007
 56    100.67451480     -0.15571300     -0.14133202     -0.14228532
 57    100.72800804     20.74163231     18.07237627     18.20394463
 57    100.44063061     -0.29595993     -0.27116027     -0.27235509
 57    100.67643046     -0.15082992     -0.13663389     -0.13755813
 58    100.73412969     20.18740674     17.50969398     17.63823785
 58    100.43946619     -0.28242778     -0.25800600     -0.25913985
 58    100.68066606     -0.14603369     -0.13201872     -0.13291733
 59    100.73831134     19.64330774     16.95733610     17.08253404
 59    100.43931781     -0.26951242     -0.24545823     -0.24653657
 59    100.68578110     -0.14133419     -0.12749649     -0.12837084
 60    100.74361949     19.11036157     16.41631772     16.53839266
 60    100.43641880     -0.25719682     -0.23350029     -0.23451933
 60    100.68801548     -0.13673939     -0.12307524     -0.12392201
 61    100.74794297     18.58937955     15.88743978     16.00626877
 61    100.43427449     -0.24546298     -0.22211453     -0.22307911
 61    100.68567727     -0.13225574     -0.11876151     -0.11957583
 62    100.75091036     18.08100828     15.37133914     15.48676412
 62    100.42885928     -0.23429103     -0.21128145     -0.21218755
 62    100.69076788     -0.12788869     -0.11456086     -0.11535221
 63    100.75401102     17.58575228     14.86851128     14.98062150
 63    100.42481420     -0.22366098     -0.20098136     -0.20183515
 63    100.68669173     -0.12364132     -0.11047643     -0.11123506
 64    100.75625506     17.10396461     14.37930076     14.48804495
 64    100.42077903     -0.21355173     -0.19119348     -0.19199799
 64    100.68558845     -0.11951657     -0.10651128     -0.10724151
 65    100.75629124     16.63588501     13.90393936     14.00909363
 65    100.41475883     -0.20394198     -0.18189684     -0.18265127
 65    100.68986157     -0.11551607     -0.10266711     -0.10337537
 66    100.75991051     16.18167404     13.44258019     13.54473177
 66    100.40595823     -0.19481040     -0.17307036     -0.17377295
 66    100.67944397     -0.11163975     -0.09894394     -0.09961621
 67    100.76023801     15.74134623     12.99523079     13.09402547
 67    100.40170871     -0.18613620     -0.16469355     -0.16535514
 67    100.67452101     -0.10788818     -0.09534242     -0.09598552
 68    100.75867345     15.31487666     12.56185967     12.65716316
 68    100.39573670     -0.17789812     -0.15674541     -0.15736571
 68    100.67787879     -0.10426063     -0.09186191     -0.09248462
 69    100.75974176     14.90218599     12.14238133     12.23463207
 69    100.38717842     -0.17007561     -0.14920562     -0.14978332
 69    100.67213729     -0.10075526     -0.08850063     -0.08909548
 70    100.75856087     14.50309934     11.73661507     11.82564444
 70    100.37793523     -0.16264873     -0.14205453     -0.14259140
 70    100.67527876     -0.09737081     -0.08525742     -0.08583314
 71    100.76076987     14.11743662     11.34437532     11.43067991
 71    100.37500051     -0.15559837     -0.13527322     -0.13578050
 71    100.65857575     -0.09410430     -0.08212937     -0.08267025
 72    100.76089665     13.74493665     10.96539578     11.04883111
 72    100.36507682     -0.14890507     -0.12884248     -0.12931286
 72    100.65734094     -0.09095427     -0.07911508     -0.07963514
 73    100.75416080     13.38531077     10.59938291     10.67931931
 73    100.36263786     -0.14255133     -0.12274501     -0.12319013
 73    100.67643522     -0.08791807     -0.07621199     -0.07672752
 74    100.75847634     13.03832593     10.24609908     10.32381332
 74    100.34924512     -0.13651893     -0.11696280     -0.11737129
 74    100.66384546     -0.08499147     -0.07341593     -0.07390330
 75    100.75877465     12.70361177      9.90516957      9.98032749
 75    100.34970809     -0.13079212     -0.11148030     -0.11187016
 75    100.65704052     -0.08217239     -0.07072490     -0.07118959
 76    100.75829486     12.38084861      9.57627063      9.64888700
 76    100.34641949     -0.12535419     -0.10628099     -0.10664916
 76    100.65829824     -0.07945773     -0.06813584     -0.06858438
 77    100.75406805     12.06971879      9.25908070      9.32890046
 77    100.32385639     -0.12018971     -0.10134961     -0.10167783
 77    100.62992209     -0.07684370     -0.06564504     -0.06605855
 78    100.75090232     11.76982345      8.95319724      9.02042700
 78    100.31916960     -0.11528476     -0.09667242     -0.09698097
 78    100.64202394     -0.07432804     -0.06325031     -0.06365640
 79    100.75796105     11.48087057      8.65832477      8.72395150
 79    100.30667290     -0.11062487     -0.09223511     -0.09251797
 79    100.62554958     -0.07190623     -0.06094718     -0.06132843
 80    100.75758145     11.20245257      8.37405240      8.43749267
 80    100.31944022     -0.10619795     -0.08802576     -0.08830695
 80    100.62315915     -0.06957593     -0.05873336     -0.05909936
 81    100.76263552     10.93425725      8.10006556      8.16183954
 81    100.31051341     -0.10199005     -0.08403058     -0.08429150
 81    100.61860094     -0.06733349     -0.05660527     -0.05695543
 82    100.75777402     10.67588706      7.83596221      7.89534110
 82    100.30302842     -0.09799006     -0.08023860     -0.08048174
 82    100.64867192     -0.06517658     -0.05456062     -0.05491454
 83    100.76970403     10.42707123      7.58146951      7.63982438
 83    100.29889996     -0.09418680     -0.07663877     -0.07686785
 83    100.62166640     -0.06310029     -0.05259456     -0.05292152
 84    100.76216793     10.18737733      7.33615235      7.39206615
 84    100.31118564     -0.09056995     -0.07322093     -0.07344879
 84    100.65576003     -0.06110364     -0.05070616     -0.05103867
 85    100.77371861      9.95656826      7.09977107      7.15470332
 85    100.29246388     -0.08712832     -0.06997401     -0.07017865
 85    100.64269595     -0.05918178     -0.04889062     -0.04920484
 86    100.77796132      9.73425361      6.87193284      6.92539381
 86    100.30060833     -0.08385381     -0.06689004     -0.06709112
 86    100.64461700     -0.05733285     -0.04714614     -0.04745005
 87    100.78751473      9.52014613      6.65234810      6.70473632
 87    100.28645321     -0.08073634     -0.06395905     -0.06414226
 87    100.64226775     -0.05555370     -0.04546959     -0.04576162
 88    100.78453737      9.31392508      6.44069390      6.49122355
 88    100.28901749     -0.07776848     -0.06117373     -0.06135054
 88    100.61936615     -0.05384153     -0.04385823     -0.04412987
 89    100.81491511      9.11534060      6.23671831      6.28754227
 89    100.24790802     -0.07494058     -0.05852457     -0.05866965
 89    100.56022717     -0.05219307     -0.04230884     -0.04254586
 90    100.79567476      8.92394094      6.03996757      6.08802607
 90    100.29042400     -0.07224772     -0.05600672     -0.05616938
 90    100.65987103     -0.05060857     -0.04082169     -0.04109106
 91    100.80206148      8.73962045      5.85033414      5.89725742
 91    100.28710837     -0.06968046     -0.05361087     -0.05376479
 91    100.66934598     -0.04908233     -0.03939114     -0.03965481
 92    100.82266545      8.56207778      5.66751484      5.71413953
 92    100.29351380     -0.06723303     -0.05133135     -0.05148202
 92    100.63215865     -0.04761240     -0.03801528     -0.03825560
 93    100.82793373      8.39099278      5.49118781      5.53665121
 93    100.30121920     -0.06489895     -0.04916176     -0.04930985
 93    100.64484456     -0.04619776     -0.03669311     -0.03692972
 94    100.84150665      8.22615539      5.32114135      5.36591911
 94    100.27144996     -0.06267156     -0.04709555     -0.04722339
 94    100.64489924     -0.04483544     -0.03542171     -0.03565014
 95    100.84728341      8.06729428      5.15710255      5.20079782
 95    100.28392226     -0.06054665     -0.04512860     -0.04525673
 95    100.65743492     -0.04352357     -0.03419925     -0.03442408
 96    100.85462316      7.91419310      4.99885356      5.04157492
 96    100.30813457     -0.05851825     -0.04325503     -0.04338831
 96    100.66320504     -0.04225989     -0.03302349     -0.03324250
 97    100.87048336      7.76663981      4.84618094      4.88836614
 97    100.29777460     -0.05658073     -0.04146927     -0.04159276
 97    100.65377382     -0.04104231     -0.03189239     -0.03210089
 98    100.88726098      7.62440255      4.69885143      4.74054250
 98    100.28938537     -0.05472989     -0.03976722     -0.03988231
 98    100.64202615     -0.03986915     -0.03080429     -0.03100206
 99    100.87943986      7.48723969      4.55662212      4.59669487
 99    100.32188130     -0.05296170     -0.03814495     -0.03826773
 99    100.69385891     -0.03873917     -0.02975799     -0.02996446
100    100.88217190      7.35499656      4.41933710      4.45832325
100    100.32796066     -0.05127117     -0.03659751     -0.03671754
100    100.72174221     -0.03764990     -0.02875105     -0.02895855
