     1    0.0000000000E+00    0.0000000000E+00
     1    0.0000000000E+00    0.0000000000E+00
     2   -0.2811992798E+03   -0.7320282593E+03
     1    0.0000000000E+00    0.0000000000E+00
     2    0.8922686768E+02    0.2322786407E+03
     3   -0.8007929077E+03   -0.2996703125E+04
     1    0.0000000000E+00    0.0000000000E+00
     2    0.8892960358E+02    0.2315047760E+03
     3   -0.6353557110E+01   -0.2377608871E+02
     4   -0.7368557129E+03   -0.2944369873E+04
     1    0.0000000000E+00    0.0000000000E+00
     2    0.8785435486E+02    0.2287056427E+03
     3    0.2131485138E+03    0.7976379395E+03
     4   -0.1984435577E+03   -0.7929520264E+03
     5   -0.6956510620E+03   -0.2917118896E+04
     1    0.0000000000E+00    0.0000000000E+00
     2    0.8659277344E+02    0.2254214630E+03
     3    0.2619723206E+03    0.9803448486E+03
     4   -0.3883557892E+02   -0.1551814117E+03
     5   -0.1873466644E+03   -0.7856130981E+03
     6   -0.6867407227E+03   -0.2868270020E+04
     1    0.0000000000E+00    0.0000000000E+00
     2    0.8522551727E+02    0.2218621521E+03
     3    0.2881542664E+03    0.1078322144E+04
     4   -0.1746846390E+02   -0.6980146790E+02
     5   -0.3666390991E+02   -0.1537451782E+03
     6   -0.1849470215E+03   -0.7724574585E+03
     7   -0.6926658936E+03   -0.2807209473E+04
     1    0.0000000000E+00    0.0000000000E+00
     2    0.8378333282E+02    0.2181078186E+03
     3    0.3060581665E+03    0.1145321655E+04
     4   -0.9590632439E+01   -0.3832278824E+02
     5   -0.1649163246E+02   -0.6915544891E+02
     6   -0.3619429779E+02   -0.1511706085E+03
     7   -0.1865427399E+03   -0.7560131226E+03
     8   -0.6736691895E+03   -0.2771929932E+04
     1    0.0000000000E+00    0.0000000000E+00
     2    0.8304063416E+02    0.2161744080E+03
     3    0.3129258728E+03    0.1171021729E+04
     4   -0.6842961311E+01   -0.2734349442E+02
     5   -0.1227985954E+02   -0.5149393463E+02
     6   -0.2288990021E+02   -0.9560291290E+02
     7   -0.6832981873E+02   -0.2769244385E+03
     8   -0.2443311157E+03   -0.1005343140E+04
     9   -0.5585541382E+03   -0.2320406738E+04
     1    0.0000000000E+00    0.0000000000E+00
     2    0.8228584290E+02    0.2142095032E+03
     3    0.3188385925E+03    0.1193148071E+04
     4   -0.4717002392E+01   -0.1884846497E+02
     5   -0.9054327965E+01   -0.3796810150E+02
     6   -0.1628039932E+02   -0.6799739075E+02
     7   -0.3650658035E+02   -0.1479524536E+03
     8   -0.7428023529E+02   -0.3056390381E+03
     9   -0.2112787781E+03   -0.8777174683E+03
    10   -0.5473714600E+03   -0.2306143311E+04
     1    0.0000000000E+00    0.0000000000E+00
     2    0.8152010345E+02    0.2122160950E+03
     3    0.3240818176E+03    0.1212769043E+04
     4   -0.3168296576E+01   -0.1266005802E+02
     5   -0.6460305691E+01   -0.2709042358E+02
     6   -0.1212257195E+02   -0.5063163757E+02
     7   -0.2308739471E+02   -0.9356768799E+02
     8   -0.3641775131E+02   -0.1498472137E+03
     9   -0.5923119354E+02   -0.2460647278E+03
    10   -0.2070487976E+03   -0.8723220825E+03
    11   -0.5377767334E+03   -0.2296253662E+04
     1    0.0000000000E+00    0.0000000000E+00
     2    0.8074425507E+02    0.2101963959E+03
     3    0.3288725281E+03    0.1230696899E+04
     4   -0.2093883276E+01   -0.8366856575E+01
     5   -0.4453229427E+01   -0.1867401886E+02
     6   -0.8938354492E+01   -0.3733230209E+02
     7   -0.1642086411E+02   -0.6654984283E+02
     8   -0.2130135536E+02   -0.8764815521E+02
     9   -0.2800844955E+02   -0.1163557739E+03
    10   -0.5804534149E+02   -0.2445521698E+03
    11   -0.2034195251E+03   -0.8685812988E+03
    12   -0.5266036377E+03   -0.2280088379E+04
     1    0.0000000000E+00    0.0000000000E+00
     2    0.7995896149E+02    0.2081520538E+03
     3    0.3333517151E+03    0.1247458862E+04
     4   -0.1357332826E+01   -0.5423707008E+01
     5   -0.2991126299E+01   -0.1254288673E+02
     6   -0.6377558231E+01   -0.2663677406E+02
     7   -0.1222716427E+02   -0.4955377960E+02
     8   -0.1444452858E+02   -0.5943453979E+02
     9   -0.1579407692E+02   -0.6561347961E+02
    10   -0.2744769859E+02   -0.1156405334E+03
    11   -0.5702787781E+02   -0.2435034332E+03
    12   -0.1991931763E+03   -0.8624666138E+03
    13   -0.5188061523E+03   -0.2264493408E+04
     1    0.0000000000E+00    0.0000000000E+00
     2    0.7916477203E+02    0.2060846252E+03
     3    0.3375922852E+03    0.1263327759E+04
     4   -0.8234537244E+00   -0.3290403128E+01
     5   -0.1976794004E+01   -0.8289420128E+01
     6   -0.4396189690E+01   -0.1836130905E+02
     7   -0.9015474319E+01   -0.3653756332E+02
     8   -0.1068859863E+02   -0.4398011398E+02
     9   -0.1041527843E+02   -0.4326828766E+02
    10   -0.1547786522E+02   -0.6521015930E+02
    11   -0.2696657562E+02   -0.1151446304E+03
    12   -0.5584304428E+02   -0.2417891998E+03
    13   -0.1962436981E+03   -0.8565675659E+03
    14   -0.5021176758E+03   -0.2251751221E+04
     1    0.0000000000E+00    0.0000000000E+00
     2    0.7836227417E+02    0.2039954987E+03
     3    0.3416157227E+03    0.1278383911E+04
     4   -0.3806568086E+00   -0.1521049857E+01
     5   -0.1281431317E+01   -0.5373509407E+01
     6   -0.2952814102E+01   -0.1233284760E+02
     7   -0.6432582855E+01   -0.2606972504E+02
     8   -0.8011204720E+01   -0.3296350479E+02
     9   -0.7652114391E+01   -0.3178925323E+02
    10   -0.1020675659E+02   -0.4300231934E+02
    11   -0.1520656013E+02   -0.6493051147E+02
    12   -0.2640630531E+02   -0.1143340225E+03
    13   -0.5501616669E+02   -0.2401354523E+03
    14   -0.1899311066E+03   -0.8517477417E+03
    15   -0.4807412720E+03   -0.2245950684E+04
     1    0.0000000000E+00    0.0000000000E+00
     2    0.7755204773E+02    0.2018863220E+03
     3    0.3454097595E+03    0.1292582031E+04
     4    0.5033893511E-01    0.2011471987E+00
     5   -0.7774065137E+00   -0.3259949446E+01
     6   -0.1951473951E+01   -0.8150608063E+01
     7   -0.4434119225E+01   -0.1797043037E+02
     8   -0.5840869904E+01   -0.2403328133E+02
     9   -0.5772314548E+01   -0.2397998619E+02
    10   -0.7498913765E+01   -0.3159384346E+02
    11   -0.1002784634E+02   -0.4281791306E+02
    12   -0.1489062119E+02   -0.6447341156E+02
    13   -0.2601530457E+02   -0.1135520172E+03
    14   -0.5324645996E+02   -0.2387842255E+03
    15   -0.1818452759E+03   -0.8495537109E+03
    16   -0.4591080933E+03   -0.2239199463E+04
     1    0.0000000000E+00    0.0000000000E+00
     2    0.7673478699E+02    0.1997587738E+03
     3    0.3489440613E+03    0.1305807983E+04
     4    0.5174734592E+00    0.2067749739E+01
     5   -0.3593706191E+00   -0.1506972313E+01
     6   -0.1265017867E+01   -0.5283526421E+01
     7   -0.2978291035E+01   -0.1207030201E+02
     8   -0.4099592686E+01   -0.1686849213E+02
     9   -0.4252445698E+01   -0.1766597748E+02
    10   -0.5656748295E+01   -0.2383258057E+02
    11   -0.7367467403E+01   -0.3145835876E+02
    12   -0.9819501877E+01   -0.4251647949E+02
    13   -0.1467013359E+02   -0.6403243256E+02
    14   -0.2517846870E+02   -0.1129130707E+03
    15   -0.5097962189E+02   -0.2381690979E+03
    16   -0.1736623077E+03   -0.8469999390E+03
    17   -0.4598783875E+03   -0.2225315918E+04
     1    0.0000000000E+00    0.0000000000E+00
     2    0.7591116333E+02    0.1976147003E+03
     3    0.3521825562E+03    0.1317927002E+04
     4    0.1042646766E+01    0.4166266918E+01
     5    0.4752400517E-01    0.1992855221E+00
     6   -0.7674490213E+00   -0.3205359697E+01
     7   -0.1968311071E+01   -0.7977096081E+01
     8   -0.2784755707E+01   -0.1145836544E+02
     9   -0.3012534142E+01   -0.1251500034E+02
    10   -0.4167308807E+01   -0.1755738449E+02
    11   -0.5557593346E+01   -0.2373037529E+02
    12   -0.7214396954E+01   -0.3123689651E+02
    13   -0.9674103737E+01   -0.4222567749E+02
    14   -0.1419823837E+02   -0.6367212677E+02
    15   -0.2410655785E+02   -0.1126221924E+03
    16   -0.4868555832E+02   -0.2374531708E+03
    17   -0.1739536591E+03   -0.8417483521E+03
    18   -0.4582998352E+03   -0.2212573730E+04
     1    0.0000000000E+00    0.0000000000E+00
     2    0.7508197021E+02    0.1954561157E+03
     3    0.3550913391E+03    0.1328812134E+04
     4    0.1628721952E+01    0.6508139610E+01
     5    0.4885365665E+00    0.2048612356E+01
     6   -0.3547675610E+00   -0.1481737018E+01
     7   -0.1275932431E+01   -0.5171049595E+01
     8   -0.1852494717E+01   -0.7622414112E+01
     9   -0.2058823109E+01   -0.8552988052E+01
    10   -0.2952220917E+01   -0.1243806934E+02
    11   -0.4094261169E+01   -0.1748209381E+02
    12   -0.5442125797E+01   -0.2356331825E+02
    13   -0.7107573032E+01   -0.3102324677E+02
    14   -0.9362915039E+01   -0.4198807526E+02
    15   -0.1359378433E+02   -0.6350810623E+02
    16   -0.2302177238E+02   -0.1122836533E+03
    17   -0.4876723862E+02   -0.2359809265E+03
    18   -0.1733565674E+03   -0.8369284668E+03
    19   -0.4627786560E+03   -0.2134599365E+04
     1    0.0000000000E+00    0.0000000000E+00
     2    0.7424797058E+02    0.1932850189E+03
     3    0.3576441345E+03    0.1338365234E+04
     4    0.2266297102E+01    0.9055798531E+01
     5    0.9843422771E+00    0.4127707005E+01
     6    0.4691528901E-01    0.1959483474E+00
     7   -0.7740705013E+00   -0.3137123108E+01
     8   -0.1217769027E+01   -0.5010724068E+01
     9   -0.1373525262E+01   -0.5706049442E+01
    10   -0.2017603874E+01   -0.8500413895E+01
    11   -0.2900472403E+01   -0.1238473129E+02
    12   -0.4009197235E+01   -0.1735902023E+02
    13   -0.5361544132E+01   -0.2340215302E+02
    14   -0.6878942966E+01   -0.3084867859E+02
    15   -0.8964313507E+01   -0.4187991714E+02
    16   -0.1298206902E+02   -0.6331719971E+02
    17   -0.2306039429E+02   -0.1115874710E+03
    18   -0.4859984970E+02   -0.2346296997E+03
    19   -0.1750507355E+03   -0.8074338379E+03
    20   -0.4321689453E+03   -0.2116627197E+04
     1    0.0000000000E+00    0.0000000000E+00
     2    0.7340999603E+02    0.1911035614E+03
     3    0.3598244324E+03    0.1346524048E+04
     4    0.2939043283E+01    0.1174399662E+02
     5    0.1537644625E+01    0.6447905064E+01
     6    0.4822790623E+00    0.2014306784E+01
     7   -0.3578284979E+00   -0.1450193405E+01
     8   -0.7816007733E+00   -0.3216033697E+01
     9   -0.9057900906E+00   -0.3762932539E+01
    10   -0.1346026301E+01   -0.5670974255E+01
    11   -0.1982237935E+01   -0.8463961601E+01
    12   -0.2840210676E+01   -0.1229754448E+02
    13   -0.3949832201E+01   -0.1724028969E+02
    14   -0.5189078808E+01   -0.2327046967E+02
    15   -0.6586089134E+01   -0.3076921463E+02
    16   -0.8560922623E+01   -0.4175402451E+02
    17   -0.1300384998E+02   -0.6292462540E+02
    18   -0.2298124123E+02   -0.1109485245E+03
    19   -0.4907480240E+02   -0.2263609924E+03
    20   -0.1634722748E+03   -0.8006356812E+03
    21   -0.4306093750E+03   -0.2046164795E+04
     1    0.0000000000E+00    0.0000000000E+00
     2    0.7256882477E+02    0.1889138031E+03
     3    0.3616261597E+03    0.1353266602E+04
     4    0.3628002167E+01    0.1449697495E+02
     5    0.2139566422E+01    0.8971983910E+01
     6    0.9717342854E+00    0.4058585644E+01
     7    0.4732006788E-01    0.1917769462E+00
     8   -0.4537847936E+00   -0.1867177129E+01
     9   -0.5897000432E+00   -0.2449796438E+01
    10   -0.8876554966E+00   -0.3739801645E+01
    11   -0.1322432160E+01   -0.5646655560E+01
    12   -0.1941054106E+01   -0.8404375076E+01
    13   -0.2798155546E+01   -0.1221343327E+02
    14   -0.3822777748E+01   -0.1714328003E+02
    15   -0.4968166351E+01   -0.2321052551E+02
    16   -0.6289717674E+01   -0.3067672157E+02
    17   -0.8575284958E+01   -0.4149514389E+02
    18   -0.1295921421E+02   -0.6256431580E+02
    19   -0.2320582962E+02   -0.1070385284E+03
    20   -0.4582883072E+02   -0.2244551544E+03
    21   -0.1628823700E+03   -0.7739826660E+03
    22   -0.4249514465E+03   -0.1662188110E+04
     1    0.0000000000E+00    0.0000000000E+00
     2    0.7172522736E+02    0.1867177124E+03
     3    0.3630532227E+03    0.1358606812E+04
     4    0.4314290524E+01    0.1723928833E+02
     5    0.2774693012E+01    0.1163530254E+02
     6    0.1517949343E+01    0.6339930534E+01
     7    0.4864400923E+00    0.1971425653E+01
     8   -0.1645270586E+00   -0.6769753695E+00
     9   -0.3618137836E+00   -0.1503086686E+01
    10   -0.5778937340E+00   -0.2434737682E+01
    11   -0.8720960617E+00   -0.3723764181E+01
    12   -0.1294956684E+01   -0.5606903553E+01
    13   -0.1912312627E+01   -0.8346893311E+01
    14   -0.2708147049E+01   -0.1214470863E+02
    15   -0.3660032511E+01   -0.1709911919E+02
    16   -0.4744601250E+01   -0.2314075470E+02
    17   -0.6300270081E+01   -0.3048652077E+02
    18   -0.8545850754E+01   -0.4125754166E+02
    19   -0.1308586025E+02   -0.6035945129E+02
    20   -0.2167091942E+02   -0.1061373215E+03
    21   -0.4566345215E+02   -0.2169830627E+03
    22   -0.1607422028E+03   -0.6287395020E+03
    23   -0.4296489868E+03   -0.1518410522E+04
     1    0.0000000000E+00    0.0000000000E+00
     2    0.7087995911E+02    0.1845172729E+03
     3    0.3641178589E+03    0.1362590942E+04
     4    0.4981078625E+01    0.1990367699E+02
     5    0.3425125599E+01    0.1436280251E+02
     6    0.2112161636E+01    0.8821742058E+01
     7    0.9801183343E+00    0.3972185850E+01
     8    0.1328314543E+00    0.5465583205E+00
     9   -0.1711762249E+00   -0.7111190557E+00
    10   -0.3545700312E+00   -0.1493847132E+01
    11   -0.5677640438E+00   -0.2424296618E+01
    12   -0.8539769650E+00   -0.3697549343E+01
    13   -0.1275782108E+01   -0.5568554401E+01
    14   -0.1850799203E+01   -0.8299924850E+01
    15   -0.2592854500E+01   -0.1211342430E+02
    16   -0.3495332479E+01   -0.1704771805E+02
    17   -0.4752561092E+01   -0.2299727821E+02
    18   -0.6278644562E+01   -0.3031195450E+02
    19   -0.8629366875E+01   -0.3980356598E+02
    20   -0.1222031689E+02   -0.5985126114E+02
    21   -0.2159271622E+02   -0.1026040344E+03
    22   -0.4506346130E+02   -0.1762647247E+03
    23   -0.1625191040E+03   -0.5743541870E+03
    24   -0.4169733582E+03   -0.1437012939E+04
     1    0.0000000000E+00    0.0000000000E+00
     2    0.7003369904E+02    0.1823142853E+03
     3    0.3648392029E+03    0.1365290283E+04
     4    0.5614397526E+01    0.2243432808E+02
     5    0.4073037148E+01    0.1707973480E+02
     6    0.2739153147E+01    0.1144046116E+02
     7    0.1531046152E+01    0.6204964638E+01
     8    0.4640434384E+00    0.1909387946E+01
     9    0.1789189130E-01    0.7432845980E-01
    10   -0.1677491516E+00   -0.7067478299E+00
    11   -0.3483549058E+00   -0.1487441063E+01
    12   -0.5559678674E+00   -0.2407229900E+01
    13   -0.8413320184E+00   -0.3672259331E+01
    14   -0.1234743953E+01   -0.5537220478E+01
    15   -0.1772005916E+01   -0.8278544426E+01
    16   -0.2476176977E+01   -0.1207701111E+02
    17   -0.3501196861E+01   -0.1694202232E+02
    18   -0.4736248493E+01   -0.2286559486E+02
    19   -0.6340003490E+01   -0.2924371719E+02
    20   -0.8058591843E+01   -0.3946844101E+02
    21   -0.1217621899E+02   -0.5785882568E+02
    22   -0.2130900192E+02   -0.8334968567E+02
    23   -0.4556160736E+02   -0.1610180054E+03
    24   -0.1577244110E+03   -0.5435646973E+03
    25   -0.4131792603E+03   -0.1302174072E+04
     1    0.0000000000E+00    0.0000000000E+00
     2    0.6918711090E+02    0.1801103973E+03
     3    0.3652413330E+03    0.1366795166E+04
     4    0.6203529358E+01    0.2478841400E+02
     5    0.4702538490E+01    0.1971946144E+02
     6    0.3381254435E+01    0.1412228870E+02
     7    0.2130385160E+01    0.8633942604E+01
     8    0.8385538459E+00    0.3450376749E+01
     9    0.2261423469E+00    0.9394653440E+00
    10    0.1753368229E-01    0.7387156785E-01
    11   -0.1648087204E+00   -0.7037170529E+00
    12   -0.3411172628E+00   -0.1476969600E+01
    13   -0.5477356315E+00   -0.2390765190E+01
    14   -0.8142688870E+00   -0.3651595831E+01
    15   -0.1182177782E+01   -0.5522956848E+01
    16   -0.1692266464E+01   -0.8253659248E+01
    17   -0.2480331182E+01   -0.1200213242E+02
    18   -0.3489178896E+01   -0.1684501076E+02
    19   -0.4782534122E+01   -0.2205977631E+02
    20   -0.5920654297E+01   -0.2899750137E+02
    21   -0.8029510498E+01   -0.3815454102E+02
    22   -0.1201623154E+02   -0.4700122070E+02
    23   -0.2154455566E+02   -0.7614002991E+02
    24   -0.4421743774E+02   -0.1523862915E+03
    25   -0.1562892609E+03   -0.4925605774E+03
    26   -0.4046781311E+03   -0.1220205933E+04
     1    0.0000000000E+00    0.0000000000E+00
     2    0.6834076691E+02    0.1779071655E+03
     3    0.3653516235E+03    0.1367207764E+04
     4    0.6741084576E+01    0.2693640709E+02
     5    0.5300442696E+01    0.2222669220E+02
     6    0.4020867348E+01    0.1679372215E+02
     7    0.2762786388E+01    0.1119691372E+02
     8    0.1254417181E+01    0.5161518574E+01
     9    0.4627129436E+00    0.1922252655E+01
    10    0.2216148078E+00    0.9336904287E+00
    11    0.1722634025E-01    0.7355477661E-01
    12   -0.1613845825E+00   -0.6987629533E+00
    13   -0.3360663354E+00   -0.1466867685E+01
    14   -0.5301166177E+00   -0.2377312422E+01
    15   -0.7796033621E+00   -0.3642189264E+01
    16   -0.1128980279E+01   -0.5506354332E+01
    17   -0.1695105553E+01   -0.8202485085E+01
    18   -0.2471817732E+01   -0.1193340778E+02
    19   -0.3523277760E+01   -0.1625136757E+02
    20   -0.4466200829E+01   -0.2187404633E+02
    21   -0.5899289131E+01   -0.2803217697E+02
    22   -0.7924008369E+01   -0.3099457932E+02
    23   -0.1214906216E+02   -0.4293566513E+02
    24   -0.2090894508E+02   -0.7205838013E+02
    25   -0.4381509018E+02   -0.1380874786E+03
    26   -0.1530736084E+03   -0.4615552673E+03
    27   -0.3887314148E+03   -0.1096017090E+04
     1    0.0000000000E+00    0.0000000000E+00
     2    0.6749521637E+02    0.1757060089E+03
     3    0.3651992188E+03    0.1366637573E+04
     4    0.7222728252E+01    0.2886098862E+02
     5    0.5856630325E+01    0.2455899239E+02
     6    0.4642305374E+01    0.1938924789E+02
     7    0.3410427570E+01    0.1382164860E+02
     8    0.1702754259E+01    0.7006280422E+01
     9    0.7280569673E+00    0.3024574280E+01
    10    0.4534490705E+00    0.1910436630E+01
    11    0.2177301794E+00    0.9296864867E+00
    12    0.1686843671E-01    0.7303695381E-01
    13   -0.1589949429E+00   -0.6939836740E+00
    14   -0.3252560496E+00   -0.1458613634E+01
    15   -0.5075481534E+00   -0.2371188641E+01
    16   -0.7445215583E+00   -0.3631240845E+01
    17   -0.1130874395E+01   -0.5472214222E+01
    18   -0.1689287305E+01   -0.8155517578E+01
    19   -0.2495974064E+01   -0.1151285648E+02
    20   -0.3290236235E+01   -0.1611453819E+02
    21   -0.4450084209E+01   -0.2114586067E+02
    22   -0.5821776390E+01   -0.2277174759E+02
    23   -0.8011602402E+01   -0.2831358147E+02
    24   -0.1179063797E+02   -0.4063400269E+02
    25   -0.2071869087E+02   -0.6529693604E+02
    26   -0.4291359711E+02   -0.1293952637E+03
    27   -0.1470415955E+03   -0.4145795898E+03
    28   -0.3547268982E+03   -0.1014429138E+04
     1    0.0000000000E+00    0.0000000000E+00
     2    0.6665091705E+02    0.1735081024E+03
     3    0.3648139648E+03    0.1365195801E+04
     4    0.7646682262E+01    0.3055504608E+02
     5    0.6364125252E+01    0.2668710327E+02
     6    0.5232551098E+01    0.2185449219E+02
     7    0.4055559158E+01    0.1643621254E+02
     8    0.2171077967E+01    0.8933279991E+01
     9    0.1017396331E+01    0.4226580143E+01
    10    0.7134807706E+00    0.3005982161E+01
    11    0.4455007017E+00    0.1902244210E+01
    12    0.2132065147E+00    0.9231415987E+00
    13    0.1661866531E-01    0.7253741473E-01
    14   -0.1538805515E+00   -0.6900786161E+00
    15   -0.3114091158E+00   -0.1454856277E+01
    16   -0.4847087264E+00   -0.2364060640E+01
    17   -0.7457706332E+00   -0.3608726740E+01
    18   -0.1126992702E+01   -0.5440880299E+01
    19   -0.1705796123E+01   -0.7868104935E+01
    20   -0.2330881834E+01   -0.1141592407E+02
    21   -0.3278362751E+01   -0.1557808781E+02
    22   -0.4391613483E+01   -0.1717769623E+02
    23   -0.5886131287E+01   -0.2080201340E+02
    24   -0.7775241852E+01   -0.2679577255E+02
    25   -0.1168335247E+02   -0.3682120895E+02
    26   -0.2029240417E+02   -0.6118667984E+02
    27   -0.4122254944E+02   -0.1162257919E+03
    28   -0.1341790619E+03   -0.3837181396E+03
    29   -0.3324471130E+03   -0.9186726074E+03
     1    0.0000000000E+00    0.0000000000E+00
     2    0.6580831909E+02    0.1713146057E+03
     3    0.3642248230E+03    0.1362991211E+04
     4    0.8013294220E+01    0.3201996994E+02
     5    0.6818836212E+01    0.2859387207E+02
     6    0.5781615257E+01    0.2414773560E+02
     7    0.4682359219E+01    0.1897648430E+02
     8    0.2646087408E+01    0.1088779068E+02
     9    0.1322779298E+01    0.5495234966E+01
    10    0.9970273376E+00    0.4200599194E+01
    11    0.7009744048E+00    0.2993091583E+01
    12    0.4362447262E+00    0.1888852477E+01
    13    0.2100495547E+00    0.9168276191E+00
    14    0.1608409174E-01    0.7212924212E-01
    15   -0.1473294646E+00   -0.6883010268E+00
    16   -0.2973958254E+00   -0.1450482845E+01
    17   -0.4855219126E+00   -0.2349403143E+01
    18   -0.7432107925E+00   -0.3588062763E+01
    19   -0.1138006449E+01   -0.5249135017E+01
    20   -0.1592968941E+01   -0.7801859856E+01
    21   -0.2322470427E+01   -0.1103588963E+02
    22   -0.3235287189E+01   -0.1265475368E+02
    23   -0.4440158844E+01   -0.1569184303E+02
    24   -0.5712478161E+01   -0.1968687820E+02
    25   -0.7704493523E+01   -0.2428145218E+02
    26   -0.1144296741E+02   -0.3450341415E+02
    27   -0.1949276352E+02   -0.5495928955E+02
    28   -0.3761658478E+02   -0.1075739059E+03
    29   -0.1257514954E+03   -0.3474972839E+03
    30   -0.3030735474E+03   -0.8299244385E+03
     1    0.0000000000E+00    0.0000000000E+00
     2    0.6496775818E+02    0.1691264343E+03
     3    0.3634598389E+03    0.1360128540E+04
     4    0.8324690819E+01    0.3326427460E+02
     5    0.7219083309E+01    0.3027225113E+02
     6    0.6282609463E+01    0.2624021149E+02
     7    0.5277697086E+01    0.2138924789E+02
     8    0.3114941835E+01    0.1281697464E+02
     9    0.1635486364E+01    0.6794316769E+01
    10    0.1296296239E+01    0.5461455822E+01
    11    0.9795507193E+00    0.4182585239E+01
    12    0.6864106059E+00    0.2972020388E+01
    13    0.4297852218E+00    0.1875933290E+01
    14    0.2032928765E+00    0.9116687179E+00
    15    0.1539935078E-01    0.7194343954E-01
    16   -0.1406996846E+00   -0.6862319708E+00
    17   -0.2978947461E+00   -0.1441489697E+01
    18   -0.4838553667E+00   -0.2335950613E+01
    19   -0.7504739761E+00   -0.3461614132E+01
    20   -0.1062734842E+01   -0.5204940319E+01
    21   -0.1587220430E+01   -0.7542136669E+01
    22   -0.2291954756E+01   -0.8964929581E+01
    23   -0.3271050692E+01   -0.1156013012E+02
    24   -0.4309164524E+01   -0.1485064888E+02
    25   -0.5660498619E+01   -0.1783960533E+02
    26   -0.7545973778E+01   -0.2275300217E+02
    27   -0.1099204731E+02   -0.3099176216E+02
    28   -0.1778762245E+02   -0.5086809921E+02
    29   -0.3525394821E+02   -0.9741952515E+02
    30   -0.1146406403E+03   -0.3139273376E+03
    31   -0.2756778870E+03   -0.7399400024E+03
     1    0.0000000000E+00    0.0000000000E+00
     2    0.6412959290E+02    0.1669444885E+03
     3    0.3625447388E+03    0.1356703979E+04
     4    0.8584279060E+01    0.3430154800E+02
     5    0.7565193176E+01    0.3172362137E+02
     6    0.6731496334E+01    0.2811505127E+02
     7    0.5831498623E+01    0.2363367081E+02
     8    0.3566710472E+01    0.1467585564E+02
     9    0.1946728587E+01    0.8087312698E+01
    10    0.1602742553E+01    0.6752551556E+01
    11    0.1273573875E+01    0.5438035011E+01
    12    0.9591991305E+00    0.4153140545E+01
    13    0.6762468219E+00    0.2951692820E+01
    14    0.4159602821E+00    0.1865377665E+01
    15    0.1946381927E+00    0.9093201756E+00
    16    0.1470638625E-01    0.7172717899E-01
    17   -0.1409357488E+00   -0.6819772124E+00
    18   -0.2968722284E+00   -0.1433235645E+01
    19   -0.4885839522E+00   -0.2253628016E+01
    20   -0.7008351088E+00   -0.3432469130E+01
    21   -0.1058899879E+01   -0.5031668186E+01
    22   -0.1566365480E+01   -0.6126802921E+01
    23   -0.2317290545E+01   -0.8189472198E+01
    24   -0.3174547434E+01   -0.1094042492E+02
    25   -0.4269954205E+01   -0.1345717239E+02
    26   -0.5544034004E+01   -0.1671665192E+02
    27   -0.7248617649E+01   -0.2043727303E+02
    28   -0.1003051186E+02   -0.2868472481E+02
    29   -0.1667041206E+02   -0.4606643295E+02
    30   -0.3213906479E+02   -0.8800832367E+02
    31   -0.1042779541E+03   -0.2798898010E+03
    32   -0.2553664856E+03   -0.6668720093E+03
     1    0.0000000000E+00    0.0000000000E+00
     2    0.6329409027E+02    0.1647694855E+03
     3    0.3615032349E+03    0.1352806396E+04
     4    0.8796236038E+01    0.3514850235E+02
     5    0.7859177113E+01    0.3295640182E+02
     6    0.7126616001E+01    0.2976532173E+02
     7    0.6336815834E+01    0.2568160248E+02
     8    0.3992478609E+01    0.1642775154E+02
     9    0.2248832941E+01    0.9342348099E+01
    10    0.1907753468E+01    0.8037600517E+01
    11    0.1574648619E+01    0.6723594666E+01
    12    0.1247113466E+01    0.5399752140E+01
    13    0.9449962378E+00    0.4124734402E+01
    14    0.6544939876E+00    0.2935083866E+01
    15    0.3982518315E+00    0.1860572457E+01
    16    0.1858795583E+00    0.9065868258E+00
    17    0.1473105978E-01    0.7128245384E-01
    18   -0.1404519826E+00   -0.6780721545E+00
    19   -0.2997734547E+00   -0.1382726431E+01
    20   -0.4562673569E+00   -0.2234653711E+01
    21   -0.6983060241E+00   -0.3318202496E+01
    22   -0.1044986606E+01   -0.4087441444E+01
    23   -0.1583680511E+01   -0.5596840858E+01
    24   -0.2248925209E+01   -0.7750458241E+01
    25   -0.3145661592E+01   -0.9913855553E+01
    26   -0.4182100296E+01   -0.1261008072E+02
    27   -0.5325566292E+01   -0.1501528263E+02
    28   -0.6614541531E+01   -0.1891591263E+02
    29   -0.9400512695E+01   -0.2597704506E+02
    30   -0.1519748878E+02   -0.4161618805E+02
    31   -0.2923392487E+02   -0.7846603394E+02
    32   -0.9659495544E+02   -0.2522511444E+03
    33   -0.2291118774E+03   -0.5867105103E+03
     1    0.0000000000E+00    0.0000000000E+00
     2    0.6246149826E+02    0.1626020660E+03
     3    0.3603563232E+03    0.1348514526E+04
     4    0.8965361595E+01    0.3582429886E+02
     5    0.8104249001E+01    0.3398407745E+02
     6    0.7468293190E+01    0.3119238853E+02
     7    0.6789575577E+01    0.2751652718E+02
     8    0.4385772705E+01    0.1804603004E+02
     9    0.2535417080E+01    0.1053290749E+02
    10    0.2203809738E+01    0.9284921646E+01
    11    0.1874313116E+01    0.8003131866E+01
    12    0.1541932940E+01    0.6676261902E+01
    13    0.1228647351E+01    0.5362819195E+01
    14    0.9145985246E+00    0.4101525307E+01
    15    0.6266304851E+00    0.2927523136E+01
    16    0.3803306520E+00    0.1854979396E+01
    17    0.1861913949E+00    0.9009658098E+00
    18    0.1468049549E-01    0.7087429613E-01
    19   -0.1418245882E+00   -0.6541758776E+00
    20   -0.2799454629E+00   -0.1371084571E+01
    21   -0.4546208382E+00   -0.2160262346E+01
    22   -0.6891307235E+00   -0.2695519447E+01
    23   -0.1056538105E+01   -0.3733881950E+01
    24   -0.1536958337E+01   -0.5296810627E+01
    25   -0.2228461981E+01   -0.7023212433E+01
    26   -0.3080940008E+01   -0.9289805412E+01
    27   -0.4017300606E+01   -0.1132666492E+02
    28   -0.4859709740E+01   -0.1389754009E+02
    29   -0.6199092865E+01   -0.1713035583E+02
    30   -0.8569924355E+01   -0.2346753502E+02
    31   -0.1382374382E+02   -0.3710396194E+02
    32   -0.2708002853E+02   -0.7071763611E+02
    33   -0.8666389465E+02   -0.2219292145E+03
    34   -0.2008603821E+03   -0.5390795898E+03
     1    0.0000000000E+00    0.0000000000E+00
     2    0.6163203812E+02    0.1604427643E+03
     3    0.3591223450E+03    0.1343896851E+04
     4    0.9096798897E+01    0.3634950638E+02
     5    0.8304353714E+01    0.3482318878E+02
     6    0.7758512497E+01    0.3240452576E+02
     7    0.7188103676E+01    0.2913167191E+02
     8    0.4742136002E+01    0.1951234818E+02
     9    0.2801807404E+01    0.1163957596E+02
    10    0.2484656096E+01    0.1046816158E+02
    11    0.2165179491E+01    0.9245104790E+01
    12    0.1835371494E+01    0.7946791649E+01
    13    0.1519101381E+01    0.6630597591E+01
    14    0.1189125299E+01    0.5332643509E+01
    15    0.8756616712E+00    0.4090959549E+01
    16    0.5984324217E+00    0.2918722868E+01
    17    0.3809687197E+00    0.1843478441E+01
    18    0.1855522990E+00    0.8958069086E+00
    19    0.1482396293E-01    0.6837658584E-01
    20   -0.1324438155E+00   -0.6486680508E+00
    21   -0.2789352238E+00   -0.1325441241E+01
    22   -0.4486474693E+00   -0.1754874349E+01
    23   -0.6967485547E+00   -0.2462359905E+01
    24   -0.1025367856E+01   -0.3533719540E+01
    25   -0.1522973299E+01   -0.4799796581E+01
    26   -0.2182611465E+01   -0.6581120491E+01
    27   -0.2959532499E+01   -0.8344318390E+01
    28   -0.3665885448E+01   -0.1048350430E+02
    29   -0.4554479599E+01   -0.1258568764E+02
    30   -0.5651368618E+01   -0.1547547913E+02
    31   -0.7795264721E+01   -0.2092307091E+02
    32   -0.1280523872E+02   -0.3344000244E+02
    33   -0.2429589272E+02   -0.6221701050E+02
    34   -0.7597748566E+02   -0.2039123077E+03
    35   -0.1858550720E+03   -0.5081654968E+03
     1    0.0000000000E+00    0.0000000000E+00
     2    0.6080589294E+02    0.1582921295E+03
     3    0.3578170166E+03    0.1339012085E+04
     4    0.9195697784E+01    0.3674468613E+02
     5    0.8464021683E+01    0.3549273682E+02
     6    0.8000444412E+01    0.3341499329E+02
     7    0.7532729626E+01    0.3052835274E+02
     8    0.5059375286E+01    0.2081768608E+02
     9    0.3044551134E+01    0.1264800835E+02
    10    0.2745712996E+01    0.1156802750E+02
    11    0.2441103220E+01    0.1042327118E+02
    12    0.2120194912E+01    0.9180019379E+01
    13    0.1808194995E+01    0.7892437935E+01
    14    0.1470236421E+01    0.6593288422E+01
    15    0.1138501287E+01    0.5318906784E+01
    16    0.8362572789E+00    0.4078661919E+01
    17    0.5994364023E+00    0.2900626183E+01
    18    0.3796610534E+00    0.1832922459E+01
    19    0.1873656362E+00    0.8642373085E+00
    20    0.1384345628E-01    0.6780087948E-01
    21   -0.1319658905E+00   -0.6270740032E+00
    22   -0.2752701938E+00   -0.1076713204E+01
    23   -0.4536068738E+00   -0.1603079557E+01
    24   -0.6761928797E+00   -0.2330359936E+01
    25   -0.1016037822E+01   -0.3202140808E+01
    26   -0.1491638064E+01   -0.4497663021E+01
    27   -0.2096603632E+01   -0.5911314011E+01
    28   -0.2700645924E+01   -0.7723163128E+01
    29   -0.3435637236E+01   -0.9493919373E+01
    30   -0.4152065277E+01   -0.1136985016E+02
    31   -0.5140525341E+01   -0.1379755402E+02
    32   -0.7220925331E+01   -0.1885695076E+02
    33   -0.1148871326E+02   -0.2942033958E+02
    34   -0.2129999542E+02   -0.5716603851E+02
    35   -0.7030156708E+02   -0.1922187653E+03
    36   -0.1772493286E+03   -0.4971349182E+03
     1    0.0000000000E+00    0.0000000000E+00
     2    0.5998322678E+02    0.1561505127E+03
     3    0.3564535522E+03    0.1333909790E+04
     4    0.9267046928E+01    0.3702978897E+02
     5    0.8588109970E+01    0.3601308441E+02
     6    0.8197986603E+01    0.3424005508E+02
     7    0.7825451374E+01    0.3171468925E+02
     8    0.5336782455E+01    0.2195912743E+02
     9    0.3261800051E+01    0.1355052662E+02
    10    0.2983596802E+01    0.1257026100E+02
    11    0.2697584629E+01    0.1151842022E+02
    12    0.2390385866E+01    0.1034989262E+02
    13    0.2088800907E+01    0.9117232323E+01
    14    0.1750030637E+01    0.7848027706E+01
    15    0.1407644749E+01    0.6576303482E+01
    16    0.1087269187E+01    0.5302917480E+01
    17    0.8376603127E+00    0.4053373337E+01
    18    0.5973787904E+00    0.2884017229E+01
    19    0.3833713830E+00    0.1768327594E+01
    20    0.1749726385E+00    0.8569608331E+00
    21    0.1379349921E-01    0.6554380059E-01
    22   -0.1302319318E+00   -0.5093992352E+00
    23   -0.2783131301E+00   -0.9835786819E+00
    24   -0.4402244985E+00   -0.1517143130E+01
    25   -0.6700400710E+00   -0.2111695766E+01
    26   -0.9951328635E+00   -0.3000575066E+01
    27   -0.1432858706E+01   -0.4039904594E+01
    28   -0.1913202167E+01   -0.5471273899E+01
    29   -0.2531022787E+01   -0.6994139671E+01
    30   -0.3132079601E+01   -0.8576760292E+01
    31   -0.3776748657E+01   -0.1013707542E+02
    32   -0.4761781693E+01   -0.1243506622E+02
    33   -0.6478531837E+01   -0.1659024811E+02
    34   -0.1007205486E+02   -0.2703190422E+02
    35   -0.1970877457E+02   -0.5388779068E+02
    36   -0.6704636383E+02   -0.1880463409E+03
    37   -0.1755757446E+03   -0.4983711243E+03
     1    0.0000000000E+00    0.0000000000E+00
     2    0.5916417313E+02    0.1540183258E+03
     3    0.3550426025E+03    0.1328629639E+04
     4    0.9315644264E+01    0.3722397995E+02
     5    0.8681477547E+01    0.3640460587E+02
     6    0.8355608940E+01    0.3489838791E+02
     7    0.8069472313E+01    0.3270364380E+02
     8    0.5575101376E+01    0.2293972778E+02
     9    0.3452821255E+01    0.1434408855E+02
    10    0.3196496248E+01    0.1346723175E+02
    11    0.2931298494E+01    0.1251635647E+02
    12    0.2641538143E+01    0.1143733215E+02
    13    0.2354990959E+01    0.1027910233E+02
    14    0.2021610260E+01    0.9065929413E+01
    15    0.1675527334E+01    0.7827810764E+01
    16    0.1344301224E+01    0.6556534767E+01
    17    0.1089093328E+01    0.5270038605E+01
    18    0.8347850442E+00    0.4030163765E+01
    19    0.6032168269E+00    0.2782380104E+01
    20    0.3580138981E+00    0.1753439307E+01
    21    0.1743412465E+00    0.8284327984E+00
    22    0.1361226197E-01    0.5324405804E-01
    23   -0.1316715479E+00   -0.4653367698E+00
    24   -0.2701022327E+00   -0.9308517575E+00
    25   -0.4362187982E+00   -0.1374785423E+01
    26   -0.6562540531E+00   -0.1978770494E+01
    27   -0.9559188485E+00   -0.2695185900E+01
    28   -0.1307518601E+01   -0.3739172459E+01
    29   -0.1793037057E+01   -0.4954815388E+01
    30   -0.2307393074E+01   -0.6318471432E+01
    31   -0.2848962069E+01   -0.7646826267E+01
    32   -0.3498485565E+01   -0.9136054993E+01
    33   -0.4272216320E+01   -0.1094030666E+02
    34   -0.5679671764E+01   -0.1524339867E+02
    35   -0.9319620132E+01   -0.2548173141E+02
    36   -0.1879619026E+02   -0.5271806717E+02
    37   -0.6641330719E+02   -0.1885139465E+03
    38   -0.1729987946E+03   -0.4918193970E+03
     1    0.0000000000E+00    0.0000000000E+00
     2    0.5834886551E+02    0.1518959045E+03
     3    0.3535927429E+03    0.1323203979E+04
     4    0.9346017838E+01    0.3734534836E+02
     5    0.8748836517E+01    0.3668706894E+02
     6    0.8478108406E+01    0.3541002274E+02
     7    0.8268718719E+01    0.3351114273E+02
     8    0.5776134014E+01    0.2376691818E+02
     9    0.3617789507E+01    0.1502941704E+02
    10    0.3383693218E+01    0.1425591469E+02
    11    0.3140465975E+01    0.1340948009E+02
    12    0.2870396376E+01    0.1242824173E+02
    13    0.2602424383E+01    0.1135910416E+02
    14    0.2279237747E+01    0.1022126293E+02
    15    0.1935545325E+01    0.9042575836E+01
    16    0.1600129366E+01    0.7804280281E+01
    17    0.1346556664E+01    0.6515883446E+01
    18    0.1085355043E+01    0.5239862442E+01
    19    0.8429431319E+00    0.3888134480E+01
    20    0.5633180141E+00    0.2758954048E+01
    21    0.3567219675E+00    0.1695067406E+01
    22    0.1720505059E+00    0.6729716659E+00
    23    0.1376273576E-01    0.4863850400E-01
    24   -0.1277869493E+00   -0.4403914213E+00
    25   -0.2676445246E+00   -0.8435074091E+00
    26   -0.4272435904E+00   -0.1288246512E+01
    27   -0.6303938031E+00   -0.1777377248E+01
    28   -0.8722992539E+00   -0.2494555235E+01
    29   -0.1225395560E+01   -0.3386214972E+01
    30   -0.1634612203E+01   -0.4476156712E+01
    31   -0.2098820925E+01   -0.5633392811E+01
    32   -0.2639055967E+01   -0.6891714096E+01
    33   -0.3138801098E+01   -0.8037853241E+01
    34   -0.3745414257E+01   -0.1005213833E+02
    35   -0.5255371094E+01   -0.1436925125E+02
    36   -0.8888089180E+01   -0.2492860985E+02
    37   -0.1861871529E+02   -0.5284915924E+02
    38   -0.6543854523E+02   -0.1860356750E+03
    39   -0.1740067444E+03   -0.4932077332E+03
     1    0.0000000000E+00    0.0000000000E+00
     2    0.5753742218E+02    0.1497835083E+03
     3    0.3521103210E+03    0.1317656738E+04
     4    0.9362153053E+01    0.3740982056E+02
     5    0.8794716835E+01    0.3687946320E+02
     6    0.8570280075E+01    0.3579498672E+02
     7    0.8427700996E+01    0.3415546036E+02
     8    0.5942465782E+01    0.2445131493E+02
     9    0.3757785559E+01    0.1561100483E+02
    10    0.3545358658E+01    0.1493703079E+02
    11    0.3324381590E+01    0.1419478035E+02
    12    0.3075217962E+01    0.1331507874E+02
    13    0.2827893972E+01    0.1234323692E+02
    14    0.2518712282E+01    0.1129518700E+02
    15    0.2182204962E+01    0.1019493294E+02
    16    0.1848446488E+01    0.9015393257E+01
    17    0.1602813959E+01    0.7755893230E+01
    18    0.1341934562E+01    0.6478574276E+01
    19    0.1095961809E+01    0.5055202007E+01
    20    0.7871880531E+00    0.3855398655E+01
    21    0.5612851977E+00    0.2667109013E+01
    22    0.3520348668E+00    0.1376976490E+01
    23    0.1739524007E+00    0.6147603393E+00
    24    0.1335670426E-01    0.4603113234E-01
    25   -0.1266241819E+00   -0.3990682960E+00
    26   -0.2621377409E+00   -0.7904110551E+00
    27   -0.4104076624E+00   -0.1157132745E+01
    28   -0.5752497315E+00   -0.1645068645E+01
    29   -0.8175116181E+00   -0.2259083033E+01
    30   -0.1117125034E+01   -0.3059090137E+01
    31   -0.1486855030E+01   -0.3990829945E+01
    32   -0.1944184184E+01   -0.5077103615E+01
    33   -0.2367731094E+01   -0.6063293934E+01
    34   -0.2751759529E+01   -0.7385315418E+01
    35   -0.3465612650E+01   -0.9475687981E+01
    36   -0.5012029171E+01   -0.1405734348E+02
    37   -0.8804166794E+01   -0.2499059677E+02
    38   -0.1834544563E+02   -0.5215439224E+02
    39   -0.6581981659E+02   -0.1865608368E+03
    40   -0.1745677643E+03   -0.4941680908E+03
     1    0.0000000000E+00    0.0000000000E+00
     2    0.5672994614E+02    0.1476814575E+03
     3    0.3505999451E+03    0.1312004517E+04
     4    0.9367802620E+01    0.3743239212E+02
     5    0.8823391914E+01    0.3699970627E+02
     6    0.8636775970E+01    0.3607271957E+02
     7    0.8551257133E+01    0.3465620422E+02
     8    0.6077171803E+01    0.2500558662E+02
     9    0.3874239445E+01    0.1609479141E+02
    10    0.3682551861E+01    0.1551504326E+02
    11    0.3483212709E+01    0.1487297630E+02
    12    0.3255312204E+01    0.1409485149E+02
    13    0.3029682875E+01    0.1322400761E+02
    14    0.2736929178E+01    0.1227378273E+02
    15    0.2411484241E+01    0.1126609039E+02
    16    0.2084006786E+01    0.1016428661E+02
    17    0.1851547599E+01    0.8959495544E+01
    18    0.1597312212E+01    0.7711482048E+01
    19    0.1355049014E+01    0.6250258923E+01
    20    0.1023471236E+01    0.5012639523E+01
    21    0.7843473554E+00    0.3727053165E+01
    22    0.5539103150E+00    0.2166607618E+01
    23    0.3559263647E+00    0.1257869482E+01
    24    0.1688204110E+00    0.5818048120E+00
    25    0.1323516946E-01    0.4171190783E-01
    26   -0.1240189001E+00   -0.3739480674E+00
    27   -0.2518079579E+00   -0.7099654078E+00
    28   -0.3745070398E+00   -0.1070995331E+01
    29   -0.5391192436E+00   -0.1489783287E+01
    30   -0.7452799678E+00   -0.2040844440E+01
    31   -0.1016144872E+01   -0.2727408886E+01
    32   -0.1377306461E+01   -0.3596741438E+01
    33   -0.1744299889E+01   -0.4466809273E+01
    34   -0.2075769186E+01   -0.5571056843E+01
    35   -0.2546188593E+01   -0.6961797237E+01
    36   -0.3305142641E+01   -0.9270003319E+01
    37   -0.4964704990E+01   -0.1409229851E+02
    38   -0.8674946785E+01   -0.2466206551E+02
    39   -0.1845233345E+02   -0.5230161285E+02
    40   -0.6603203583E+02   -0.1869240875E+03
    41   -0.1755281982E+03   -0.4949288330E+03
     1    0.0000000000E+00    0.0000000000E+00
     2    0.5592654037E+02    0.1455899963E+03
     3    0.3490645447E+03    0.1306258911E+04
     4    0.9366215706E+01    0.3742605591E+02
     5    0.8838624954E+01    0.3706358337E+02
     6    0.8682069778E+01    0.3626189041E+02
     7    0.8644223213E+01    0.3503297424E+02
     8    0.6183649063E+01    0.2544370651E+02
     9    0.3969244719E+01    0.1648947144E+02
    10    0.3796674252E+01    0.1599585819E+02
    11    0.3618001461E+01    0.1544851017E+02
    12    0.3410844088E+01    0.1476827335E+02
    13    0.3207110643E+01    0.1399844742E+02
    14    0.2932227135E+01    0.1314959717E+02
    15    0.2620411158E+01    0.1224216461E+02
    16    0.2302968264E+01    0.1123222446E+02
    17    0.2087502956E+01    0.1010126686E+02
    18    0.1845192313E+01    0.8908194542E+01
    19    0.1612922192E+01    0.7439718723E+01
    20    0.1265421391E+01    0.6197635174E+01
    21    0.1019778013E+01    0.4845769405E+01
    22    0.7740415335E+00    0.3027646065E+01
    23    0.5600333214E+00    0.1979198456E+01
    24    0.3454257250E+00    0.1190438628E+01
    25    0.1672842801E+00    0.5272125006E+00
    26    0.1296285540E-01    0.3908625990E-01
    27   -0.1191318259E+00   -0.3358887732E+00
    28   -0.2297809422E+00   -0.6571152806E+00
    29   -0.3509848714E+00   -0.9698992968E+00
    30   -0.4914850891E+00   -0.1345862985E+01
    31   -0.6779119968E+00   -0.1819566369E+01
    32   -0.9412774444E+00   -0.2458081484E+01
    33   -0.1235703707E+01   -0.3164394379E+01
    34   -0.1529212475E+01   -0.4104179859E+01
    35   -0.1920698285E+01   -0.5251578808E+01
    36   -0.2428291321E+01   -0.6810679913E+01
    37   -0.3273935556E+01   -0.9293053627E+01
    38   -0.4891837120E+01   -0.1390703678E+02
    39   -0.8725490570E+01   -0.2473168373E+02
    40   -0.1851182747E+02   -0.5240345383E+02
    41   -0.6639531708E+02   -0.1872118530E+03
    42   -0.1762223511E+03   -0.4972205811E+03
     1    0.0000000000E+00    0.0000000000E+00
     2    0.5512730789E+02    0.1435093994E+03
     3    0.3475059814E+03    0.1300426392E+04
     4    0.9360063553E+01    0.3740147400E+02
     5    0.8843957901E+01    0.3708594894E+02
     6    0.8710376740E+01    0.3638012314E+02
     7    0.8711294174E+01    0.3530479813E+02
     8    0.6265435219E+01    0.2578022957E+02
     9    0.4044892788E+01    0.1680373764E+02
    10    0.3889777422E+01    0.1638811111E+02
    11    0.3730123758E+01    0.1592726040E+02
    12    0.3542832375E+01    0.1533975410E+02
    13    0.3360339403E+01    0.1466726208E+02
    14    0.3103947401E+01    0.1391967869E+02
    15    0.2807394743E+01    0.1311572456E+02
    16    0.2502493620E+01    0.1220536423E+02
    17    0.2306832075E+01    0.1116258335E+02
    18    0.2080337763E+01    0.1004342556E+02
    19    0.1863224745E+01    0.8594255447E+01
    20    0.1506238222E+01    0.7377079964E+01
    21    0.1260854959E+01    0.5991316319E+01
    22    0.1006378651E+01    0.3936427593E+01
    23    0.7825980186E+00    0.2765757799E+01
    24    0.5435110927E+00    0.1873099208E+01
    25    0.3422826529E+00    0.1078736663E+01
    26    0.1638424098E+00    0.4940259159E+00
    27    0.1245204359E-01    0.3510817885E-01
    28   -0.1087107062E+00   -0.3108851016E+00
    29   -0.2153487802E+00   -0.5950872898E+00
    30   -0.3199734092E+00   -0.8762022853E+00
    31   -0.4470583200E+00   -0.1199937820E+01
    32   -0.6279647946E+00   -0.1639886975E+01
    33   -0.8445033431E+00   -0.2162607193E+01
    34   -0.1083330512E+01   -0.2907499075E+01
    35   -0.1414972186E+01   -0.3868821383E+01
    36   -0.1831763268E+01   -0.5137585163E+01
    37   -0.2405363321E+01   -0.6827615261E+01
    38   -0.3225883245E+01   -0.9170886040E+01
    39   -0.4920339108E+01   -0.1394629478E+02
    40   -0.8753623009E+01   -0.2477983856E+02
    41   -0.1861367416E+02   -0.5248412323E+02
    42   -0.6665789795E+02   -0.1880787506E+03
    43   -0.1760607147E+03   -0.4971064453E+03
     1    0.0000000000E+00    0.0000000000E+00
     2    0.5433233643E+02    0.1414398956E+03
     3    0.3459245605E+03    0.1294508545E+04
     4    0.9351782799E+01    0.3736838531E+02
     5    0.8842460632E+01    0.3707966614E+02
     6    0.8725415230E+01    0.3644293213E+02
     7    0.8756977081E+01    0.3548993683E+02
     8    0.6326102734E+01    0.2602985573E+02
     9    0.4103555679E+01    0.1704744148E+02
    10    0.3963910818E+01    0.1670044518E+02
    11    0.3821594715E+01    0.1631783295E+02
    12    0.3652624846E+01    0.1581513596E+02
    13    0.3490373135E+01    0.1523483658E+02
    14    0.3252247095E+01    0.1458473110E+02
    15    0.2971804380E+01    0.1388382149E+02
    16    0.2681062937E+01    0.1307629776E+02
    17    0.2506692171E+01    0.1212969017E+02
    18    0.2298914194E+01    0.1109866619E+02
    19    0.2100668192E+01    0.9689479828E+01
    20    0.1739984989E+01    0.8521897316E+01
    21    0.1500802755E+01    0.7131497383E+01
    22    0.1244288087E+01    0.4867004871E+01
    23    0.1017503500E+01    0.3595931053E+01
    24    0.7595095634E+00    0.2617493629E+01
    25    0.5385655761E+00    0.1697341323E+01
    26    0.3352401853E+00    0.1010833144E+01
    27    0.1573860496E+00    0.4437454939E+00
    28    0.1136279386E-01    0.3249471635E-01
    29   -0.1018827632E+00   -0.2815392613E+00
    30   -0.1963215172E+00   -0.5375989676E+00
    31   -0.2910501063E+00   -0.7812002301E+00
    32   -0.4141199887E+00   -0.1081445932E+01
    33   -0.5634028316E+00   -0.1442763805E+01
    34   -0.7403687239E+00   -0.1987040043E+01
    35   -0.1002400279E+01   -0.2740765333E+01
    36   -0.1349454165E+01   -0.3784842491E+01
    37   -0.1814467669E+01   -0.5150360107E+01
    38   -0.2370059490E+01   -0.6737858295E+01
    39   -0.3244678736E+01   -0.9196772575E+01
    40   -0.4936203003E+01   -0.1397344971E+02
    41   -0.8801782608E+01   -0.2481798553E+02
    42   -0.1868728638E+02   -0.5272715378E+02
    43   -0.6659674835E+02   -0.1880355682E+03
    44   -0.1760702209E+03   -0.4973631592E+03
     1    0.0000000000E+00    0.0000000000E+00
     2    0.5354171371E+02    0.1393817291E+03
     3    0.3443198853E+03    0.1288503662E+04
     4    0.9343347549E+01    0.3733468246E+02
     5    0.8836651802E+01    0.3705531311E+02
     6    0.8730679512E+01    0.3646491623E+02
     7    0.8785530090E+01    0.3560565567E+02
     8    0.6369012356E+01    0.2620641327E+02
     9    0.4147535801E+01    0.1723014641E+02
    10    0.4021399498E+01    0.1694265175E+02
    11    0.3894428730E+01    0.1662882805E+02
    12    0.3742195606E+01    0.1620295715E+02
    13    0.3598540068E+01    0.1570696545E+02
    14    0.3378098249E+01    0.1514911079E+02
    15    0.3113790751E+01    0.1454716110E+02
    16    0.2838074207E+01    0.1384208679E+02
    17    0.2685560942E+01    0.1299522305E+02
    18    0.2498087883E+01    0.1206023502E+02
    19    0.2321380615E+01    0.1070753193E+02
    20    0.1961722851E+01    0.9607899666E+01
    21    0.1733705878E+01    0.8238204002E+01
    22    0.1481083155E+01    0.5793223381E+01
    23    0.1258042932E+01    0.4446014404E+01
    24    0.9874848723E+00    0.3403163195E+01
    25    0.7525987029E+00    0.2371886969E+01
    26    0.5274846554E+00    0.1590498328E+01
    27    0.3220297396E+00    0.9079536200E+00
    28    0.1436186284E+00    0.4107128978E+00
    29    0.1064911578E-01    0.2942739055E-01
    30   -0.9288085252E-01   -0.2543411851E+00
    31   -0.1785754561E+00   -0.4793098569E+00
    32   -0.2696061432E+00   -0.7040578723E+00
    33   -0.3715437055E+00   -0.9514504075E+00
    34   -0.4939302802E+00   -0.1325635791E+01
    35   -0.6850592494E+00   -0.1873091221E+01
    36   -0.9559855461E+00   -0.2681272745E+01
    37   -0.1336712480E+01   -0.3794253826E+01
    38   -0.1787836432E+01   -0.5082652092E+01
    39   -0.2383868217E+01   -0.6756877899E+01
    40   -0.3255140066E+01   -0.9214680672E+01
    41   -0.4963360786E+01   -0.1399496174E+02
    42   -0.8836591721E+01   -0.2493290329E+02
    43   -0.1867014313E+02   -0.5271504974E+02
    44   -0.6660035706E+02   -0.1881326599E+03
    45   -0.1752238922E+03   -0.4968496704E+03
     1    0.0000000000E+00    0.0000000000E+00
     2    0.5275553894E+02    0.1373351440E+03
     3    0.3426907043E+03    0.1282406860E+04
     4    0.9336344719E+01    0.3730669785E+02
     5    0.8828834534E+01    0.3702252579E+02
     6    0.8729200363E+01    0.3645874023E+02
     7    0.8800696373E+01    0.3566712570E+02
     8    0.6397452831E+01    0.2632344055E+02
     9    0.4179133892E+01    0.1736141777E+02
    10    0.4064498901E+01    0.1712423325E+02
    11    0.3950909615E+01    0.1686999702E+02
    12    0.3813516378E+01    0.1651176262E+02
    13    0.3686784506E+01    0.1609213448E+02
    14    0.3482785702E+01    0.1561858368E+02
    15    0.3234283924E+01    0.1511008549E+02
    16    0.2973671198E+01    0.1450343132E+02
    17    0.2842835903E+01    0.1375626373E+02
    18    0.2676342964E+01    0.1292081261E+02
    19    0.2522500992E+01    0.1163521385E+02
    20    0.2167836666E+01    0.1061738014E+02
    21    0.1954643846E+01    0.9288055420E+01
    22    0.1710926056E+01    0.6692248821E+01
    23    0.1497455359E+01    0.5292115688E+01
    24    0.1220927835E+01    0.4207675934E+01
    25    0.9784995914E+00    0.3083835363E+01
    26    0.7371140122E+00    0.2222583294E+01
    27    0.5066986680E+00    0.1428622246E+01
    28    0.2938600183E+00    0.8403652310E+00
    29    0.1345981807E+00    0.3719438910E+00
    30    0.9708206169E-02    0.2658456378E-01
    31   -0.8448509127E-01   -0.2267642915E+00
    32   -0.1654183716E+00   -0.4319787621E+00
    33   -0.2418875396E+00   -0.6194264293E+00
    34   -0.3257291317E+00   -0.8742087483E+00
    35   -0.4570311606E+00   -0.1249615908E+01
    36   -0.6533386707E+00   -0.1832432628E+01
    37   -0.9469591379E+00   -0.2687940121E+01
    38   -0.1317093372E+01   -0.3744373322E+01
    39   -0.1798253059E+01   -0.5096999645E+01
    40   -0.2391554117E+01   -0.6770034313E+01
    41   -0.3273048639E+01   -0.9228865623E+01
    42   -0.4982988834E+01   -0.1405976391E+02
    43   -0.8828485489E+01   -0.2492718124E+02
    44   -0.1867115402E+02   -0.5274226761E+02
    45   -0.6628021240E+02   -0.1879384308E+03
    46   -0.1761748199E+03   -0.4979052124E+03
     1    0.0000000000E+00    0.0000000000E+00
     2    0.5197391891E+02    0.1353003998E+03
     3    0.3410351562E+03    0.1276211548E+04
     4    0.9332049370E+01    0.3728953552E+02
     5    0.8820872307E+01    0.3698913574E+02
     6    0.8723466873E+01    0.3643479538E+02
     7    0.8806006432E+01    0.3568864441E+02
     8    0.6414326668E+01    0.2639286995E+02
     9    0.4200583935E+01    0.1745052528E+02
    10    0.4095465183E+01    0.1725469780E+02
    11    0.3993253708E+01    0.1705080032E+02
    12    0.3868823528E+01    0.1675123405E+02
    13    0.3757049084E+01    0.1639882851E+02
    14    0.3568191290E+01    0.1600158501E+02
    15    0.3334514618E+01    0.1557834911E+02
    16    0.3088742256E+01    0.1506466389E+02
    17    0.2978660345E+01    0.1441350842E+02
    18    0.2833077908E+01    0.1367749500E+02
    19    0.2702497959E+01    0.1246546268E+02
    20    0.2355654240E+01    0.1153725147E+02
    21    0.2160013676E+01    0.1026392937E+02
    22    0.1928961039E+01    0.7545087337E+01
    23    0.1729839087E+01    0.6113376617E+01
    24    0.1453277111E+01    0.5008420467E+01
    25    0.1209818363E+01    0.3812858582E+01
    26    0.9583668709E+00    0.2889716387E+01
    27    0.7080672979E+00    0.1996375680E+01
    28    0.4623748958E+00    0.1322275162E+01
    29    0.2754031420E+00    0.7610393763E+00
    30    0.1227056831E+00    0.3360123038E+00
    31    0.8830654435E-02    0.2370213531E-01
    32   -0.7826039940E-01   -0.2043716758E+00
    33   -0.1484114677E+00   -0.3800526261E+00
    34   -0.2120606750E+00   -0.5691395402E+00
    35   -0.3013954759E+00   -0.8240763545E+00
    36   -0.4358690381E+00   -0.1222491145E+01
    37   -0.6471698284E+00   -0.1836989403E+01
    38   -0.9330604076E+00   -0.2652603626E+01
    39   -0.1324767232E+01   -0.3754943371E+01
    40   -0.1804051042E+01   -0.5106924057E+01
    41   -0.2404711962E+01   -0.6780456543E+01
    42   -0.3285992622E+01   -0.9271599770E+01
    43   -0.4978418350E+01   -0.1405653763E+02
    44   -0.8828963280E+01   -0.2494005394E+02
    45   -0.1858140564E+02   -0.5268782043E+02
    46   -0.6663991547E+02   -0.1883376923E+03
    47   -0.1760511932E+03   -0.4978767090E+03
     1    0.0000000000E+00    0.0000000000E+00
     2    0.5119694138E+02    0.1332777252E+03
     3    0.3393510132E+03    0.1269909180E+04
     4    0.9331354141E+01    0.3728675079E+02
     5    0.8814260483E+01    0.3696141434E+02
     6    0.8715749741E+01    0.3640256500E+02
     7    0.8804514885E+01    0.3568260193E+02
     8    0.6422391891E+01    0.2642605782E+02
     9    0.4213767052E+01    0.1750529289E+02
    10    0.4116484642E+01    0.1734325790E+02
    11    0.4023676872E+01    0.1718070412E+02
    12    0.3910287619E+01    0.1693076324E+02
    13    0.3811537266E+01    0.1663665962E+02
    14    0.3636195898E+01    0.1630655289E+02
    15    0.3416284323E+01    0.1596036530E+02
    16    0.3184462786E+01    0.1553152084E+02
    17    0.3093924522E+01    0.1497126198E+02
    18    0.2968436241E+01    0.1433097458E+02
    19    0.2860764742E+01    0.1319547939E+02
    20    0.2523745775E+01    0.1236051083E+02
    21    0.2347153425E+01    0.1115317822E+02
    22    0.2131632566E+01    0.8337833405E+01
    23    0.1950284362E+01    0.6892446041E+01
    24    0.1678804994E+01    0.5785655975E+01
    25    0.1440053463E+01    0.4538466930E+01
    26    0.1184926271E+01    0.3572849751E+01
    27    0.9206016660E+00    0.2595609903E+01
    28    0.6461287737E+00    0.1847764730E+01
    29    0.4333339036E+00    0.1197459698E+01
    30    0.2510697544E+00    0.6875193119E+00
    31    0.1116139591E+00    0.2995802164E+00
    32    0.8180029690E-02    0.2136158757E-01
    33   -0.7021433860E-01   -0.1798051149E+00
    34   -0.1301110387E+00   -0.3491987884E+00
    35   -0.1962186396E+00   -0.5365015864E+00
    36   -0.2874397933E+00   -0.8061885238E+00
    37   -0.4317535162E+00   -0.1225530982E+01
    38   -0.6376711726E+00   -0.1812839866E+01
    39   -0.9384967685E+00   -0.2660091400E+01
    40   -0.1329038501E+01   -0.3762254953E+01
    41   -0.1813976526E+01   -0.5114786148E+01
    42   -0.2414222002E+01   -0.6811853409E+01
    43   -0.3282978773E+01   -0.9269472122E+01
    44   -0.4978687763E+01   -0.1406379509E+02
    45   -0.8786524773E+01   -0.2491430473E+02
    46   -0.1868224525E+02   -0.5279974747E+02
    47   -0.6659315491E+02   -0.1883269196E+03
    48   -0.1760131531E+03   -0.4978956909E+03
     1    0.0000000000E+00    0.0000000000E+00
     2    0.5042469406E+02    0.1312674103E+03
     3    0.3376355896E+03    0.1263489624E+04
     4    0.9335029602E+01    0.3730144119E+02
     5    0.8810205460E+01    0.3694440842E+02
     6    0.8707888603E+01    0.3636972809E+02
     7    0.8798731804E+01    0.3565916061E+02
     8    0.6424089909E+01    0.2643304443E+02
     9    0.4220637798E+01    0.1753383827E+02
    10    0.4129404545E+01    0.1739768982E+02
    11    0.4044328213E+01    0.1726888466E+02
    12    0.3940078735E+01    0.1705975342E+02
    13    0.3852387667E+01    0.1681496429E+02
    14    0.3688931704E+01    0.1654304695E+02
    15    0.3481393814E+01    0.1626454735E+02
    16    0.3262552977E+01    0.1591238880E+02
    17    0.3189805508E+01    0.1543522263E+02
    18    0.3083304644E+01    0.1488553524E+02
    19    0.2997445822E+01    0.1382592964E+02
    20    0.2671544313E+01    0.1308438110E+02
    21    0.2514638424E+01    0.1194902992E+02
    22    0.2316313505E+01    0.9060208321E+01
    23    0.2155195951E+01    0.7616619110E+01
    24    0.1892746568E+01    0.6522961617E+01
    25    0.1663529158E+01    0.5242772102E+01
    26    0.1410424471E+01    0.4252783298E+01
    27    0.1138233185E+01    0.3209216356E+01
    28    0.8400714993E+00    0.2402391911E+01
    29    0.6055464745E+00    0.1673345923E+01
    30    0.3950464427E+00    0.1081779242E+01
    31    0.2283748388E+00    0.6129751205E+00
    32    0.1033904701E+00    0.2699971199E+00
    33    0.7339029107E-02    0.1879381016E-01
    34   -0.6155628711E-01   -0.1652079821E+00
    35   -0.1203910708E+00   -0.3291736245E+00
    36   -0.1871330440E+00   -0.5248559713E+00
    37   -0.2847258151E+00   -0.8081931472E+00
    38   -0.4254165888E+00   -0.1209419727E+01
    39   -0.6413865089E+00   -0.1817957163E+01
    40   -0.9415226579E+00   -0.2665271044E+01
    41   -0.1336350560E+01   -0.3768046618E+01
    42   -0.1821150184E+01   -0.5138469696E+01
    43   -0.2412007332E+01   -0.6810289383E+01
    44   -0.3283155918E+01   -0.9274259567E+01
    45   -0.4954756260E+01   -0.1404927731E+02
    46   -0.8834207535E+01   -0.2496723557E+02
    47   -0.1866913414E+02   -0.5279673004E+02
    48   -0.6657877350E+02   -0.1883341064E+03
    49   -0.1758990479E+03   -0.4979052124E+03
     1    0.0000000000E+00    0.0000000000E+00
     2    0.4965730667E+02    0.1292697144E+03
     3    0.3358862000E+03    0.1256943237E+04
     4    0.9343426704E+01    0.3733498764E+02
     5    0.8809547424E+01    0.3694165421E+02
     6    0.8701360703E+01    0.3634246826E+02
     7    0.8790948868E+01    0.3562761688E+02
     8    0.6421507835E+01    0.2642241859E+02
     9    0.4222835064E+01    0.1754296494E+02
    10    0.4136137486E+01    0.1742605782E+02
    11    0.4057021141E+01    0.1732308197E+02
    12    0.3960301161E+01    0.1714731407E+02
    13    0.3881737709E+01    0.1694306946E+02
    14    0.3728467703E+01    0.1672034645E+02
    15    0.3531884670E+01    0.1650043106E+02
    16    0.3324732542E+01    0.1621565628E+02
    17    0.3268026829E+01    0.1581372929E+02
    18    0.3178856611E+01    0.1534684086E+02
    19    0.3113436937E+01    0.1436094666E+02
    20    0.2799184561E+01    0.1370952415E+02
    21    0.2661903381E+01    0.1264880371E+02
    22    0.2481597662E+01    0.9706713676E+01
    23    0.2341918707E+01    0.8276510239E+01
    24    0.2091613293E+01    0.7208313942E+01
    25    0.1875524044E+01    0.5910894871E+01
    26    0.1629302144E+01    0.4912754536E+01
    27    0.1354845405E+01    0.3819947958E+01
    28    0.1038665652E+01    0.2970320940E+01
    29    0.7873079777E+00    0.2175619364E+01
    30    0.5520431399E+00    0.1511692524E+01
    31    0.3593370616E+00    0.9644874930E+00
    32    0.2115486413E+00    0.5524448156E+00
    33    0.9276075661E-01    0.2375420481E+00
    34    0.6434062030E-02    0.1726807095E-01
    35   -0.5695771798E-01   -0.1557339728E+00
    36   -0.1148165464E+00   -0.3220283687E+00
    37   -0.1853661090E+00   -0.5261610746E+00
    38   -0.2805468142E+00   -0.7975684404E+00
    39   -0.4278952777E+00   -0.1212833762E+01
    40   -0.6434544921E+00   -0.1821497083E+01
    41   -0.9467025995E+00   -0.2669374228E+01
    42   -0.1341635466E+01   -0.3785494328E+01
    43   -0.1819479585E+01   -0.5137290955E+01
    44   -0.2412137747E+01   -0.6813806534E+01
    45   -0.3267374754E+01   -0.9264684677E+01
    46   -0.4981644630E+01   -0.1407912350E+02
    47   -0.8828009605E+01   -0.2496580505E+02
    48   -0.1866510201E+02   -0.5279874420E+02
    49   -0.6653560638E+02   -0.1883376923E+03
    50   -0.1759465942E+03   -0.4982474976E+03
