   0.00000e+00  
   8.23605e+15  
   2.26538e+16  
   2.22189e+16  
   2.17795e+16  
   2.15182e+16  
   2.12628e+16  
   2.10940e+16  
   2.09959e+16  
   2.09013e+16  
   2.07955e+16  
   2.06984e+16  
   2.05825e+16  
   2.04115e+16  
   2.02246e+16  
   2.00408e+16  
   1.98436e+16  
   1.96123e+16  
   1.91704e+16  
   1.87844e+16  
   1.83571e+16  
   1.59116e+16  
   1.51851e+16  
   1.46875e+16  
   1.40181e+16  
   1.35517e+16  
   1.29786e+16  
   1.18073e+16  
   1.12509e+16  
   1.06815e+16  
   1.01465e+16  
   9.72551e+15  
   9.26661e+15  
   8.90195e+15  
   8.59375e+15  
   8.43007e+15  
   8.32561e+15  
   8.28641e+15  
   8.27922e+15  
   8.26858e+15  
   8.25992e+15  
   8.24260e+15  
   8.24085e+15  
   8.23998e+15  
   8.23349e+15  
   8.23605e+15  
   8.23605e+15  
   8.23605e+15  
   8.23605e+15  
   8.23605e+15  
