  -0.00000e+00  
  -7.54693e+01  
  -2.07583e+02  
  -2.03273e+02  
  -1.99233e+02  
  -1.96741e+02  
  -1.94441e+02  
  -1.92748e+02  
  -1.91847e+02  
  -1.90871e+02  
  -1.89889e+02  
  -1.88945e+02  
  -1.87849e+02  
  -1.85942e+02  
  -1.84217e+02  
  -1.82294e+02  
  -1.80425e+02  
  -1.77958e+02  
  -1.73801e+02  
  -1.69806e+02  
  -1.65758e+02  
  -1.42084e+02  
  -1.35261e+02  
  -1.30371e+02  
  -1.23990e+02  
  -1.19642e+02  
  -1.14262e+02  
  -1.02859e+02  
  -9.78192e+01  
  -9.25164e+01  
  -8.75751e+01  
  -8.37180e+01  
  -7.94544e+01  
  -7.58310e+01  
  -7.28955e+01  
  -7.14359e+01  
  -7.05323e+01  
  -7.02349e+01  
  -7.01855e+01  
  -7.01068e+01  
  -7.00478e+01  
  -6.99269e+01  
  -6.99350e+01  
  -6.99573e+01  
  -6.99181e+01  
  -6.99774e+01  
  -6.99962e+01  
  -6.99978e+01  
  -7.00066e+01  
  -7.00296e+01  
