  -0.00000e+00  
  -5.25066e+01  
  -1.44217e+02  
  -1.41066e+02  
  -1.38070e+02  
  -1.36291e+02  
  -1.34550e+02  
  -1.33359e+02  
  -1.32704e+02  
  -1.32027e+02  
  -1.31301e+02  
  -1.30620e+02  
  -1.29803e+02  
  -1.28485e+02  
  -1.27207e+02  
  -1.25941e+02  
  -1.24543e+02  
  -1.22835e+02  
  -1.19717e+02  
  -1.17035e+02  
  -1.14061e+02  
  -9.62125e+01  
  -9.19538e+01  
  -8.88756e+01  
  -8.43826e+01  
  -8.14209e+01  
  -7.75479e+01  
  -6.91595e+01  
  -6.57890e+01  
  -6.21995e+01  
  -5.87314e+01  
  -5.61515e+01  
  -5.32266e+01  
  -5.08849e+01  
  -4.88281e+01  
  -4.78773e+01  
  -4.72754e+01  
  -4.71171e+01  
  -4.71314e+01  
  -4.71012e+01  
  -4.70740e+01  
  -4.70021e+01  
  -4.70341e+01  
  -4.70656e+01  
  -4.70539e+01  
  -4.71191e+01  
  -4.71495e+01  
  -4.71666e+01  
  -4.71898e+01  
  -4.72166e+01  
