3.134899339374191296e+00
3.073210242640375345e+00
3.011813182997299165e+00
2.998597724460715597e+00
3.054218810120786554e+00
3.190218934742082624e+00
3.390517316194786357e+00
3.625239997697805361e+00
3.867661896664875254e+00
4.072869743794754527e+00
4.247174228879391222e+00
4.389790488450804773e+00
4.478592586934365904e+00
4.559500504419990996e+00
4.630627744120983103e+00
4.697727014643244381e+00
4.756315849292517051e+00
4.823176221125435426e+00
4.878935027167354832e+00
4.934099184706362884e+00
4.973937748226015643e+00
5.009759626445085878e+00
5.041550945027433173e+00
5.063732225403074771e+00
5.077658003820897825e+00
5.087348739128733754e+00
5.097387680901823259e+00
5.106802452317282359e+00
5.108158673228046176e+00
5.109646499032002964e+00
5.109132380012893826e+00
5.107739038653238417e+00
3.084627572411898999e+00
3.020636681869056872e+00
2.967848515593215719e+00
2.957503244066252535e+00
3.032534458638041386e+00
3.201295345368864620e+00
3.431378407989567503e+00
3.702328714973679435e+00
3.970442323852230171e+00
4.208220344013978043e+00
4.406215798016432039e+00
4.555592059478814626e+00
4.675694691543412773e+00
4.780753537328672031e+00
4.873534727614571516e+00
4.954998876691725229e+00
5.050325144929729504e+00
5.132126281115461097e+00
5.212207715061460078e+00
5.274835804279846663e+00
5.331706481014506060e+00
5.373074110777840140e+00
5.406003326935167053e+00
5.426206151301585123e+00
5.450998733418336961e+00
5.457296329422148595e+00
5.461828833343019163e+00
5.467221566833432966e+00
5.469943466133187826e+00
5.470702385378515054e+00
5.471434855356661409e+00
5.473369260350332333e+00
3.022904971064578561e+00
2.961731561712273919e+00
2.915920289550088196e+00
2.919470198344463530e+00
3.011720517936267161e+00
3.191233080616427742e+00
3.455390667163584784e+00
3.749986503005464211e+00
4.049618088005657590e+00
4.312870078487954117e+00
4.529470886741945534e+00
4.705708257711425091e+00
4.851125441574804853e+00
4.970522669280640571e+00
5.090651540888541327e+00
5.204129253418338763e+00
5.311379837617249855e+00
5.420516489306211660e+00
5.513950845565438463e+00
5.593897728704640748e+00
5.658735488428040306e+00
5.702703373351230454e+00
5.744002767997195669e+00
5.769253769865827053e+00
5.778818441355684676e+00
5.786344462212004380e+00
5.786376031191649894e+00
5.793042323982160013e+00
5.791473717066914162e+00
5.790570706979586646e+00
5.788058316529927083e+00
5.779699392978358219e+00
2.972672535329893950e+00
2.916784369091503404e+00
2.867229870071872799e+00
2.886549292794609922e+00
2.988605390294480912e+00
3.184459290181242519e+00
3.459669353299847927e+00
3.777242446494346151e+00
4.091996827796783087e+00
4.368675725707475088e+00
4.599369630509116291e+00
4.801239232104570043e+00
4.962270644878207015e+00
5.105536046093440916e+00
5.250377979097408776e+00
5.392091254174547821e+00
5.521430509799972519e+00
5.646671468052350207e+00
5.758885340378445683e+00
5.832005719041745806e+00
5.898946682261446028e+00
5.949625750985824801e+00
5.978345358047159941e+00
6.005409948604758519e+00
6.006469585511204912e+00
6.013817996275882649e+00
6.006912693291996952e+00
6.000809134702447700e+00
5.994639757649085077e+00
5.987110674538524968e+00
5.979875315671194791e+00
5.970882102734596408e+00
2.950822318215822637e+00
2.898131018349108690e+00
2.862903671927846450e+00
2.876741845148234944e+00
2.981609320506567684e+00
3.181701152014926759e+00
3.460689942694731513e+00
3.775567539534006034e+00
4.093457547641337513e+00
4.379600070054533667e+00
4.621718661448648291e+00
4.827585510892134835e+00
5.010637406223043655e+00
5.179815488051631611e+00
5.345773237915742548e+00
5.504247741384401316e+00
5.650902598150729261e+00
5.781720746836633396e+00
5.891715529168099152e+00
5.975255541712772178e+00
6.040734154181193638e+00
6.076046952009028779e+00
6.087131844987870188e+00
6.093693989753485418e+00
6.089509612579092845e+00
6.082676329292482365e+00
6.067722988229591330e+00
6.047654500433046643e+00
6.032990654705432831e+00
6.017504849628749319e+00
6.010007681113644473e+00
5.993259579940565906e+00
2.970139743890511941e+00
2.918941925075927646e+00
2.884544412570865024e+00
2.904035047962251870e+00
2.999076389129324394e+00
3.187814327667004566e+00
3.449932365015837110e+00
3.755807468803764593e+00
4.063511565348873589e+00
4.344973644298657511e+00
4.582308080438791897e+00
4.792523455140031530e+00
4.983052067131914065e+00
5.161026688300018428e+00
5.339742554203501079e+00
5.508867695212479099e+00
5.661883431404338474e+00
5.789671185524177588e+00
5.890600278129931588e+00
5.963660612953535001e+00
6.006274092853192137e+00
6.024420093889045091e+00
6.025211316908148262e+00
6.010956243039006885e+00
5.990404370832474790e+00
5.961883410997066868e+00
5.927121139172936815e+00
5.899075577359133682e+00
5.875482193281549748e+00
5.843696245191137173e+00
5.821739098115219946e+00
5.809793963973668873e+00
3.013698685816116996e+00
2.968305271366917353e+00
2.940757023395164094e+00
2.954102191602608674e+00
3.033767974594214323e+00
3.196923201296689054e+00
3.430867989392174522e+00
3.703443779639723488e+00
3.981756473896966853e+00
4.239297136612885986e+00
4.471815368995325279e+00
4.674667605006769477e+00
4.869695817918209713e+00
5.050790861449686808e+00
5.221451723270210010e+00
5.381978566001027531e+00
5.526987656552218020e+00
5.639881151286608052e+00
5.723175756292092409e+00
5.765844617962094354e+00
5.785659124808213427e+00
5.775742218743848078e+00
5.740918809737066475e+00
5.701033238252939839e+00
5.655312351678155380e+00
5.601035525053975839e+00
5.555131765504001784e+00
5.504113176294517906e+00
5.464614358241642655e+00
5.426214694648456849e+00
5.393444626478955506e+00
5.374323624260520127e+00
3.073855374316103006e+00
3.027972305754561777e+00
3.002048597292395815e+00
3.003240117659063291e+00
3.065794142075942030e+00
3.193710491091310555e+00
3.387253297413230779e+00
3.612627017891860248e+00
3.855944968057568811e+00
4.083556275095207688e+00
4.295812024652629901e+00
4.481363771879539826e+00
4.662943016257144357e+00
4.823562997773956695e+00
4.989402523101811759e+00
5.127570077680186245e+00
5.249972604434440804e+00
5.330621310553791403e+00
5.371809712809248794e+00
5.380210468780773247e+00
5.358393263973437293e+00
5.311126953704461862e+00
5.236822479827087484e+00
5.163245798079024063e+00
5.088895055002693013e+00
5.015150552977232223e+00
4.942943034817733228e+00
4.883971285404602902e+00
4.827204694558099085e+00
4.779352462494603770e+00
4.742781944768921676e+00
4.708430882667554052e+00
3.135906690366752070e+00
3.093869825590905620e+00
3.062247733491739066e+00
3.054373947907039533e+00
3.089785027059933409e+00
3.182217383025074842e+00
3.325040372149289158e+00
3.509794170257252599e+00
3.701454016975209260e+00
3.896241319996161412e+00
4.074160234528789282e+00
4.243753291709894349e+00
4.396237832018279335e+00
4.544334482153057131e+00
4.677414202868344084e+00
4.783712884893125405e+00
4.860905870754535840e+00
4.899522908460745008e+00
4.894044661214444147e+00
4.850883842375289134e+00
4.771078311897829494e+00
4.680090304742184237e+00
4.576209308030578349e+00
4.472442358164625098e+00
4.368691884430519146e+00
4.272989303782740222e+00
4.183615085515525855e+00
4.108563960035266582e+00
4.041354433989155837e+00
3.991494019556869777e+00
3.949145787593941304e+00
3.912832549885369104e+00
3.190827507083453529e+00
3.149089735284832603e+00
3.110813572136968741e+00
3.095963756604898531e+00
3.112499265770592771e+00
3.172813719821315104e+00
3.276308668013470982e+00
3.412837930211432447e+00
3.567557135591092443e+00
3.723370250251992974e+00
3.880321286109972068e+00
4.018074300591057302e+00
4.155718860599177056e+00
4.270603360934478232e+00
4.364609077162709738e+00
4.428719104332771828e+00
4.458537412596946581e+00
4.432601831231037792e+00
4.371562028465787897e+00
4.270638479217912398e+00
4.151476817310462586e+00
4.008343112968950628e+00
3.863634564104741376e+00
3.733420232641779801e+00
3.606933802100519504e+00
3.496271783296091673e+00
3.402126006769603084e+00
3.328805730506776417e+00
3.261179422061605493e+00
3.213779503238963997e+00
3.173809432980195577e+00
3.144548839857900457e+00
3.224042548017317156e+00
3.185921998902438101e+00
3.155363100780834262e+00
3.138587896351320072e+00
3.147276114422970839e+00
3.190434292237476210e+00
3.260186676639742931e+00
3.364861744498142571e+00
3.488460426948330806e+00
3.624131665678799852e+00
3.755135866414569090e+00
3.884479224881710824e+00
4.000181454289562843e+00
4.091536454825037694e+00
4.147298129069126205e+00
4.157477042412490498e+00
4.123778926489646501e+00
4.038145607437039430e+00
3.907705332995250913e+00
3.750407210676325320e+00
3.575026759920350461e+00
3.401436202402470244e+00
3.228552315634868108e+00
3.077944251481992577e+00
2.949768624371263304e+00
2.848757781500435460e+00
2.770225662377911124e+00
2.710904116746332360e+00
2.665826704018283255e+00
2.634179320621515163e+00
2.608888787245852825e+00
2.589698723546880910e+00
3.237199643241801983e+00
3.213159081476635759e+00
3.195299931582473718e+00
3.191461188655500880e+00
3.203365405949377465e+00
3.236712359489746671e+00
3.298218782301275187e+00
3.381593080306648957e+00
3.489200606245248082e+00
3.615611244978198968e+00
3.751733684780791833e+00
3.882714005880695041e+00
3.988248165170833470e+00
4.059492170501107999e+00
4.075478706249922922e+00
4.040999778229165784e+00
3.943683991783329734e+00
3.794191454597119151e+00
3.606180027960119716e+00
3.398024714552027703e+00
3.177828982441740724e+00
2.971869988070601210e+00
2.791711008824361073e+00
2.651960525349662756e+00
2.548497972426432057e+00
2.472030366983895444e+00
2.418013629025016709e+00
2.380571222421705713e+00
2.357376323416804365e+00
2.344186520619973457e+00
2.334740731167443517e+00
2.332421564857222407e+00
3.241418793970524348e+00
3.237848709550604109e+00
3.237642754901310038e+00
3.259082203282381851e+00
3.284822266453724993e+00
3.324065366379704844e+00
3.371695048540511053e+00
3.447072845251355044e+00
3.553844247092509345e+00
3.692740653473100210e+00
3.845387932785884200e+00
3.992438369048431301e+00
4.105590384880639654e+00
4.160855331023812553e+00
4.153292814546776235e+00
4.073036213170439623e+00
3.928936060858411405e+00
3.725063222652229999e+00
3.485703055845095211e+00
3.230855194971271160e+00
2.982834429686844313e+00
2.766312909961380129e+00
2.603644319305126853e+00
2.491279808523483741e+00
2.425069082049161384e+00
2.400385605778966092e+00
2.406948955097300225e+00
2.433582500958679340e+00
2.466078023614390435e+00
2.500949605450240032e+00
2.532145487923032068e+00
2.557746925406811922e+00
3.261419916299532318e+00
3.276082991058650862e+00
3.305437142822465812e+00
3.349489021990740500e+00
3.392063042177186905e+00
3.425191485901892818e+00
3.466496152359281435e+00
3.535457823682460088e+00
3.653268724042638027e+00
3.815327534717975144e+00
3.998372578748943695e+00
4.166799065783312273e+00
4.294864953206373848e+00
4.350623876381724209e+00
4.323189271031433911e+00
4.216614476875295559e+00
4.032660087313831632e+00
3.788438013756084022e+00
3.509790213072232046e+00
3.222213353976588923e+00
2.962247075943435615e+00
2.767275652894407134e+00
2.656209071254536980e+00
2.627061813174508931e+00
2.646211976183622472e+00
2.689798199322551486e+00
2.744331618088207581e+00
2.799336306035020261e+00
2.855307210148192443e+00
2.904360611718322716e+00
2.946789242744580761e+00
2.985310318756612347e+00
3.332534226980965908e+00
3.367488486053399566e+00
3.414014728444448199e+00
3.467122266787049156e+00
3.507863479645909166e+00
3.528021661470919224e+00
3.556316599365383357e+00
3.624040838885157712e+00
3.760792535886610555e+00
3.956108611056482260e+00
4.167492141788675220e+00
4.364716509745277584e+00
4.505534061423146497e+00
4.568154264026283329e+00
4.537968327662590617e+00
4.413607064996992513e+00
4.200804937145801610e+00
3.929012606589257217e+00
3.619190534340938736e+00
3.316043868084856072e+00
3.071493358963565345e+00
2.931452900328150424e+00
2.888449399374975357e+00
2.903451833025773254e+00
2.948340293796572809e+00
3.000415204980743322e+00
3.062291860669785759e+00
3.124508451758389427e+00
3.177693752597046117e+00
3.227711952377388283e+00
3.270505918884415664e+00
3.300124713828475276e+00
3.484909178065999313e+00
3.524693668421241544e+00
3.570057388983752578e+00
3.610023919399390380e+00
3.624482441504170982e+00
3.617667644306388652e+00
3.622684374291597731e+00
3.694976205732713126e+00
3.869152031521139623e+00
4.111573557992985961e+00
4.356341459500547408e+00
4.561686426356012625e+00
4.705634048318771967e+00
4.771286759253672294e+00
4.741072115451155256e+00
4.609478945709051700e+00
4.379920355196148307e+00
4.084040962937209862e+00
3.755695797955590720e+00
3.452240874772812607e+00
3.240980167635166165e+00
3.141909101367463819e+00
3.123560065617013937e+00
3.144668358361328853e+00
3.183870713444290512e+00
3.241731697080046271e+00
3.296093719598006899e+00
3.352026827661747976e+00
3.398908089830934287e+00
3.437640507480328012e+00
3.474095328274362071e+00
3.499889732959322597e+00
3.715856079193175621e+00
3.737624818658263237e+00
3.755398101623262708e+00
3.754489024231441263e+00
3.715164773597741998e+00
3.665724728546349898e+00
3.652955655268883550e+00
3.759885662815996010e+00
4.015043109615293204e+00
4.318315852010429445e+00
4.590511767319481962e+00
4.790305394975885811e+00
4.905371340927202617e+00
4.943360442876721272e+00
4.899197479926702847e+00
4.758913215338035130e+00
4.519372201030585678e+00
4.207961274432366672e+00
3.871075818611716457e+00
3.585139174799171879e+00
3.410176975132385380e+00
3.332407621345986115e+00
3.315508393760970396e+00
3.338515150961356870e+00
3.379014233612847917e+00
3.426856609035244361e+00
3.477777198520046742e+00
3.523787928807695646e+00
3.562129981422975877e+00
3.595970744770261351e+00
3.619557687212351382e+00
3.640154667368471930e+00
3.958404722397405262e+00
3.948316446423156822e+00
3.918837256715077544e+00
3.852141451410322048e+00
3.753490292673138828e+00
3.658525329507566592e+00
3.658600088435028042e+00
3.876367964657720933e+00
4.219874991317303703e+00
4.565506494812356486e+00
4.849696235547200196e+00
5.041956200755703499e+00
5.127964269177558876e+00
5.115811912921436999e+00
5.017803136424721089e+00
4.846681555044314749e+00
4.595787241986061922e+00
4.281732235585911539e+00
3.953900333602736961e+00
3.704004897487043646e+00
3.559785144557011005e+00
3.495350241424704407e+00
3.486337806880360102e+00
3.508936509143810500e+00
3.548913703588898461e+00
3.595821760639178688e+00
3.643153650152632483e+00
3.682394804020702850e+00
3.718555564419931070e+00
3.743784943458261072e+00
3.767820170188269646e+00
3.782223560245884020e+00
4.136598635931116874e+00
4.084797744228764849e+00
3.995895447156478486e+00
3.872248156904983585e+00
3.717782270918041032e+00
3.612414067984838439e+00
3.741153327176734322e+00
4.080790843646071586e+00
4.478344368461834257e+00
4.844559648202925395e+00
5.128683895401526804e+00
5.297980771043580894e+00
5.349913404108355586e+00
5.291946588036384291e+00
5.137377248959473341e+00
4.915450905116926172e+00
4.636628162825077837e+00
4.317288125496383522e+00
3.998904352377675053e+00
3.766466070131136323e+00
3.637852775012698103e+00
3.580519199891796234e+00
3.574189057544810311e+00
3.599381438434487990e+00
3.643128082322968364e+00
3.685877910911772304e+00
3.730768243618424407e+00
3.767664884045080154e+00
3.800792240712269621e+00
3.827710317013351737e+00
3.848996580259027578e+00
3.867716351486461424e+00
4.186697790135276875e+00
4.096230383118514062e+00
3.968881141258197687e+00
3.801818427818539181e+00
3.645922704468258502e+00
3.686743741052352252e+00
3.969419956614345324e+00
4.371872126983858742e+00
4.783664791031858599e+00
5.145774022515321455e+00
5.411226335973091217e+00
5.554386141402479105e+00
5.568937316153866668e+00
5.456252007782514291e+00
5.248093983874942303e+00
4.976149448070457559e+00
4.662145546292418175e+00
4.320535650838043473e+00
3.990071815590397808e+00
3.749059871207107708e+00
3.617766409918814485e+00
3.563882230016891750e+00
3.559815548824206033e+00
3.586127771669323838e+00
3.628507111083998371e+00
3.672571819255155301e+00
3.716175621246082361e+00
3.756163477951786955e+00
3.786278315031068598e+00
3.814244140445865572e+00
3.835864612147415809e+00
3.848611245093343403e+00
4.123266598723242637e+00
4.009982794353707192e+00
3.873471280314213061e+00
3.765262232705241630e+00
3.775949970988231374e+00
3.973374185860555574e+00
4.323460449752507984e+00
4.737325836632979126e+00
5.137503696334293934e+00
5.468149716028727347e+00
5.695272838112363623e+00
5.800132798275768664e+00
5.769692601563670031e+00
5.605539519095722234e+00
5.341559025319857490e+00
5.016166790530347974e+00
4.662117489450877450e+00
4.290936899166799989e+00
3.934353427617400811e+00
3.657437490149062498e+00
3.507653251258241678e+00
3.445861942866067285e+00
3.442429991545393975e+00
3.466498507366298387e+00
3.507542546640018077e+00
3.554386015325064818e+00
3.598547334615178617e+00
3.639541678302663730e+00
3.672717815446322920e+00
3.703585367077962598e+00
3.725395837101313834e+00
3.743501123000251507e+00
4.115581562659619941e+00
4.043791444296231496e+00
3.993918787220736011e+00
4.004711601894636708e+00
4.129478164373356464e+00
4.397558113397058044e+00
4.768785396768317142e+00
5.165032571924261795e+00
5.524882355617093843e+00
5.807323679825146634e+00
5.977161646960669650e+00
6.029831857115344640e+00
5.951019014704869825e+00
5.732209950155183087e+00
5.415516013371907356e+00
5.037738010317620585e+00
4.642200335565489944e+00
4.236839795378794626e+00
3.846688868993270116e+00
3.522222790029647665e+00
3.328597149921940002e+00
3.247736094251585381e+00
3.233248647787529517e+00
3.255565226362173714e+00
3.296945503917754650e+00
3.345248448236159078e+00
3.394053165658353688e+00
3.438296257279832790e+00
3.478666425878218060e+00
3.511253428847311397e+00
3.536918113920833662e+00
3.558815275613321116e+00
4.351012500330833532e+00
4.313460478242366669e+00
4.317682549794800373e+00
4.393496342341902228e+00
4.590244755288364509e+00
4.894255973379251223e+00
5.253394881193071519e+00
5.611192726169334399e+00
5.920586584086439785e+00
6.136161296311990476e+00
6.245482687548037148e+00
6.238233220026203618e+00
6.096109037035241762e+00
5.838023859934089010e+00
5.468778884605114854e+00
5.044048822674643162e+00
4.610497236523204201e+00
4.172916761542207809e+00
3.749195316741333439e+00
3.378318046150132314e+00
3.119292496853642405e+00
2.998259037158785834e+00
2.966290940632918538e+00
2.980772133037554283e+00
3.020670129945248750e+00
3.075981369226166162e+00
3.129911015857421930e+00
3.183424550705751255e+00
3.233352980070023364e+00
3.272652967202826613e+00
3.304638490443136067e+00
3.326753569030727054e+00
4.667378933585637490e+00
4.660716877520090229e+00
4.715077635032476344e+00
4.848645663966427932e+00
5.068332846801216540e+00
5.361649144097220265e+00
5.684155028589386482e+00
6.000527507050531284e+00
6.258083356800880459e+00
6.417526342645110127e+00
6.466871658103610976e+00
6.408435451611815381e+00
6.220015895907725856e+00
5.907141261066367832e+00
5.499514775911852560e+00
5.041456326061763527e+00
4.580118365841561179e+00
4.117057614318527570e+00
3.658664609305810611e+00
3.240550513845394942e+00
2.916566964079087665e+00
2.738345813743794377e+00
2.675407634159252535e+00
2.679884089383189671e+00
2.719317068448548369e+00
2.777136822291260021e+00
2.842213258246619745e+00
2.909975130549489197e+00
2.965766919998952478e+00
3.010435701674030184e+00
3.047199698783834787e+00
3.075380208591722564e+00
5.019861262660522350e+00
5.046544411283982789e+00
5.115250767427948375e+00
5.236368236822655398e+00
5.432163484389224806e+00
5.687029811451090211e+00
5.979605504406759309e+00
6.267665776138365175e+00
6.486898016605962880e+00
6.607230406514315924e+00
6.618648622528254144e+00
6.516937720183700655e+00
6.291270897819948082e+00
5.950637231621416667e+00
5.512062955203600900e+00
5.040990622510814312e+00
4.565920372974253461e+00
4.087545552319391540e+00
3.602162186340680972e+00
3.138082649847797612e+00
2.753369405331200781e+00
2.499439221788601451e+00
2.390658202179124281e+00
2.374580784234006092e+00
2.414417197350595234e+00
2.480369767196681341e+00
2.557900695715843664e+00
2.633507673577543784e+00
2.698141392725555310e+00
2.752394034990658600e+00
2.791700535955827345e+00
2.820097533352379227e+00
5.280577966034369908e+00
5.298017789338665295e+00
5.347389435189360718e+00
5.443892657993085749e+00
5.601316849873278159e+00
5.830117979883202572e+00
6.106021219870558348e+00
6.371885756392646094e+00
6.582301031154485393e+00
6.692338284014469174e+00
6.690015072432132115e+00
6.557317897127846074e+00
6.312092610885776445e+00
5.955039082989761035e+00
5.509503040785425299e+00
5.049456717756464208e+00
4.601028634398794281e+00
4.134159494802163159e+00
3.621657975541372920e+00
3.103287043845282422e+00
2.647162491215024005e+00
2.317681008615588123e+00
2.147379579548223116e+00
2.102493819106391104e+00
2.132099839721253165e+00
2.203716067830352010e+00
2.292396879321043190e+00
2.373857144569829991e+00
2.445872875309722527e+00
2.503132793800194822e+00
2.546722374358129759e+00
2.577383887420428454e+00
5.350461171049851750e+00
5.361356612508168418e+00
5.382961172742473543e+00
5.452821592918234650e+00
5.587908412251096024e+00
5.796610695369487587e+00
6.062375343295852481e+00
6.330037160290138409e+00
6.548605619267502398e+00
6.672681373710479313e+00
6.668615316086699885e+00
6.540562017879332224e+00
6.289109918448262171e+00
5.923999976474356721e+00
5.501966281252211211e+00
5.107714455117721819e+00
4.722254276891492353e+00
4.251717953172454934e+00
3.719849634716097864e+00
3.163239665696648384e+00
2.642947539685049918e+00
2.219436419911532621e+00
1.968444507801998755e+00
1.880264384958463486e+00
1.896040124499245749e+00
1.965544234269529289e+00
2.053860823136452129e+00
2.139042699675293591e+00
2.215351651985591364e+00
2.276206440854822599e+00
2.321231483429767373e+00
2.355358561604899759e+00
