-94.73  62.48   6.715  14.489     120.184  110.000    2.700   0.421
-94.73  62.48   6.578  50.556     120.184  101.000    2.700   0.295
-94.73  62.48   6.636  80.424     120.184  96.000    2.700   0.310
-94.73  62.48   5.455  92.012     97.497  71.600    2.700   0.335
-94.73  62.48   6.096  42.510     107.583  90.000    2.700   0.301
-94.73  62.48   6.567  267.854     120.184  76.000    2.700   0.288
-94.73  62.48   7.287  49.561     140.885  122.000    2.700   0.267
-94.73  62.48   7.237  15.700     130.375  120.000    2.700   0.245
-94.73  62.48   7.548  30.428     140.885  126.000    2.700   0.266
-94.73  62.48   1.722  85.258     22.530  10.000    1.400   0.098
-94.73  62.48   0.735  30.475      7.491  15.000    1.400   0.179
-94.73  62.48   0.633  30.858      7.491  15.000    1.400   0.092
-94.73  62.48   3.893  87.642     66.657  44.200    2.400   0.359
-94.73  62.48   7.301  875.787     140.885  61.000    2.700   0.321
-94.73  62.48   4.551  27.045     76.038  62.000    2.700   0.423
-94.73  62.48   5.804   1.900     107.583  110.000    2.700   0.187
-94.73  62.48   7.514  130.856     140.885  110.000    2.700   0.238
-94.73  62.48   7.689  811.262     140.885  64.000    2.700   0.309
-94.73  62.48   4.181  1900.820     66.657  40.500    0.600   0.310
-94.73  62.48   4.136  1900.675     66.657  40.500    0.600   0.307
-94.73  62.48   4.256  3508.701     76.038  40.500    0.600   0.321
-94.73  62.48   2.799  76.051     47.825  29.100    2.500   0.045
-94.73  62.48   2.607  19.909     39.614  28.700    2.500   0.116
-94.73  62.48   2.483  19.062     39.614  28.700    2.500   0.275
-94.73  62.48   2.557  284.196     39.614  29.500    0.600   0.261
-94.73  62.48   2.979  994.872     47.825  28.900    0.600   0.263
-94.73  62.48   1.143   4.084     14.830  13.200    2.500   0.074
-94.73  62.48   1.127   0.753     14.830  13.200    2.500   0.223
-94.73  62.48   0.618  80.382      7.491  12.700    0.600   0.052
-94.73  62.48   0.739  21.746      7.491  10.200    0.600   0.204
-94.73  62.48   0.770  74.232     14.830   9.700    0.600   0.216
-94.27  58.58   5.616  2775.525     85.218  22.000    1.200   0.291
-94.27  58.58   7.500  283.867     127.121  85.000    2.500   0.229
-94.27  58.58   3.070  235.864     42.963  23.000    1.300   0.321
-94.27  58.58   8.507  361.915     153.560  106.000    2.500   0.334
-94.27  58.58   4.340  632.917     67.731  30.000    1.500   0.354
-94.27  58.58   0.979   0.811     14.182   8.800    6.000   0.275
-94.27  58.58   2.232   0.603     28.092  25.300    6.100   0.370
-94.27  58.58   0.798   3.017     14.182   4.800    6.000   0.267
-94.27  58.58   3.227   1.336     42.963  36.800    6.400   0.355
-94.27  58.58   1.964   1.698     28.092  20.300    6.000   0.337
-94.27  58.58   7.946   0.458     140.376  142.000    2.500   0.286
-94.27  58.58   8.763  2207.539     184.451  67.000    2.500   0.388
-94.27  58.58   3.240   3.695     42.963  37.900    2.800   0.368
-94.27  58.58   3.240  75.112     42.963  30.000    1.500   0.368
-94.27  58.58   0.224   5.000      0.000   4.000    2.000   0.224
-94.27  58.58   2.092  84.340     28.092  18.000    1.100   0.227
-94.27  58.58   2.643  19.260     35.557  29.000    1.500   0.369
-94.27  58.58   3.859  40.303     59.519  45.000    2.300   0.209
-94.27  58.58   3.024  27.831     42.963  34.000    1.700   0.134
-94.27  58.58   6.857  14.114     114.314  105.000    2.500   0.294
-94.27  58.58   6.625  72.708     106.269  85.000    2.500   0.218
-94.27  58.58   3.747  76.975     50.752  35.000    1.800   0.392
-94.27  58.58   3.708   9.583     50.752  45.700    2.000   0.117
-83.56  53.47   6.702  47.719     134.614  101.000    5.000   0.128
-83.56  53.47   4.151   2.344     72.874  79.900    5.000   0.247
-83.56  53.47   5.492  34.232     107.953  78.700    5.000   0.168
-83.56  53.47   4.479  20.653     83.720  61.000    5.000   0.296
-83.56  53.47   3.695   0.493     62.550  62.000    5.000   0.281
-83.56  53.47   3.259   1.699     62.550  62.500    1.100   0.185
-83.56  53.47   0.316   0.894      7.960   6.400    2.100   0.316
-83.56  53.47   2.006   1.214     34.393  38.800    4.000   0.590
-83.56  53.47   8.007  1416.236     179.096  137.700    1.100   0.364
-83.56  53.47   1.120  12.528     16.423  14.000    0.700   0.162
-83.56  53.47   2.125  506.042     34.393   7.400    1.200   0.619
-83.56  53.47   2.474  17.969     43.193  22.000    5.000   0.468
-83.56  53.47   7.330  12.273     162.319  145.000    5.000   0.324
-83.56  53.47   6.465   1.206     134.614  140.000    5.000   0.166
-83.56  53.47   5.444   1.626     107.953  114.000    5.000   0.138
-83.56  53.47   7.752  130.763     179.096  122.000    5.000   0.411
-83.56  53.47   6.374   1.525     134.614  129.000    5.000   0.245
-78.17  53.12   2.536  56.665     50.697  36.400    1.900   0.172
-78.17  53.12   7.009  39.630     184.467  168.100    2.600   0.148
-78.17  53.12   5.739  228.218     129.656  168.700    2.600   0.145
-78.17  53.12   4.063  158.100     88.288  55.600    2.600   0.352
-78.17  53.12   4.207  596.597     88.288  37.000    2.100   0.624
-78.17  53.12   5.468  139.024     129.656  99.000    2.600   0.684
-78.17  53.12   5.995  75.507     145.593  123.000    2.600   0.541
-78.17  53.12   7.302  176.987     206.580  172.000    2.600   0.625
-78.17  53.12   7.397  82.261     206.580  183.000    2.600   0.905
-78.17  53.12   7.633  243.649     206.580  166.000    2.600   0.579
-78.17  53.12   7.327  220.376     206.580  168.000    2.600   0.386
-78.17  53.12   7.845  474.969     231.654  175.000    2.600   0.377
-78.17  53.12   7.021  12.038     184.467  175.100    2.700   0.414
-78.17  53.12   7.141  62.019     184.467  164.000    2.600   0.616
-78.17  53.12   8.453  1281.462     255.073  162.000    2.600   0.624
-78.17  53.12   8.320  1278.783     255.073  162.100    2.600   0.640
-78.17  53.12   7.896   1.714     231.654  235.000    2.600   0.433
-78.17  53.12   7.455  197.945     206.580  170.000    2.600   0.644
-78.17  53.12   7.455   6.409     206.580  200.000    2.600   0.644
-78.17  53.12   7.965  148.222     231.654  200.000    2.600   0.625
-78.17  53.12   7.679  19.375     206.580  218.000    2.600   0.628
-78.17  53.12   7.537  88.221     206.580  231.000    2.600   0.638
-78.17  53.12   7.648   2.043     206.580  203.000    2.600   0.386
-78.17  53.12   7.651   1.953     206.580  203.000    2.600   0.631
-78.17  53.12   7.889  105.175     231.654  205.000    2.600   0.387
-78.17  53.12   7.120  130.637     184.467  159.400    2.200   0.133
-78.17  53.12   6.847  132.118     184.467  159.400    2.200   0.101
-78.17  53.12   6.401  262.413     165.248  129.700    2.200   0.086
-78.17  53.12   4.378  192.511     101.224  130.300    2.100   0.136
-78.17  53.12   5.739  128.681     129.656  105.000    2.200   0.137
-78.17  53.12   5.658  143.411     129.656  105.000    2.100   0.067
-78.17  53.12   5.180  24.708     115.044  105.000    2.100   0.133
-78.17  53.12   3.352  156.317     75.375  49.300    2.100   0.101
-78.17  53.12   3.201  40.115     62.261  48.700    2.200   0.139
-78.17  53.12   3.266  152.599     75.375  48.700    2.200   0.099
-78.17  53.12   0.141   9.321      0.000   6.000    2.100   0.132
-76.93  56.06   6.655  137.607     140.695  170.000    2.500   0.348
-76.93  56.06   5.518  931.916     108.682  185.000    2.500   0.207
-76.93  56.06   6.149  356.110     122.848  170.000    2.500   0.242
-76.93  56.06   6.298  137.727     140.695  170.000    2.500   0.356
-76.93  56.06   6.327  1546.548     140.695  239.000    2.500   0.304
-76.93  56.06   6.505  247.185     140.695  180.000    2.500   0.220
-76.93  56.06   6.508  328.412     140.695  186.000    2.500   0.218
-76.93  56.06   4.946   2.730     95.879  100.000    2.500   0.492
-76.93  56.06   7.527  11.220     178.661  180.000    0.400   0.283
-76.93  56.06   7.461  9831.092     178.661  139.000    0.400   0.258
-76.93  56.06   7.426  21506.803     178.661  120.000    0.400   0.284
-76.93  56.06   7.397  30329.011     178.661  109.000    0.400   0.243
-76.93  56.06   7.716  43745.171     178.661  95.000    0.400   0.255
-76.93  56.06   7.370  6667.247     178.661  146.000    0.400   0.266
-76.93  56.06   7.313  34839.230     178.661  104.000    0.400   0.314
-76.93  56.06   7.297  6667.590     178.661  146.000    0.400   0.266
-76.93  56.06   7.284  31206.525     178.661  108.000    0.400   0.261
-76.93  56.06   7.246  20658.885     157.492  100.000    0.400   0.275
-76.93  56.06   6.935  9747.498     157.492  118.000    0.400   0.317
-76.93  56.06   6.935  22870.314     157.492  97.000    0.400   0.317
-76.93  56.06   6.844  14096.804     157.492  110.000    0.400   0.368
-76.93  56.06   6.822  14696.841     157.492  109.000    0.400   0.314
-76.93  56.06   6.955  3166.448     157.492  180.000    0.400   0.208
-76.93  56.06   6.607  5367.620     140.695  170.000    0.400   0.286
-76.93  56.06   6.524  50282.209     140.695  51.000    0.400   0.210
-76.93  56.06   5.288  713.663     108.682  98.000    0.400   0.299
-76.93  56.06   4.700  17366.916     83.287  136.000    0.400   0.261
-76.93  56.06   0.475  83.979      7.665   4.000    0.400   0.164
-76.93  56.06   0.466  84.004      7.665   4.000    0.400   0.156
-76.93  56.06   5.080  133.220     95.879  102.800    0.600   0.207
-76.93  56.06   5.177  125.862     95.879  102.600    0.600   0.292
-76.93  56.06   6.764  44.542     157.492  138.200    2.900   0.439
-76.93  56.06   6.780   3.487     157.492  153.000    2.500   0.432
-76.93  56.06   7.008   2.332     157.492  152.300    3.400   0.419
-76.93  56.06   7.012  360.874     157.492  110.000    2.500   0.419
-76.93  56.06   7.202  19.477     157.492  170.200    2.900   0.386
-76.93  56.06   7.528   2.152     178.661  175.000    2.500   0.320
-76.93  56.06   0.213  231.028      0.000   9.100    0.600   0.213
-76.93  56.06   0.226  231.028      0.000   9.100    0.600   0.226
-76.93  56.06   0.386   1.083      7.665  11.600    4.100   0.283
-76.93  56.06   1.677   0.997     23.903  20.300    4.200   0.347
-76.93  56.06   1.990   1.468     32.508  27.300    4.300   0.311
-76.93  56.06   2.861   3.384     50.579  42.300    4.600   0.363
-76.93  56.06   3.556   0.810     60.479  56.300    4.700   0.403
-76.93  56.06   6.961  14.501     157.492  149.500    2.100   0.285
-76.93  56.06   5.322  11.617     108.682  100.000    2.600   0.262
-76.93  56.06   0.150  58.760      0.000   7.600    1.000   0.150
-76.93  56.06   0.666   2.433      7.665   8.500    1.000   0.126
-76.93  56.06   0.191   8.867      0.000  11.500    4.100   0.191
-76.93  56.06   0.962   0.019     15.621  15.600    4.100   0.281
-76.93  56.06   1.151   0.369     15.621  17.100    4.100   0.309
-76.93  56.06   1.224   1.096     15.621  18.700    4.200   0.300
-76.93  56.06   1.530   0.213     23.903  22.000    4.200   0.326
-76.93  56.06   1.536   0.168     23.903  25.600    4.300   0.325
-76.93  56.06   1.556   0.807     23.903  20.200    4.200   0.323
-76.93  56.06   1.738   1.441     23.903  28.200    4.300   0.358
-76.93  56.06   1.766   3.547     32.508  24.900    4.300   0.363
-76.93  56.06   1.966   1.532     32.508  27.200    4.300   0.360
-76.93  56.06   1.996   0.325     32.508  30.000    4.400   0.370
-76.93  56.06   0.484  24.430      7.665   4.700    0.600   0.169
-76.93  56.06   0.222   1.562      0.000   3.000    4.000   0.222
-76.93  56.06   1.151  161.566     15.621   8.000    0.600   0.309
-76.93  56.06   1.812  49.089     32.508  50.000    2.500   0.513
-76.93  56.06   1.954   0.396     32.508  29.800    4.400   0.348
-76.93  56.06   2.063   0.282     32.508  30.300    4.400   0.361
-76.93  56.06   2.482   4.066     41.470  32.600    4.400   0.361
-76.93  56.06   3.232   0.381     50.579  50.600    4.800   0.376
-76.93  56.06   4.270  53.805     83.287  65.000    2.500   0.423
-76.93  56.06   0.156  85.028      0.000   5.500    0.600   0.156
-76.93  56.06   0.214  65.000      0.000   4.800    0.600   0.214
-76.93  56.06   0.214  129.444      0.000   6.800    0.600   0.214
-76.93  56.06   0.266   5.950      7.665   6.300    0.600   0.266
-76.93  56.06   0.391   4.450      7.665   8.900    0.600   0.236
-76.93  56.06   0.875   0.347     15.621  15.200    0.800   0.474
-76.93  56.06   1.250   1.034     15.621  19.700    4.200   0.828
-76.93  56.06   2.143  1357.704     32.508  10.400    0.600   0.852
-76.93  56.06   2.380  1078.388     41.470  15.200    0.800   0.379
-76.93  56.06   2.870  984.633     50.579  19.200    1.000   0.930
-76.93  56.06   5.420  660.565     108.682  47.000    2.400   0.455
-76.93  56.06   7.186  645.187     157.492  94.000    2.500   0.419
-76.93  56.06   3.495   0.370     60.479  62.000    2.500   0.418
-76.93  56.06   5.177   5.897     95.879  90.000    2.500   0.292
-76.93  56.06   2.442  58.513     41.470  30.000    1.500   0.280
-76.93  56.06   2.695   3.915     41.470  38.000    1.900   0.256
-76.93  56.06   5.853  344.702     122.848  95.000    1.500   0.855
-76.93  56.06   7.282  305.693     178.661  135.000    2.500   0.262
-76.93  56.06   7.315  181.886     178.661  145.000    2.500   0.239
-76.93  56.06   7.559  1426.449     178.661  156.000    0.600   0.297
-76.93  56.06   7.516  72.196     178.661  205.000    3.100   0.225
-76.93  56.06   7.822   8.924     202.819  210.000    2.500   0.216
-76.93  56.06   1.052  85.502     15.621  30.400    1.600   0.123
-76.93  56.06   1.730  12.181     23.903  20.400    1.100   0.161
-76.93  56.06   6.580   0.061     140.695  140.400    2.500   0.369
-76.93  56.06   5.623   2.400     108.682  112.400    2.500   0.284
-78.60  58.91   1.639  26.746     20.134  15.000    1.000   0.223
-78.60  58.91   1.349   0.822     20.134  20.000    1.100   0.168
-78.60  58.91   3.422  36.298     49.855  34.200    2.600   0.376
-78.60  58.91   2.446  19.841     34.772  23.200    2.600   0.316
-78.60  58.91   2.088   8.588     27.791  20.200    2.600   0.349
-78.60  58.91   1.722   4.018     20.134  15.200    2.600   0.344
-78.60  58.91   1.524   7.119     20.134  13.200    2.600   0.296
-78.60  58.91   0.890   1.453     13.166  10.200    2.600   0.281
-78.60  58.91   0.612   0.435      6.550   5.200    2.600   0.275
-78.60  58.91   0.380   6.203      6.550   0.200    2.600   0.247
-78.60  58.91   1.936   3.995     27.791  25.000    1.400   0.455
-78.60  58.91   6.617  1551.234     109.830  35.000    1.900   0.340
-78.60  58.91   7.818   2.884     152.026  148.000    2.600   0.261
-78.60  58.91   8.213  25.639     152.026  139.000    2.600   0.290
-78.60  58.91   6.704  169.628     109.830  76.000    2.600   0.355
-78.60  58.91   7.388  234.617     133.816  94.000    2.600   0.345
-78.60  58.91   3.820  4698.138     57.979  10.000    0.700   0.414
-78.60  58.91   1.000  254.444     13.166   2.000    0.700   0.294
-78.60  58.91   5.655  133.072     84.975  55.000    2.600   0.395
-78.60  58.91   4.860  2063.992     75.516  21.000    1.200   0.411
-78.60  58.91   0.246  205.082      0.000  10.000    0.700   0.246
-78.04  62.18   6.939  868.047     96.924  38.000    2.000   0.292
-78.04  62.18   6.886  36.598     96.924  73.400    3.900   0.245
-78.04  62.18   4.051   9.461     46.533  36.400    3.300   0.284
-78.04  62.18   4.379  326.103     53.081  26.000    1.500   0.297
-78.04  62.18   7.563  251.892     108.255  67.000    2.600   0.180
-78.04  62.18   7.077  37.560     96.924  81.000    2.600   0.345
-78.04  62.18   7.135   5.338     96.924  91.000    2.600   0.350
-78.04  62.18   7.849  520.058     124.281  65.000    2.600   0.340
-78.04  62.18   2.505   2.625     27.746  22.400    3.300   0.224
-78.04  62.18   8.142  102.644     124.281  98.000    2.600   0.206
-78.04  62.18   3.833  18.642     46.533  32.400    3.300   0.305
-78.04  62.18   7.713  164.504     108.255  75.000    2.600   0.223
-78.04  62.18   2.651  22.048     27.746  37.000    2.000   0.190
-78.04  62.18   2.558  11.583     27.746  23.000    1.400   0.193
-78.04  62.18   7.716  2516.722     108.255  28.000    1.600   0.246
-78.04  62.18   8.070  321.018     124.281  77.700    2.600   0.349
-78.04  62.18   7.255  97.955     108.255  82.600    2.600   0.318
-78.04  62.18   8.097  30.337     124.281  110.000    2.600   0.236
-78.04  62.18   7.792  955.972     124.281  47.000    2.500   0.333
-78.04  62.18   7.596  216.768     108.255  70.000    2.600   0.180
-78.04  62.18   2.865  11.812     33.617  22.400    3.300   0.267
-74.90  62.19   8.086   0.330     113.144  111.800    2.500   0.426
-74.90  62.19   7.918   0.073     113.144  113.600    2.500   0.409
-74.90  62.19   7.811   0.353     113.144  113.600    2.500   0.334
-74.90  62.19   1.839  2729.119     19.170   3.500    0.300   0.201
-74.90  62.19   6.062  480.821     67.081  32.000    1.600   0.203
-74.90  62.19   3.346  480.711     34.920  13.000    1.000   0.341
-74.90  62.19   4.463   2.547     46.445  43.100    2.100   0.375
-74.90  62.19   8.062  85.768     113.144  90.000    2.500   0.249
-74.90  62.19   8.466  91.898     127.479  113.100    1.500   0.620
-74.90  62.19   5.910  2702.075     67.081  15.100    1.000   0.334
-74.90  62.19   2.973  534.882     29.227   6.100    1.000   0.196
-74.90  62.19   7.731   0.699     96.365  97.100    2.500   0.295
-74.90  62.19   4.900  574.886     52.770  24.000    1.200   0.332
-74.90  62.19   3.741  1670.531     34.920  10.400    0.600   0.391
-74.90  62.19   6.845  152.640     85.859  55.000    2.500   0.296
-74.90  62.19  11.953  4637.310     258.644  88.400    2.500   0.714
-74.90  62.19   7.740  17.069     96.365  86.200    2.500   0.328
-74.90  62.19   7.866  145.780     113.144  83.000    2.500   0.214
-74.90  62.19   7.022  92.619     85.859  61.800    2.500   0.348
-74.90  62.19   7.023  15.243     85.859  76.100    2.500   0.341
-74.90  62.19   7.866  28.035     113.144  100.000    2.500   0.214
-74.90  62.19   7.864  42.122     113.144  97.000    2.500   0.210
-74.90  62.19   0.707   5.929      5.154   4.500    0.300   0.191
-74.90  62.19   0.270   5.480      5.154   4.500    0.300   0.270
-74.90  62.19   4.505  3894.762     46.445   9.000    0.600   0.371
-74.90  62.19   2.118  27.561     19.170  15.000    0.800   0.190
-74.90  62.19   4.007  4538.128     40.683   7.000    0.500   0.365
-74.90  62.19   1.153  350.608      9.609   4.000    0.300   0.149
-74.90  62.19   7.551  211.670     96.365  60.000    2.500   0.180
-74.90  62.19   5.872  611.383     67.081  30.000    1.500   0.243
-74.90  62.19   1.806  403.872     19.170   9.200    0.500   0.077
-74.90  62.19   8.072   0.925     113.144  115.400    2.500   0.217
-74.90  62.19   7.050   6.055     85.859  92.000    2.500   0.345
-74.90  62.19   7.511  147.531     96.365  66.000    2.500   0.332
-74.90  62.19   5.282   6.912     59.675  66.000    2.500   0.305
-74.90  62.19   7.726   0.815     96.365  97.000    2.500   0.262
-74.90  62.19   7.966  145.397     113.144  83.000    2.500   0.358
-74.90  62.19   7.575  147.114     96.365  60.000    3.000   0.179
-74.90  62.19   2.530  473.539     24.056  11.000    0.600   0.184
-74.90  62.19   7.952  18.486     113.144  102.400    2.500   0.385
-72.78  61.97   1.750  35.742     16.686   9.700    1.200   0.183
-72.78  61.97   7.508  435.424     88.607  42.700    2.200   0.249
-72.78  61.97   7.218   3.985     78.369  73.700    2.600   0.251
-72.78  61.97   7.762  207.535     104.105  66.700    2.600   0.317
-72.78  61.97   7.835  26.936     104.105  90.700    2.600   0.277
-72.78  61.97   4.160  818.363     36.026   1.700    1.200   0.436
-72.78  61.97   7.551  1200.775     88.607  29.700    1.700   0.185
-72.78  61.97   6.183  1505.279     60.248  13.700    1.200   0.230
-72.78  61.97   5.056  868.031     47.054  11.700    1.200   0.246
-72.78  61.97   4.514  1021.717     41.257   2.900    1.200   0.283
-72.78  61.97   4.004  315.822     36.026  14.700    1.200   0.289
-72.78  61.97   7.766  6060.091     104.105  10.700    1.200   0.196
-72.78  61.97   4.101  725.763     36.026   3.700    1.200   0.309
-72.78  61.97   8.405  33.019     115.634  100.700    2.600   0.562
-72.78  61.97   7.114  200.473     78.369  44.400    2.400   0.294
-69.73  59.53   7.699  95.509     119.103  82.000    3.800   0.473
-69.73  59.53   7.224  273.573     105.845  48.000    3.500   0.345
-69.73  59.53   7.290  469.414     119.103  52.000    3.100   0.226
-69.73  59.53   4.280  147.864     53.638  16.000    3.100   0.328
-69.73  59.53   5.404  99.655     70.941  40.000    3.100   0.512
-69.73  59.53   3.188   9.570     32.862  25.000    2.700   0.180
-69.73  59.53   1.720   2.558     15.086  13.000    2.400   0.164
-69.73  59.53   3.435  134.743     39.338   8.000    2.700   0.377
-69.73  59.53   6.232  307.208     80.553  28.000    3.000   0.401
-69.73  59.53   6.481  234.265     96.039  44.000    3.400   0.448
-69.73  59.53   6.756  341.895     105.845  43.000    3.400   0.500
-69.73  59.53   6.363  583.426     96.039  26.000    2.900   0.375
-69.73  59.53   6.418  583.332     96.039  26.000    2.900   0.412
-69.73  59.53   7.551  79.540     119.103  87.000    3.600   0.358
-69.73  59.53   7.694  226.413     119.103  80.000    2.600   0.406
-69.73  59.53   7.127  12.858     105.845  93.000    3.600   0.358
-69.73  59.53   7.064   0.183     105.845  105.000    3.600   0.180
-69.73  59.53   6.290   0.652     96.039  94.000    3.600   0.365
-69.73  59.53   7.460   0.008     119.103  119.000    3.600   0.465
-69.73  59.53   7.274   3.115     119.103  113.000    3.600   0.460
-69.73  59.53   5.840  394.244     80.553  23.000    2.900   0.260
-68.96  58.43   7.074  2751.246     113.923  30.000    1.600   0.306
-68.96  58.43   6.825  143.003     113.923  145.000    2.600   0.475
-68.96  58.43   5.719  325.372     77.184  25.000    2.900   0.175
-68.96  58.43   1.113   7.248     10.691   4.000    2.600   0.143
-68.96  58.43   4.337  34.843     58.797  37.000    3.700   0.440
-68.96  58.43   4.878  68.370     67.575  37.000    3.700   0.424
-68.96  58.43   4.623  157.689     58.797  45.000    1.100   0.204
-68.96  58.43   5.604  85.863     77.184  42.000    3.800   0.286
-68.96  58.43   3.354   2.625     43.286  40.000    2.100   0.346
-68.96  58.43   7.492  103.515     130.344  92.700    3.700   0.211
-68.96  58.43   7.431  1508.982     130.344  17.700    2.900   0.149
-63.77  59.21   9.898  164.334     -0.252  10.000    0.800   0.323
-63.77  59.21   8.753  246.859     -10.544   2.000    0.800   0.245
-63.77  59.21  10.023  334.257     -0.252  29.000    1.600   0.602
-63.77  59.21   9.085  673.380     -10.544  18.000    1.100   0.385
-63.77  59.21   2.553  49.165     -4.605   1.000    0.800   0.188
-63.77  59.21   2.564  49.206     -4.605   1.000    0.800   0.185
-63.77  59.21   1.226  36.161     -1.451   3.200    0.800   0.147
-63.77  59.21   5.806  908.028     -17.405   6.700    0.800   0.471
-63.77  59.21   5.707  757.961     -15.312   6.700    0.800   0.222
-63.77  59.21   3.511  211.820     -7.643   4.000    0.800   0.349
-63.77  59.21   0.639   1.874     -0.658   0.000    0.800   0.127
-63.77  59.21   0.217   1.000      0.000   0.000    0.800   0.217
-63.77  59.21   0.212   1.000      0.000   0.000    0.800   0.212
-63.77  59.21   8.726  727.856     -14.062  21.000    1.300   0.347
-63.77  59.21   6.519  1025.622     -17.025  15.000    1.000   0.198
-63.77  59.21   5.136  468.674     -13.315   4.000    0.800   0.287
-63.77  59.21   7.385  543.006     -17.640   1.000    0.800   0.304
-63.77  59.21   4.734  571.930     -11.322   7.800    0.800   0.303
-60.99  56.61   1.474  18.237      1.304   6.000    1.100   0.211
-60.99  56.61   1.976  14.971      1.748   6.000    1.100   0.143
-60.99  56.61   0.427  42.783      0.443   5.000    0.700   0.114
-60.99  56.61   1.770  13.344      1.748   4.200    0.700   0.222
-60.99  56.61   6.907  178.158      6.790  22.800    1.200   0.233
-60.99  56.61   7.021  178.007      6.790  22.800    1.200   0.232
-60.99  56.61   3.598  126.318      2.739  10.600    0.700   0.221
-60.99  56.61   3.981  116.452      3.067  11.700    0.800   0.247
-60.99  56.61   4.157  111.494      3.067  11.500    0.800   0.254
-60.99  56.61   4.490   0.317      3.106   3.500    0.700   0.288
-60.99  56.61   6.974  200.228      6.790  26.600    1.400   0.294
-60.99  56.61   7.873  132.744     16.034  41.300    2.200   0.138
-60.99  56.61   8.631  68.820     20.772  36.500    1.900   0.239
-60.99  56.61   1.287  14.115      1.304   3.500    0.700   0.103
-60.99  56.61   2.990  37.185      2.432   6.700    0.700   0.241
-60.99  56.61   5.681  104.306      3.576  10.700    0.700   0.210
-60.99  56.61   1.366  14.280      1.304   3.900    0.700   0.184
-60.35  53.80   8.711  682.290     128.685  58.200    2.700   0.237
-60.35  53.80   7.338  666.177     96.948  40.200    2.200   0.178
-60.35  53.80   8.277  393.306     128.685  75.200    2.700   0.235
-60.35  53.80   6.861  573.434     83.341  143.200    2.500   0.370
-60.35  53.80   7.457  745.450     96.948  165.200    2.500   0.131
-60.35  53.80   1.045   0.052      7.291   7.200    0.700   0.242
-60.35  53.80   1.704  25.855     11.324   7.800    0.700   0.284
-60.35  53.80   0.852   1.087      7.291   7.800    0.700   0.198
-60.35  53.80   5.487  283.000     56.116  29.200    1.600   0.158
-60.35  53.80   3.276  24.136     30.494  24.200    1.300   0.269
-60.35  53.80   5.994  179.105     63.981  33.200    2.300   0.242
-60.35  53.80   6.981   7.538     83.341  90.200    2.500   0.189
-57.64  54.15   7.691  1492.973     24.677   1.500    0.600   0.212
-57.64  54.15   0.728  10.674      0.915   2.700    0.600   0.169
-57.64  54.15   6.527  97.368     18.007  11.100    0.700   0.213
-57.64  54.15   6.898  169.973     20.222  11.100    0.700   0.255
-57.64  54.15   9.652   1.433     52.997  50.200    2.500   0.355
-57.64  54.15   6.777  8336.261     20.222  75.000    0.600   0.208
-57.64  54.15   7.644  124.967     24.677  18.000    0.600   0.137
-57.64  54.15   8.876  286.655     44.248   2.000    2.500   0.120
-57.64  54.15   4.537  37.237     10.360   6.700    0.600   0.278
-57.64  54.15   5.332  129.397     13.513   6.700    0.600   0.249
-57.64  54.15   5.604  129.078     13.513   6.700    0.600   0.285
-57.64  54.15   6.418  225.872     18.007   9.000    0.600   0.113
-57.64  54.15   1.499   0.449      2.902   2.500    0.600   0.194
-57.64  54.15   1.861   1.971      4.026   4.800    0.600   0.251
-56.66  51.04   3.631   1.860      8.531   5.200    2.600   0.280
-56.66  51.04   0.427   0.196      1.009   1.100    2.500   0.165
-56.66  51.04   6.090  248.266     16.123   5.100    0.700   0.168
-56.66  51.04   2.518   2.871      5.768   1.200    2.700   0.198
-56.66  51.04   1.704   0.459      3.269   2.700    2.100   0.328
-56.66  51.04   1.694   2.718      3.269   2.100    2.100   0.125
-56.66  51.04   1.448   0.372      3.269   2.600    2.100   0.100
-56.66  51.04   1.355   8.858      3.269   2.600    2.100   0.049
-56.66  51.04   1.082   2.760      2.088   5.400    2.100   0.157
-56.66  51.04   8.298   0.501     32.301  32.400    2.100   0.286
-56.66  51.04   7.484   1.590     23.046  20.400    2.100   0.302
-56.66  51.04   0.517   0.114      1.009   0.200    2.500   0.183
-56.66  51.04   8.206  125.072     27.667  15.400    1.100   0.242
-56.66  51.04   9.820  113.092     52.688  30.400    2.100   0.268
-56.66  51.04   3.721   3.280      8.531   3.900    3.200   0.203
-56.66  51.04  11.252  106.702     76.612  98.000    2.100   0.143
-56.66  51.04   7.559  771.761     23.046   3.600    0.700   0.272
-56.66  51.04   0.790   8.402      2.088   4.500    1.100   0.111
-56.66  51.04  12.456  386.505     101.284  60.000    2.100   0.245
-56.66  51.04   3.333   4.892      8.531   3.200    2.500   0.283
-56.66  51.04   3.371   3.283      8.531   3.200    3.200   0.181
-56.66  51.04   1.669   2.260      3.269   0.400    2.500   0.174
-56.66  51.04  10.117   6.004     52.688  45.400    3.000   0.366
-56.66  51.04   9.124   1.676     38.221  30.000    7.000   0.229
-56.66  51.04  10.854  397.161     70.304  48.400    1.100   0.181
-56.66  51.04  12.697  33.378     101.284  61.000    7.000   0.386
-56.66  51.04  10.369   5.045     61.038  50.400    5.000   0.182
-56.66  51.04  11.543   5.646     76.612  60.000    7.000   0.356
-56.66  51.04  11.368  1530.841     76.612  104.000    0.700   0.599
-56.66  51.04   2.288   5.208      5.768   4.600    0.700   0.137
-56.66  51.04   2.940  23.701      7.098  10.500    0.700   0.203
-56.66  51.04   2.122  32.970      4.499   8.500    0.700   0.222
-56.66  51.04   2.940  23.701      7.098  10.500    0.700   0.203
-56.66  51.04   1.190   0.434      2.088   1.200    3.300   0.316
-56.66  51.04   4.723  13.924     11.362   9.000    0.700   0.140
-56.66  51.04   4.904  78.653     12.906   6.700    0.700   0.376
-56.66  51.04   4.402  44.414     11.362   6.700    0.700   0.413
-56.66  51.04   1.348   2.369      3.269   2.400    0.700   0.167
-56.66  51.04   3.213   2.791      7.098   4.400    2.300   0.179
-56.66  51.04   5.348  11.728     14.467   4.900    3.200   0.091
-56.66  51.04   4.723   8.816     11.362   6.100    2.100   0.140
-56.66  51.04   1.161   7.162      2.088   0.400    0.800   0.098
-56.66  51.04   8.297  426.218     32.301   9.600    1.100   0.352
-56.66  51.04   5.311  142.750     14.467   8.500    0.500   0.332
-56.66  51.04   4.074   3.602     10.034   3.800    3.300   0.407
-56.66  51.04   3.728   5.051      8.531   7.900    0.700   0.111
-56.66  51.04   0.925  25.261      2.088   5.600    0.700   0.247
-56.66  51.04   9.933  25.389     52.688  38.600    2.800   0.246
-56.66  51.04  13.709  17.264     131.029  90.600   10.000   0.217
-56.66  51.04  13.327  99.954     131.029  81.600    5.000   0.116
-56.66  51.04  14.616   5.144     160.955  115.700   20.100   0.422
-56.66  51.04  14.877  351.510     169.970  130.600    2.100   0.625
-56.66  51.04  14.408  669.967     160.955  106.600    2.100   0.618
-56.66  51.04   1.849   1.254      4.499   4.600    0.700   0.136
-56.66  51.04   1.849   1.048      4.499   4.600    0.700   0.148
-56.66  51.04   8.696  1051.977     32.301  55.000    0.700   0.297
-57.88  49.79  14.661  192.386     134.666  100.000    2.500   0.482
-57.88  49.79  11.754  11195.722     72.084   8.600    0.600   0.291
-57.88  49.79  10.926  7931.913     57.036   3.600    0.600   0.182
-57.88  49.79  11.591   8.295     61.144  51.700    3.300   0.282
-57.88  49.79   9.621  175.386     35.654   9.200    2.000   0.183
-57.88  49.79  10.009  449.963     42.218  10.400    1.500   0.162
-57.88  49.79   9.079  3702.154     30.338   6.000    0.400   0.403
-57.88  49.79   1.113  33.720      1.921  -0.400    0.400   0.444
-57.88  49.79   1.870  97.590      4.050   0.100    0.400   0.455
-57.88  49.79   1.190  20.843      1.921   0.100    0.400   0.532
-57.88  49.79   0.348   6.193      0.943   0.000    0.400   0.190
-57.88  49.79   9.258  207.262     35.654   4.100    2.200   0.195
-57.88  49.79   8.997  9240.338     30.338   1.500    0.300   0.587
-57.88  49.79  13.616  3191.545     106.087  27.000    1.400   0.201
-57.88  49.79  13.729  1469.333     106.087  37.100    1.800   0.347
-57.88  49.79  10.147  15.442     42.218  52.000    2.500   0.402
-58.67  48.39   6.502  114.679     -0.079  -14.000    1.300   0.293
-58.67  48.39  16.384  471.090     83.407  40.000    2.000   0.565
-58.67  48.39   2.127  10.510      0.927  -1.600    0.800   0.173
-58.67  48.39   5.263   0.300      0.526   0.500    0.700   0.434
-58.67  48.39  10.799  700.399     13.666  -36.600    1.900   0.291
-58.67  48.39   5.277   0.542      0.526   0.500    1.400   0.303
-58.67  48.39  10.095  21.938      6.604   0.100    1.400   0.160
-58.67  48.39   2.994  53.462      1.187  -3.200    0.600   0.214
-58.67  48.39  14.414  8748.297     57.619   1.500    0.600   0.616
-58.67  48.39   2.370  26.169      1.074  -2.500    0.700   0.418
-58.67  48.39   2.884  44.858      1.187  -3.500    0.700   0.731
-58.67  48.39   2.572  24.755      1.074  -2.400    0.700   0.208
-58.67  48.39   2.611  41.898      1.074  -2.800    0.600   0.247
-58.67  48.39   2.567  63.716      1.074  -2.100    0.400   0.078
-58.67  48.39   1.769  40.225      0.927  -1.000    0.400   0.056
-58.67  48.39   1.674  33.279      0.716  -1.300    0.400   0.062
-58.67  48.39  13.653  1524.602     39.331  12.000    0.700   0.389
-58.67  48.39  12.811  4985.352     32.242   4.000    0.400   0.427
-58.67  48.39  16.336  596.673     83.407  37.000    1.900   0.522
-58.67  48.39   0.488   0.591      0.241   0.700    0.600   0.165
-58.67  48.39   0.608   3.834      0.241   1.100    0.600   0.081
-58.67  48.39   0.984   0.761      0.479   1.000    0.600   0.188
-58.67  48.39  14.624  1650.006     57.619  17.000    1.000   0.454
-58.67  48.39  13.959  4459.083     48.066   8.000    0.600   0.344
-58.67  48.39  13.031  836.235     32.242  12.000    0.700   0.274
-58.67  48.39   0.558   2.193      0.241   0.700    0.400   0.062
-58.67  48.39  16.210  341.582     76.940  40.000    2.000   0.320
-58.67  48.39  14.399  2138.510     57.619  16.000    0.900   0.582
-58.67  48.39   0.478   1.401      0.241  -0.700    0.800   0.159
-58.67  48.39  10.658  22.806      9.996   0.000    2.100   0.413
-58.67  48.39   0.608   5.036      0.241  -0.900    0.700   0.070
-58.67  48.39   0.678   7.802      0.241  -1.400    0.700   0.117
-58.67  48.39   1.236   2.450      0.479   0.400    0.400   0.152
-58.67  48.39   0.322  11.060      0.241   1.500    0.400   0.167
-58.67  48.39  15.650  4824.950     70.569  15.000    0.800   0.412
-58.67  48.39  12.399   4.289     25.129  28.000    1.400   0.349
-58.67  48.39  16.213  775.214     76.940  32.400    1.600   0.408
-58.67  48.39  13.197   2.247     32.242  30.000    1.500   1.790
-58.67  48.39  15.869  3242.323     76.940  20.000    1.000   0.389
-58.67  48.39  12.703  5443.180     25.129   3.000    0.300   0.141
-58.67  48.39   7.225  407.831     -1.206  -25.400    1.200   0.195
-58.67  48.39   6.526  384.262     -0.079  -23.600    1.200   0.111
-58.67  48.39   1.142   6.809      0.479  -0.900    0.700   0.083
-58.67  48.39  13.230  836.680     32.242  12.000    0.700   0.341
-58.67  48.39  12.559  4960.618     25.129   4.000    0.300   0.144
-58.67  48.39   7.778  224.858     -0.674  -15.600    1.000   0.154
-53.72  47.31   2.099  21.956      0.935  -1.400    0.500   0.262
-53.72  47.31   1.527  11.926      0.626  -1.100    0.500   0.248
-53.72  47.31   1.857  20.094      0.935  -1.300    0.500   0.435
-53.72  47.31   1.370   9.351      0.626  -0.900    0.500   0.671
-53.72  47.31   0.623   1.089      0.163   0.400    0.400   0.142
-53.72  47.31   0.747   2.594      0.163   0.500    0.400   0.179
-53.72  47.31   0.141   1.640      0.000  -0.400    0.500   0.141
-53.72  47.31   0.212   1.640      0.000   0.400    0.500   0.212
-53.72  47.31   9.226  1222.384      5.757  -32.700    1.100   0.595
-53.72  47.31  10.622  1610.846     11.148  -33.000    1.100   0.621
-53.72  47.31   7.373  736.044      3.733  -26.100    1.100   0.175
-53.72  47.31   0.665   4.177      0.163  -0.500    0.600   0.096
-53.72  47.31   2.239  27.787      0.935  -2.000    0.600   0.121
-54.89  49.42  12.884   0.502     57.432  56.000    2.800   0.235
-54.89  49.42  13.809  94.861     77.232  52.000    2.600   0.231
-54.89  49.42  13.434  5834.050     66.466  13.000    0.700   0.146
-54.89  49.42  13.260  3024.172     66.466  17.000    0.900   0.131
-54.89  49.42  13.965  346.599     77.232  40.000    2.000   0.161
-54.89  49.42  13.636  6054.309     66.466  12.000    0.700   0.310
-54.89  49.42  13.448  6054.208     66.466  12.000    0.700   0.172
-54.89  49.42  12.822  814.709     57.432  23.200    1.200   0.185
-54.89  49.42  10.565  1357.973     25.924   7.500    0.500   0.155
-54.89  49.42  13.056  4029.128     57.432  13.000    0.700   0.181
-54.89  49.42  13.260  5514.787     66.466  14.500    0.700   0.125
-54.89  49.42  13.165  776.491     57.432  24.000    1.200   0.302
-54.89  49.42   2.842  17.752      3.314   1.100    0.600   0.077
-54.89  49.42   0.151  17.000      0.000   2.400    0.600   0.151
-54.89  49.42   2.385   9.632      2.745   0.900    0.600   0.270
-54.89  49.42   3.350  24.283      3.932   1.100    0.600   0.106
-54.89  49.42   3.165  32.271      3.314  -0.600    0.700   0.165
-54.89  49.42   3.268  49.589      3.932  -0.100    0.600   0.111
-54.89  49.42  14.123  991.499     77.232  30.000    1.500   1.026
-54.89  49.42  13.741  2159.863     66.466  20.000    1.000   0.270
-54.89  49.42  13.434  5834.050     66.466  13.000    0.700   0.146
-54.89  49.42   1.705  12.844      1.434  -0.600    0.600   0.176
-54.89  49.42   0.152   2.000      0.000  -0.400    0.400   0.152
-54.89  49.42   1.141  11.431      0.901  -0.400    0.400   0.153
-54.89  49.42   0.228   2.744      0.000  -0.400    0.300   0.232
-54.89  49.42   1.551  23.501      1.434  -0.500    0.400   0.139
-54.89  49.42   1.153   1.533      0.901   0.700    0.300   0.147
-54.89  49.42  13.557  29.414     66.466  80.000    2.500   0.176
-54.89  49.42   6.240  274.665      6.631  -3.300    0.600   0.291
-63.97  49.79   6.934  105.236     32.179  25.000    0.700   0.298
-63.97  49.79   9.642  136.387     66.363  29.000    3.200   0.567
-63.97  49.79   0.215   1.000      0.000   0.000    0.700   0.215
-63.97  49.79  16.323  80107.268     198.123   0.000    0.700   0.975
-63.97  49.79   4.516  22.239     19.090   4.000    3.200   0.456
-63.97  49.79   4.377  22.314     19.090   4.000    3.200   0.447
-63.97  49.79  10.992  315.671     95.195  49.000    2.600   0.955
-63.97  49.79  14.207  1229.096     153.149  62.000    2.600   0.737
-63.97  49.79  14.207  1256.212     153.149  61.000    2.600   0.737
-63.97  49.79   4.546  502.435     19.090   3.400    0.700   0.287
-63.97  49.79   7.290  78.263     37.336  25.000    1.400   0.267
-63.97  49.79  10.700  2236.485     85.477  24.000    1.300   0.558
-63.97  49.79  11.982  219.902     113.316  54.000    4.000   0.686
-63.97  49.79  11.796  1699.095     113.316  35.000    1.900   0.709
-63.97  49.79  10.529  275.925     85.477  29.000    3.400   0.642
-63.97  49.79  10.089  184.498     75.179  29.000    3.400   0.555
-63.97  49.79  11.321  18823.335     101.038   5.000    0.700   0.614
-63.97  49.79  10.670  159.339     85.477  35.000    4.000   0.560
-63.97  49.79  10.341  11626.179     85.477  10.000    0.700   0.724
-63.97  49.79  10.102  2516.331     75.179  20.000    1.100   0.547
-63.97  49.79   9.822  6237.056     75.179  12.000    0.800   0.389
-63.97  49.79  10.655  2309.792     85.477  23.000    1.300   0.517
-63.97  49.79  10.438  1245.979     85.477  29.000    1.600   0.534
-63.97  49.79   0.917   0.174      4.067   2.500    4.500   0.361
-68.37  48.46   0.253   0.972      1.859   1.700    1.500   0.253
-68.37  48.46   5.886  350.508     22.018   3.300    1.000   0.287
-68.37  48.46   6.277  447.150     24.437   3.300    1.000   0.370
-68.37  48.46   6.224  350.708     22.018   3.300    1.000   0.376
-68.37  48.46   0.250   1.011      1.859   1.700    1.500   0.250
-68.37  48.46   0.252   1.070      1.859   1.400    1.500   0.252
-68.37  48.46   0.188  11.890      0.000   3.300    1.000   0.188
-68.37  48.46   0.278   2.714      1.859   3.300    1.000   0.278
-68.37  48.46   0.178   2.891      0.000   2.200    1.600   0.178
-68.37  48.46   7.809  2053.882     37.175  10.000    0.600   0.120
-68.37  48.46   3.180   3.688     11.272   4.400    3.700   0.369
-68.37  48.46   0.744   2.518      1.859   2.500    0.600   0.207
-68.37  48.46  11.933  1887.099     112.129  60.000    1.200   0.623
-68.37  48.46  10.614  5700.650     76.952   9.000    0.900   0.338
-68.37  48.46  13.963  104.625     166.593  140.000    2.600   0.323
-68.37  48.46  12.267  2469.767     123.723  79.000    0.900   0.338
-68.37  48.46  10.864  1335.595     87.889  55.000    0.900   0.335
-68.37  48.46   1.355  37.608      5.646   2.000    0.600   0.174
-68.37  48.46   0.623   3.952      1.859   4.500    1.600   0.111
-68.37  48.46   0.255   5.669      1.859  -0.100    0.900   0.255
-68.37  48.46   0.485   0.127      1.859   1.300    1.600   0.225
-68.37  48.46   0.791   9.011      3.777   1.400    1.000   0.114
-68.37  48.46   7.309  1084.482     30.334   0.700    0.900   0.354
-68.37  48.46   4.625  91.190     16.679  10.000    0.700   0.327
-68.37  48.46  11.702  40.916     95.978  67.900    4.400   0.458
-68.37  48.46  13.963  96.906     166.593  141.000    2.600   0.323
-68.37  48.46  11.133  319.399     87.889  45.000    2.400   0.632
-68.37  48.46  12.963   1.759     138.439  135.000    2.600   0.379
-68.37  48.46  11.397  134.737     95.978  60.000    3.100   0.497
-68.37  48.46   7.160  211.301     26.395   1.700    1.700   0.296
-68.37  48.46   6.721  184.012     24.437   1.400    1.700   0.361
-68.37  48.46   2.688   3.825      9.422   6.200    1.700   0.392
-68.37  48.46   2.523   3.597      9.422   6.200    1.700   0.387
-68.37  48.46   6.757  216.529     26.395   1.400    1.700   0.405
-68.37  48.46   6.818  216.432     26.395   1.400    1.700   0.355
-68.37  48.46   7.101  216.242     26.395   1.400    1.700   0.373
-68.37  48.46   7.253  290.408     30.334   1.400    1.700   0.290
-68.37  48.46   7.070  216.204     26.395   1.400    1.700   0.376
-68.37  48.46   7.112  216.291     26.395   1.400    1.700   0.323
-68.37  48.46   7.173  216.467     26.395   1.400    1.700   0.317
-68.37  48.46   6.824  216.360     26.395   1.400    1.700   0.403
-68.37  48.46   6.824  216.360     26.395   1.400    1.700   0.403
-68.37  48.46  12.280  476.190     123.723  67.000    2.600   0.456
-68.37  48.46   8.047  3682.977     37.175  110.000    1.200   0.247
-68.37  48.46  10.831  27.505     87.889  64.900    4.400   0.372
-68.37  48.46  10.550   7.518     76.952  64.900    4.400   0.400
-68.37  48.46  10.375  32.161     76.952  50.900    4.600   0.424
-68.37  48.46  11.655  32.581     95.978  70.900    4.400   0.498
-68.37  48.46   9.044  178.496     50.265  85.000    2.600   0.394
-68.37  48.46   6.917   3.048     26.395  24.000    1.400   0.238
-68.37  48.46  13.298  131.407     149.709  120.000    2.600   0.220
-68.37  48.46  11.559  160.277     95.978  58.000    3.000   0.421
-68.37  48.46   8.670  231.583     42.973  15.600    1.800   0.300
-68.37  48.46   2.167   0.514      7.551   5.000    4.000   0.509
-68.37  48.46   7.814  123.897     37.175  25.000    1.100   0.158
-68.37  48.46   5.697   0.965     20.225  20.000    1.100   0.205
-68.37  48.46  11.996  105.447     112.129  69.000    4.200   0.518
-68.37  48.46   8.761  517.781     50.265  13.900    1.600   0.216
-68.37  48.46   4.548  29.191     16.679   7.500    1.700   0.255
-68.37  48.46   3.963  19.620     15.023   7.500    1.700   0.184
-68.37  48.46   4.526  29.163     16.679   7.500    1.700   0.281
-68.37  48.46   4.883  149.907     18.487   3.800    1.200   0.360
-68.37  48.46   5.567  92.281     20.225   3.900    1.700   0.272
-68.37  48.46   2.339   1.761      9.422   5.000    3.500   0.397
-68.37  48.46   2.234   1.295      7.551   4.000    3.500   0.454
-68.37  48.46   1.715   1.090      5.646   6.500    1.700   0.235
-68.37  48.46   7.796  311.701     37.175  16.000    1.200   0.363
-68.37  48.46   9.049  768.436     50.265  17.000    1.200   0.502
-68.37  48.46   8.979  516.224     50.265  23.000    1.200   0.494
-68.37  48.46   4.869  73.727     18.487   3.900    1.700   0.418
-68.37  48.46   1.502   0.217      5.646   4.900    1.600   0.419
-68.37  48.46   4.906  68.729     18.487   4.400    1.700   0.379
-68.37  48.46   5.593  189.743     20.225   3.700    1.200   0.297
-68.37  48.46   9.095  488.583     50.265  14.900    1.600   0.448
-68.37  48.46   0.928   8.223      3.777   7.200    1.200   0.243
-68.37  48.46   2.112   2.694      7.551   5.000    1.600   0.288
-68.37  48.46   4.514  33.773     16.679   6.800    1.700   0.354
-68.37  48.46   4.858  48.189     18.487   6.700    1.700   0.421
-68.37  48.46   4.509  51.327     16.679   4.500    1.700   0.361
-68.37  48.46   5.346  190.012     20.225   3.700    1.200   0.255
-68.37  48.46  11.893  782.371     112.129  45.000    2.400   0.592
-68.37  48.46  11.283  114.860     95.978  51.000    4.200   0.516
-68.37  48.46   1.745   2.011      5.646   6.500    3.800   0.175
-68.37  48.46  11.869  759.259     112.129  46.000    2.400   0.557
-68.37  48.46  10.684  216.536     76.952  24.000    3.600   0.426
-68.37  48.46  11.447  130.502     95.978  48.000    4.200   0.535
-68.37  48.46  11.712  840.483     95.978  38.000    2.000   0.600
-68.37  48.46  10.332  241.635     76.952  21.000    3.600   0.605
-68.37  48.46  10.437  2413.415     76.952  18.000    1.200   0.651
-68.37  48.46  14.705  172.254     194.117  160.000    2.600   0.778
-69.30  48.44   7.420  73.006     42.789  30.000    1.500   0.141
-69.30  48.44   9.835  142.270     88.370  55.000    2.800   0.343
-69.30  48.44   9.812  142.301     88.370  55.000    2.800   0.364
-69.30  48.44  11.897  216.749     144.830  83.000    4.200   0.654
-69.30  48.44  10.229  142.224     88.370  55.000    2.800   0.529
-69.30  48.44   0.821   4.567      4.729   5.600    0.600   0.115
-69.30  48.44   0.842   1.967      4.729   5.200    0.600   0.136
-69.30  48.44   9.797  18482.945     88.370   6.800    0.600   0.294
-69.30  48.44   9.769  20150.460     88.370   3.200    0.600   0.301
-69.30  48.44   1.149   1.438      4.729   3.800    1.600   0.141
-69.30  48.44   1.105   0.760      4.729   3.900    1.600   0.150
-69.30  48.44   1.405   4.783      7.158   3.900    1.600   0.119
-69.30  48.44   1.553   3.105      7.158   4.400    1.600   0.145
-69.30  48.44   1.276   7.709      7.158   5.000    1.600   0.092
-69.30  48.44   1.022   0.277      4.729   3.900    1.600   0.239
-69.30  48.44   1.843  13.554      9.642   4.100    1.600   0.126
-69.30  48.44   1.408   3.798      7.158   4.300    1.600   0.118
-69.30  48.44   1.912  18.070      9.642   3.300    1.500   0.201
-69.30  48.44   1.288   5.188      7.158   5.400    1.600   0.106
-69.30  48.44   2.118  13.291      9.642   3.900    1.600   0.183
-69.30  48.44   1.133   0.819      4.729   4.500    1.100   0.151
-69.30  48.44   1.179   3.032      4.729   5.200    0.600   0.116
-69.30  48.44   1.250   3.006      4.729   3.500    1.600   0.161
-69.30  48.44  10.966  47.031     114.484  85.000    4.300   0.278
-69.30  48.44   6.706  280.467     34.222   4.100    1.800   0.313
-69.30  48.44   7.175  1191.269     37.506   3.000    1.000   0.224
-69.30  48.44   9.405  3196.203     77.134  20.600    1.000   0.353
-69.30  48.44   9.379  527.503     77.134  35.800    1.800   0.286
-69.30  48.44   7.926  551.255     51.172  23.000    1.200   0.248
-69.30  48.44   6.247  328.710     30.681  16.200    0.800   0.243
-69.30  48.44   1.455   3.276      7.158   4.000    1.800   0.101
-69.30  48.44   1.678   4.742      7.158   4.000    1.800   0.138
-69.30  48.44   1.751  12.945      9.642   4.000    1.800   0.141
-69.30  48.44   1.742   3.746      7.158   4.000    1.800   0.295
-69.30  48.44   1.831  10.540      9.642   4.000    1.800   0.200
-69.30  48.44   1.831  10.540      9.642   4.000    1.800   0.200
-69.30  48.44   1.466   2.492      7.158   4.200    1.900   0.130
-69.30  48.44   1.527   2.449      7.158   4.200    1.900   0.168
-69.30  48.44   1.781   9.945      9.642   4.200    1.900   0.166
-69.30  48.44   1.786   9.177      9.642   4.200    1.900   0.216
-69.30  48.44   1.967  19.563      9.642   3.900    1.300   0.146
-69.30  48.44   2.164  20.645      9.642   3.900    1.300   0.154
-69.30  48.44   2.427  40.305     12.146   3.900    1.300   0.273
-69.30  48.44   2.437  40.284     12.146   3.900    1.300   0.280
-69.30  48.44   2.873  81.373     14.658   3.900    1.200   0.128
-69.30  48.44   8.534  1216.812     58.912   3.100    1.600   0.461
-69.30  48.44   9.031  1350.989     67.909   9.100    1.600   0.464
-69.30  48.44  10.068  40371.023     88.370   8.000    0.400   0.455
-69.30  48.44   9.059  1374.085     67.909   8.600    1.600   0.337
-69.30  48.44   9.200  1374.209     67.909   8.600    1.600   0.509
-69.30  48.44   9.856  41381.975     88.370   7.000    0.400   0.461
-69.30  48.44   8.207   1.335     51.172  50.000    2.500   0.197
-69.30  48.44  10.438  429.642     101.052  59.600    2.000   0.221
-69.30  48.44  11.105  370.300     114.484  76.000    2.000   0.523
-69.30  48.44  11.332  689.180     125.601  73.100    2.000   0.567
-69.30  48.44  11.846  1326.135     144.830  72.000    2.000   0.601
-69.30  48.44  11.664  718.350     125.601  72.000    2.000   0.574
-69.30  48.44  11.302  4715.932     125.601  105.000    0.300   0.349
-69.30  48.44   7.052  344.450     37.506   4.100    1.800   0.374
-71.00  46.88  12.887  186.226     186.810  150.000    2.700   0.190
-71.00  46.88  11.248  57.709     109.533  130.000    2.700   0.499
-71.00  46.88  11.817  33.367     145.572  130.000    2.700   0.562
-71.00  46.88  11.448   3.723     122.808  128.000    2.700   0.327
-71.00  46.88   9.511  90.957     69.250  95.000    2.700   0.376
-71.00  46.88  11.534   4.133     122.808  129.100    3.100   0.305
-71.00  46.88  11.048  18.284     109.533  98.000    2.700   0.244
-71.00  46.88  11.420  275.499     122.808  78.000    2.700   0.268
-71.00  46.88  11.531  541.138     122.808  60.000    2.700   0.298
-71.00  46.88  11.534  40.558     122.808  140.000    2.700   0.305
-71.00  46.88  11.534   8.375     122.808  115.000    2.700   0.305
-71.00  46.88  11.774  423.757     145.572  90.000    2.700   0.615
-71.00  46.88  11.531  147.659     122.808  90.000    2.700   0.298
-71.00  46.88  11.425  412.132     122.808  68.000    2.700   0.276
-71.00  46.88  11.155  200.057     109.533  45.900    4.500   0.492
-71.00  46.88  10.959  284.430     109.533  64.000    2.700   0.232
-71.00  46.88  10.262  116.462     94.410  45.900    4.500   0.474
-71.00  46.88  11.214  454.477     109.533  52.000    2.700   0.329
-71.00  46.88  10.896  323.303     109.533  61.000    2.700   0.234
-71.00  46.88  13.168  22.679     186.810  176.000    2.300   0.218
-71.00  46.88   5.872  227.822     28.111  10.000    1.200   0.575
-71.00  46.88   5.881  227.816     28.111  10.000    1.200   0.569
-71.00  46.88  10.935  1057.255     109.533  38.000    2.200   0.391
-71.00  46.88  11.048  295.476     109.533  70.000    2.300   0.244
-71.00  46.88   1.131   7.218      4.232   2.400    0.700   0.216
-71.00  46.88   1.317  46.111      6.426   1.700    0.700   0.250
-71.00  46.88   1.255  39.029      6.426   2.100    0.700   0.267
-71.00  46.88   6.157  251.839     28.111   5.900    1.400   0.404
-71.00  46.88   6.226  252.241     28.111   5.900    1.400   0.304
-71.00  46.88   6.825  417.546     34.198   5.600    1.400   0.331
-71.00  46.88   6.748  339.834     31.395   5.600    1.400   0.424
-71.00  46.88   6.760  417.625     34.198   5.600    1.400   0.401
-71.00  46.88   6.606  339.598     31.395   5.600    1.400   0.323
-71.00  46.88   6.852  417.404     34.198   5.600    1.400   0.399
-71.00  46.88   6.824  417.528     34.198   5.600    1.400   0.345
-71.00  46.88   6.788  2263.085     34.198   0.900    0.700   0.373
-71.00  46.88   6.901  2262.848     34.198   0.900    0.700   0.340
-71.00  46.88   7.035  2262.771     34.198   0.900    0.700   0.377
-71.00  46.88   7.043  2262.775     34.198   0.900    0.700   0.365
-71.00  46.88   7.074  2262.810     34.198   0.900    0.700   0.341
-71.00  46.88   7.074  2262.810     34.198   0.900    0.700   0.341
-71.00  46.88   7.085  2262.828     34.198   0.900    0.700   0.330
-71.00  46.88   7.111  2262.887     34.198   0.900    0.700   0.314
-71.00  46.88   7.113  2262.890     34.198   0.900    0.700   0.315
-71.00  46.88   7.114  2262.893     34.198   0.900    0.700   0.317
-71.00  46.88   7.266  2869.551     38.394   0.900    0.700   0.291
-71.00  46.88   7.337  2869.173     38.394   0.900    0.700   0.316
-71.00  46.88   7.434  2868.969     38.394   0.900    0.700   0.257
-71.00  46.88   7.442  2868.952     38.394   0.900    0.700   0.264
-71.00  46.88   5.059  151.542     22.933   5.700    1.400   0.406
-71.00  46.88   5.407  154.017     25.472   8.100    1.400   0.434
-71.00  46.88   5.363  157.665     25.472   7.900    1.400   0.382
-71.00  46.88   5.451  157.551     25.472   7.900    1.400   0.407
-71.00  46.88   5.483  157.538     25.472   7.900    1.400   0.428
-71.00  46.88   5.606  157.656     25.472   7.900    1.400   0.308
-71.00  46.88   5.580  157.554     25.472   7.900    1.400   0.601
-71.00  46.88   5.691  157.765     25.472   7.900    1.400   0.401
-71.00  46.88   5.839  212.739     28.111   7.700    1.400   0.367
-71.00  46.88   7.158  704.949     34.198   5.000    1.100   0.254
-71.00  46.88   7.340  928.049     38.394   4.900    1.100   0.167
-71.00  46.88   7.231  715.205     34.198   4.800    1.100   0.235
-71.00  46.88   6.913  719.246     34.198   4.700    1.100   0.240
-71.00  46.88   7.219  730.200     34.198   4.500    1.100   0.192
-71.00  46.88   8.370  97.958     51.575   4.200    4.800   0.176
-71.00  46.88   8.380  97.884     51.575   4.200    4.800   0.175
-71.00  46.88   9.025  1178.918     59.636  15.000    1.300   0.422
-71.00  46.88  10.453   6.548     94.410  82.900    4.500   0.628
-71.00  46.88  12.548  285.062     165.585  120.000    2.700   0.356
-71.00  46.88   0.464  19.130      2.064   6.000    0.900   0.464
-65.61  47.82  13.874  193.038     51.723  29.500    1.600   0.347
-65.61  47.82  13.880   8.005     51.723  45.000    2.400   0.299
-65.61  47.82  13.777  135.385     51.723  32.000    1.700   0.252
-65.61  47.82  13.959  4081.865     51.723   7.000    0.700   0.472
-65.61  47.82  14.476  2965.438     69.456  15.000    1.000   0.613
-65.61  47.82  13.666  970.343     41.023  13.000    0.900   0.180
-65.61  47.82  14.384  9563.777     69.456   1.000    0.700   0.357
-65.61  47.82  14.406  3934.939     69.456  13.000    0.900   0.415
-65.61  47.82  13.851  5045.657     51.723   2.000    0.700   0.549
-65.61  47.82   4.117   0.200     -0.124   0.000    0.700   0.285
-65.61  47.82   8.079  37.148     -6.260  -2.000    0.700   0.233
-65.61  47.82  14.578  9845.139     69.456   0.000    0.700   0.651
-65.61  47.82   0.247   1.000      0.000   0.000    0.700   0.247
-65.61  47.82   2.232  40.957      0.921  -3.500    0.700   0.225
-65.61  47.82   5.484   2.033     -2.998  -2.000    0.700   0.428
-61.73  47.44   0.854  43.043     -0.719   0.500    0.200   0.060
-61.73  47.44   0.606   7.373     -0.339   0.000    0.200   0.050
-61.73  47.44   0.591   3.967     -0.339  -0.200    0.200   0.049
-61.73  47.44   0.143   3.324      0.000   0.300    0.200   0.138
-61.73  47.44   0.761  75.395     -0.719  -0.400    0.200   0.028
-61.73  47.44   1.024   1.102     -0.719  -0.900    0.200   0.044
-61.73  47.44   0.853  23.174     -0.719   0.100    0.200   0.058
-61.73  47.44   0.606   4.980     -0.339  -0.200    0.200   0.050
-61.73  47.44   1.812  58.694     -1.770  -3.200    0.200   0.069
-61.73  47.44   0.143   2.627      0.000  -0.300    0.300   0.113
-61.73  47.44   1.323  41.366     -1.175  -1.300    0.300   0.028
-61.73  47.44   1.186   9.527     -0.719  -1.400    0.300   0.089
-61.73  47.44   1.168  10.048     -0.719  -1.500    0.300   0.093
-61.73  47.44   0.738  33.302     -0.339  -0.900    0.300   0.043
-61.73  47.44   0.142  10.000      0.000  -0.900    0.300   0.142
-61.73  47.44   0.617   5.331     -0.339  -0.100    0.300   0.054
-61.73  47.44   0.141   1.014      0.000   0.000    0.300   0.141
-61.73  47.44   0.143   1.185      0.000   0.100    0.300   0.138
-61.73  47.44  10.648  14397.014     -23.995   0.000    0.200   0.080
-61.73  47.44  10.826  10951.028     -23.129  -2.200    0.200   0.258
-61.73  47.44   0.319  242.040     -0.339  -5.000    0.300   0.219
-61.73  47.44   0.603  241.662     -0.339  -5.000    0.300   0.185
-62.88  46.12   6.173  127.048     -12.485  -21.500    0.800   0.703
-62.88  46.12   3.280  14.813     -4.396  -2.100    0.600   0.534
-62.88  46.12   1.497   0.120     -1.261  -1.400    0.400   0.423
-62.88  46.12   4.954   2.305     -8.684  -10.200    1.000   0.515
-62.88  46.12   4.934  11.682     -8.684  -12.100    1.000   0.513
-62.88  46.12   5.176  37.498     -8.684  -14.800    1.000   0.561
-62.88  46.12   6.271   1.751     -14.339  -15.500    1.000   0.361
-62.88  46.12   4.446  16.691     -7.116  -11.200    1.000   0.513
-62.88  46.12   1.410   0.116     -1.261  -1.400    0.700   0.325
-62.88  46.12   1.799   0.173     -1.854  -1.900    0.500   0.496
-62.88  46.12   2.955   0.866     -3.356  -2.800    0.600   0.600
-62.88  46.12   3.618   7.831     -4.396  -3.000    0.500   0.621
-62.88  46.12   1.609   4.340     -1.261  -2.700    0.700   0.320
-62.88  46.12   2.174   7.834     -1.854  -3.800    0.700   0.536
-62.88  46.12   0.832   5.079     -0.779   0.000    0.600   0.091
-62.88  46.12   1.734  10.752     -1.261  -3.200    0.600   0.419
-62.88  46.12   1.446   0.093     -1.261  -1.400    0.600   0.269
-62.88  46.12   8.030  679.154     -21.364  -37.000    0.600   0.323
-62.88  46.12  13.716  543.822     -8.968   5.000    0.600   0.157
-62.88  46.12  12.143  917.365     -22.385  -34.500    0.400   0.852
-62.88  46.12  12.386  1581.807     -18.862   5.000    0.600   0.246
-62.88  46.12   4.687  94.760     -7.116  -11.000    0.400   0.272
-62.88  46.12   0.860   0.403     -0.779  -0.600    0.400   0.312
-62.88  46.12   3.583  196.327     -4.396  -10.000    0.400   0.399
-62.88  46.12  14.483   0.587      9.234  10.000    1.000   0.550
-62.88  46.12   8.015  2732.460     -21.364  10.000    0.600   0.355
-62.88  46.12   6.805  1636.036     -17.232  -41.500    0.600   0.736
-62.88  46.12   4.261  6236.973     -7.116  -54.500    0.600   0.579
-62.88  46.12   4.852  2637.836     -8.684  -39.500    0.600   0.565
-62.88  46.12   5.223  129.337     -8.684  -15.500    0.600   0.403
-62.88  46.12   6.013  26.674     -12.485  -16.100    0.700   0.275
-60.77  46.11   1.601  445.852     -1.737  -14.400    0.600   0.155
-60.77  46.11   5.079  59.313     -9.716  -15.100    0.700   0.203
-60.77  46.11   5.175  63.038     -9.716  -15.200    0.700   0.136
-60.77  46.11   5.136  87.332     -9.716  -15.300    0.600   0.161
-60.77  46.11   4.637  63.787     -8.134  -13.700    0.700   0.184
-60.77  46.11   4.628  73.122     -8.134  -14.100    0.700   0.186
-60.77  46.11   1.846  369.507     -2.477  -14.000    0.600   0.187
-60.77  46.11   4.740  86.976     -8.134  -14.500    0.700   0.117
-60.77  46.11   4.294  26.885     -8.134  -11.600    0.700   0.134
-60.77  46.11   6.050  157.905     -13.508  -22.300    0.700   0.128
-60.77  46.11   6.142  162.420     -13.508  -22.400    0.700   0.138
-60.77  46.11   4.008  82.831     -6.561  -1.100    0.600   0.283
-60.77  46.11   0.818   2.594     -1.091  -1.100    0.600   0.113
-60.77  46.11   1.145   0.811     -1.091  -1.100    0.600   0.161
-60.77  46.11   1.427   0.407     -1.737  -1.500    0.700   0.135
-60.77  46.11  12.106  19006.100     -32.717  50.000    0.600   0.301
-64.23  45.72   4.059  11.140     -3.869  -5.200    0.400   0.224
-64.23  45.72   4.432   0.046     -5.143  -5.200    0.400   0.421
-64.23  45.72   4.705   2.807     -5.143  -5.200    0.400   0.122
-64.23  45.72   4.021   4.343     -3.869  -4.700    0.400   0.120
-64.23  45.72   5.093  18.965     -6.433  -4.700    0.400   0.210
-64.23  45.72   4.718   2.798     -5.143  -5.200    0.400   0.131
-64.23  45.72   4.631   0.557     -5.143  -5.200    0.400   0.179
-64.23  45.72   5.014  10.666     -6.433  -4.800    0.500   0.586
-64.23  45.72   2.366   0.688     -1.448  -0.300    1.500   0.418
-64.23  45.72   4.484   4.471     -5.143  -6.200    0.500   0.477
-64.23  45.72   8.023  3094.891     -17.253   5.000    0.400   0.165
-64.23  45.72  12.441  9092.286     -8.141  30.000    0.400   0.315
-64.23  45.72  12.386  9092.377     -8.141  30.000    0.400   0.321
-64.23  45.72  12.265  9092.561     -8.141  30.000    0.400   0.420
-64.23  45.72  12.408  9092.343     -8.141  30.000    0.400   0.303
-64.23  45.72  12.887  6708.754     -2.763  30.000    0.400   0.452
-64.23  45.72  11.736  14571.954     -18.286  30.000    0.400   0.902
-64.23  45.72  12.624  5678.519     -8.141  22.000    0.400   0.196
-64.23  45.72   7.991  23.424     -17.253  -27.900    2.200   0.320
-64.23  45.72   2.296   0.252     -1.448  -1.600    1.600   0.414
-64.23  45.72   3.341   0.121     -2.948  -3.100    1.500   0.478
-64.23  45.72   3.442   0.510     -2.948  -4.000    1.500   0.432
-64.23  45.72   0.145   1.087      0.000  -0.500    1.700   0.145
-64.23  45.72   0.256   0.993     -0.207  -0.700    1.700   0.256
-64.23  45.72   0.806   3.017     -0.432  -0.200    1.800   0.112
-64.23  45.72   2.001   0.385     -1.107  -2.100    1.600   0.119
-64.23  45.72   2.521   0.710     -1.448  -2.700    1.500   0.180
-64.23  45.72   2.789  13.550     -2.161  -2.700    1.400   0.058
-64.23  45.72   2.628   2.140     -1.448  -3.100    1.500   0.134
-64.23  45.72   2.549   1.282     -1.448  -3.100    1.500   0.186
-64.23  45.72   0.330   1.049     -0.207   0.100    1.600   0.170
-64.23  45.72   0.248   1.004      0.000  -0.100    1.600   0.248
-64.23  45.72   0.858   2.036     -0.432   0.900    1.700   0.119
-64.23  45.72   1.000   0.260     -0.432  -1.300    1.700   0.167
-64.23  45.72   1.085   0.791     -0.432  -1.600    1.700   0.149
-64.23  45.72   3.183   1.408     -2.161  -3.100    1.400   0.187
-64.23  45.72   2.732   2.706     -1.448  -3.000    1.400   0.191
-64.23  45.72   2.668   2.236     -1.448  -3.200    1.500   0.180
-64.23  45.72   2.991   0.210     -2.161  -2.800    1.400   0.207
-64.23  45.72   2.717   1.698     -1.448  -2.700    1.400   0.229
-64.23  45.72   2.642   1.199     -1.448  -2.900    1.500   0.277
-64.23  45.72   2.572   0.935     -1.448  -2.800    1.500   0.207
-64.23  45.72   3.313  58.715     -2.948   0.100    0.400   0.230
-64.23  45.72   0.813   3.060     -0.432   0.600    1.700   0.114
-64.23  45.72   0.817   2.706     -0.432   0.500    1.700   0.118
-64.23  45.72   1.050   0.408     -0.432   0.400    1.700   0.122
-64.23  45.72   1.442   0.814     -0.725   0.500    1.600   0.122
-64.23  45.72   1.155   1.263     -0.432  -0.200    1.700   0.139
-64.23  45.72   0.985   0.007     -0.432  -0.400    1.700   0.190
-64.23  45.72   1.105   0.492     -0.432  -0.400    1.700   0.150
-64.23  45.72   1.811   1.400     -1.107  -0.200    1.600   0.182
-64.23  45.72   2.104   0.467     -1.107  -0.400    1.600   0.201
-64.23  45.72   2.132   0.604     -1.107  -0.700    1.600   0.180
-64.23  45.72   2.415   0.504     -1.448  -0.500    1.500   0.263
-64.23  45.72   2.316   1.250     -1.448  -1.000    1.600   0.170
-64.23  45.72   2.099   0.258     -1.107  -1.200    1.600   0.196
-64.23  45.72   2.155   0.977     -1.107  -1.600    1.600   0.165
-64.23  45.72   2.402   0.159     -1.448  -1.300    1.500   0.253
-64.23  45.72   2.430   0.077     -1.448  -1.300    1.500   0.270
-64.23  45.72   2.538   0.047     -1.448  -1.400    1.500   0.178
-64.23  45.72   2.518   0.019     -1.448  -1.600    1.500   0.188
-64.23  45.72   1.482   4.387     -0.725   2.200    1.400   0.115
-64.23  45.72   2.007   0.258     -1.107  -0.300    1.600   0.119
-64.23  45.72   2.824   3.082     -2.161  -2.500    1.600   0.101
-64.23  45.72   0.601   2.890     -0.207  -1.200    1.600   0.064
-64.23  45.72   1.707   0.653     -0.725  -1.300    1.600   0.286
-64.23  45.72   2.166   1.821     -1.107  -2.500    1.600   0.161
-64.23  45.72   3.428   0.579     -2.948  -2.100    1.400   0.158
-64.23  45.72   1.855   1.220     -1.107  -0.600    1.600   0.138
-64.23  45.72   0.818   2.619     -0.432  -0.700    1.700   0.113
-64.23  45.72   1.210   3.282     -0.432  -1.700    1.700   0.128
-64.23  45.72   1.262   8.821     -0.725  -1.700    1.700   0.082
-64.23  45.72   1.098   1.293     -0.432   1.200    1.700   0.161
-64.23  45.72   1.236   3.090     -0.432   0.900    1.700   0.150
-64.23  45.72   0.983   0.534     -0.432   0.800    1.700   0.187
-64.23  45.72   1.444   0.400     -0.725   0.100    1.600   0.151
-64.23  45.72   0.418   1.394     -0.207   1.300    1.700   0.104
-64.23  45.72   0.742   3.083     -0.207   1.500    1.700   0.168
-64.23  45.72   0.985   0.929     -0.432   1.200    1.700   0.190
-64.23  45.72   1.705   1.427     -0.725  -0.300    1.600   0.176
-64.23  45.72   2.175   1.100     -1.107  -0.700    1.600   0.172
-64.23  45.72   2.204   1.772     -1.107  -1.300    1.600   0.153
-64.23  45.72   1.409   2.809     -0.725   1.600    1.600   0.110
-64.23  45.72   0.924   1.368     -0.432   1.300    1.700   0.132
-64.23  45.72   0.902   0.547     -0.432  -1.100    1.700   0.155
-64.23  45.72   2.901   0.767     -2.161  -3.000    1.400   0.155
-64.23  45.72   3.144   2.656     -2.161  -4.200    1.400   0.197
-64.23  45.72   1.719   2.142     -0.725  -0.900    1.700   0.150
-64.23  45.72   1.849   1.060     -1.107  -1.400    1.600   0.149
-64.23  45.72   3.836  26.940     -3.869  -1.800    0.400   0.386
-64.23  45.72   4.163  10.036     -3.869  -7.900    1.300   0.251
-64.23  45.72   1.001   0.240     -0.432   0.400    1.700   0.269
-64.23  45.72   1.542   0.700     -0.725   0.600    1.600   0.353
-64.23  45.72   0.703   0.986     -0.207   0.000    1.700   0.205
-64.23  45.72   0.214   1.346      0.000  -1.000    1.700   0.214
-64.23  45.72   0.933   0.157     -0.432  -0.900    1.700   0.235
-64.23  45.72   0.870   0.451     -0.432  -1.300    1.700   0.298
-64.23  45.72   3.200  12.839     -2.161  -3.700    1.400   0.059
-64.23  45.72   2.708   5.093     -1.448  -4.500    1.400   0.355
-64.23  45.72   3.289   2.692     -2.948  -5.000    1.400   0.285
-64.23  45.72   1.244   1.294     -0.432  -1.700    1.800   0.273
-64.23  45.72   2.260   1.242     -1.448  -3.000    1.600   0.436
-64.23  45.72   2.705   3.454     -1.448  -4.100    1.500   0.358
-64.23  45.72   4.253  10.548     -5.143  -9.000    1.200   0.532
-64.23  45.72   4.534   9.670     -5.143  -3.900    0.400   0.275
-64.23  45.72   2.552   0.365     -1.448  -2.200    1.400   0.188
-64.23  45.72   2.104   1.391     -1.107  -2.800    1.600   0.201
-64.23  45.72   1.150   1.259     -0.432  -1.000    1.700   0.140
-64.23  45.72   2.209   2.582     -1.107  -2.100    1.600   0.141
-64.23  45.72   3.709  10.348     -2.948  -1.700    0.400   0.266
-64.23  45.72  14.249  34.387     14.713   3.000    2.000   0.827
-64.23  45.72   3.550  28.862     -2.948  -0.800    0.400   0.276
-63.26  44.70   7.920  26.796     -19.238  -27.000    1.500   0.589
-63.26  44.70   3.448   2.803     -3.997  -6.500    1.500   0.385
-63.26  44.70   1.529   2.636     -1.269  -3.700    1.500   0.306
-63.26  44.70   0.352   2.555     -0.369  -2.500    1.500   0.202
-63.26  44.70   1.141   4.407     -0.798  -3.900    1.500   0.391
-63.26  44.70   1.063   5.165     -0.798  -4.200    1.500   0.440
-63.26  44.70   8.610  14.351     -21.224  -26.900    1.500   0.628
-63.26  44.70   9.900  149.027     -24.993  -43.300    1.500   0.367
-63.26  44.70   6.971  83.754     -15.173  -28.900    1.500   0.285
-63.26  44.70   4.851  56.290     -7.558  -18.800    1.500   0.424
-63.26  44.70   8.018  35.220     -19.238  -31.700    2.100   0.281
-63.26  44.70   8.106  41.912     -19.238  -32.800    2.100   0.234
-63.26  44.70   8.570  191.886     -21.224  -42.000    1.500   0.357
-63.26  44.70  12.886  202.966     -23.550  -44.900    1.500   0.183
-63.26  44.70   9.941  11.531     -24.993  -19.900    1.500   1.141
-63.26  44.70   7.646  62.036     -17.499  -30.000    1.600   0.147
-63.26  44.70   8.291  79.060     -21.224  -34.500    1.500   0.246
-63.26  44.70   6.723  66.316     -12.454  -21.400    1.100   0.522
-63.26  44.70   8.688   0.066     -21.224  -21.000    1.100   1.202
-63.26  44.70   1.352   9.027     -1.269  -3.300    0.700   0.190
-63.26  44.70   1.931  20.752     -1.814  -5.000    0.700   0.372
-63.26  44.70   0.311   9.687     -0.369  -2.400    0.700   0.168
-63.26  44.70   2.786  37.935     -3.131  -6.200    0.500   0.421
-63.26  44.70   4.316  101.607     -6.264  -11.300    0.500   0.484
-63.26  44.70   4.266  53.081     -6.264  -9.900    0.500   0.539
-63.26  44.70   4.306  66.058     -6.264  -10.300    0.500   0.206
-63.26  44.70   4.154  90.987     -4.943  -9.700    0.500   0.228
-63.26  44.70  10.935  5850.178     -25.743  12.500    0.500   0.668
-63.26  44.70   3.882  29.519     -4.943  -8.200    0.600   0.536
-63.26  44.70   1.652  11.778     -1.269  -3.300    0.600   0.270
-63.26  44.70   0.141   5.195      0.000  -0.800    0.400   0.129
-63.26  44.70   0.431   2.250     -0.369  -0.900    0.400   0.099
-63.26  44.70   0.400   3.810     -0.369  -1.000    0.400   0.087
-63.26  44.70   0.406   4.409     -0.369  -1.100    0.400   0.091
-63.26  44.70   0.390   6.033     -0.369  -1.200    0.400   0.084
-63.26  44.70   0.564   6.522     -0.369  -1.300    0.400   0.060
-63.26  44.70   0.572   7.953     -0.369  -1.400    0.400   0.063
-63.26  44.70   0.600  11.212     -0.369  -1.500    0.400   0.056
-63.26  44.70   0.734  27.576     -0.369  -1.600    0.400   0.055
-63.26  44.70   0.801   8.680     -0.798  -1.700    0.400   0.105
-63.26  44.70   0.881   8.199     -0.798  -1.800    0.400   0.086
-63.26  44.70   0.991   7.613     -0.798  -1.900    0.400   0.065
-63.26  44.70   0.997   9.036     -0.798  -2.000    0.400   0.063
-63.26  44.70   0.403   2.952     -0.369  -0.900    0.400   0.089
-63.26  44.70   0.791   6.898     -0.798  -1.500    0.400   0.107
-63.26  44.70   0.864   6.045     -0.798  -1.600    0.500   0.073
-63.26  44.70   0.882   7.627     -0.798  -2.000    0.500   0.086
-60.01  43.95  12.399  894.601     -59.945  -42.000    0.600   0.298
-60.01  43.95   0.512   0.038     -0.889  -1.000    0.600   0.208
-60.01  43.95   4.397   0.288     -11.233  -10.900    0.700   0.412
-60.01  43.95   5.229   0.192     -13.114  -13.300    0.700   0.658
-60.01  43.95   9.419  12.334     -39.321  -32.300    2.000   0.821
-60.01  43.95   8.986   0.349     -36.280  -35.100    2.000   0.529
-60.01  43.95   9.386   5.035     -39.321  -34.900    2.000   0.296
-60.01  43.95  11.544  66.198     -56.372  -40.100    2.000   0.831
-60.01  43.95   7.570  10.351     -26.589  -33.000    2.000   0.253
-60.01  43.95  10.744  39.433     -45.509  -50.500    0.800   0.342
-65.85  43.82   1.138   9.391     -0.155  -2.200    0.700   0.149
-65.85  43.82   1.357  44.188     -0.283  -4.900    0.700   0.173
-65.85  43.82   0.967   1.262     -0.155  -1.600    1.300   0.203
-65.85  43.82   5.782  66.242     -5.341  -22.000    2.100   0.119
-65.85  43.82   1.288   2.162     -0.283  -2.000    1.300   0.328
-65.85  43.82   2.707   3.995     -0.710  -3.000    1.200   0.349
-65.85  43.82   2.493   9.978     -0.710  -4.500    1.200   0.427
-65.85  43.82   2.857  15.819     -1.039  -5.800    1.200   0.504
-65.85  43.82   3.639  39.921     -1.398  -5.800    0.700   0.231
-65.85  43.82   4.644  30.030     -2.603  -14.000    2.100   0.191
-65.85  43.82   5.829  28.814     -5.341  -1.600    0.700   0.341
-65.86  44.55  15.710  1974.800     57.476   8.600    1.100   0.299
-65.86  44.55  15.677  1982.676     57.476   8.500    1.100   0.333
-65.86  44.55   1.293   5.994      0.049  -1.900    1.200   0.113
-65.86  44.55   0.783   4.378      0.071  -1.300    1.200   0.123
-65.86  44.55   3.219  30.250     -0.391  -6.400    1.100   0.341
-65.86  44.55   2.841  13.389     -0.391  -4.400    1.100   0.482
-65.86  44.55   3.345  78.124     -0.684  -10.400    1.100   0.480
-66.62  45.10  14.293  785.820     64.339  27.900    1.300   0.519
-66.62  45.10  14.293  2147.419     64.339  18.000    1.000   0.519
-66.62  45.10   0.579   2.009      0.229   1.500    1.000   0.126
-66.62  45.10   0.382   2.244      0.229   1.500    1.000   0.149
-66.62  45.10   0.530   1.640      0.229   1.500    1.000   0.199
-66.62  45.10   0.819   2.745      0.440   1.500    1.000   0.142
-66.62  45.10   0.986   1.128      0.440   1.500    1.000   0.188
-66.62  45.10   2.441   0.094      0.781   1.000    1.000   0.278
-66.62  45.10   1.010   0.315      0.440   1.000    1.000   0.213
-66.62  45.10  14.506  4011.770     64.339   1.000    1.000   1.026
-66.62  45.10  15.403  7461.659     93.381   7.000    1.000   0.668
-66.62  45.10  15.290  712.436     93.381  40.000    2.000   0.864
-66.62  45.10   3.522  21.186      0.591  -4.000    1.000   0.070
-66.62  45.10  14.103  2202.982     48.936   2.000    1.000   0.760
-66.62  45.10   3.219  19.407      0.710  -3.000    0.900   0.141
-66.62  45.10   2.554  11.049      0.781  -2.200    0.900   0.192
-66.62  45.10   2.680   6.829      0.781  -1.400    0.900   0.184
-66.62  45.10   1.810   5.728      0.725  -1.200    0.900   0.177
-66.62  45.10   2.023   2.205      0.725  -0.600    0.900   0.120
-66.62  45.10   1.548   0.912      0.607  -0.200    0.900   0.144
-66.62  45.10   0.997   0.145      0.440   0.100    0.900   0.079
-66.62  45.10  12.864  2197.087     27.321  -0.800    0.600   0.206
-66.62  45.10   0.141   1.012      0.000  -0.100    0.900   0.141
-66.62  45.10   0.919   0.616      0.440   0.000    0.900   0.132
-66.62  45.10  15.582  442.541     93.381  45.000    2.300   0.322
-66.62  45.10  14.806  575.017     82.446  22.500    2.500   0.831
-66.62  45.10  13.066  82.953     27.321  51.000    2.600   0.649
-66.62  45.10  13.866   0.421     48.936  50.000    2.500   0.275
