2.403565588383743489e+03
2.420000552179968963e+03
2.442588978776733256e+03
2.472548486945252080e+03
2.510489738723986648e+03
2.555680567147800048e+03
2.606195979442878979e+03
2.659521781323293453e+03
2.712793845351583514e+03
2.763432426496015523e+03
2.810378592538930661e+03
2.852957605198840156e+03
2.890719583449159927e+03
2.924781110047366838e+03
2.955222537353676671e+03
2.982249999120008852e+03
3.006119430081148039e+03
3.026905206688827548e+03
3.044413434357362348e+03
3.058991061715146770e+03
3.070502856802020233e+03
3.079623418791926269e+03
3.086463012191812140e+03
3.091538972374615696e+03
3.095242748853253033e+03
3.097738381107390978e+03
3.099565983285870971e+03
3.100869088197449400e+03
3.101635030899861704e+03
3.102205315572541622e+03
3.102546174962775240e+03
3.102826892525590665e+03
2.408552215903138858e+03
2.429258128490550007e+03
2.457051826575723680e+03
2.493347825786458543e+03
2.538965415776557165e+03
2.593532053842164260e+03
2.655136602184630647e+03
2.720818730874751509e+03
2.787350876835933832e+03
2.851763632025802963e+03
2.912022463756293291e+03
2.967239546509058528e+03
3.017409062655163780e+03
3.062509273957508867e+03
3.102865461800780849e+03
3.138690683530563547e+03
3.170239931004848131e+03
3.197230077678584621e+03
3.219709761754114879e+03
3.237878466850480436e+03
3.252147538428882854e+03
3.262887848298002609e+03
3.270801408135504062e+03
3.276561913133964026e+03
3.280543670719888269e+03
3.282962953879290581e+03
3.284369073165722057e+03
3.285435930939372611e+03
3.285982689031025529e+03
3.286127112385915098e+03
3.286461431216090659e+03
3.286398780275391800e+03
2.412468929125913746e+03
2.437290610394298710e+03
2.469831698294924990e+03
2.512213073334394267e+03
2.565538659058103804e+03
2.629748944685062270e+03
2.703136791803600318e+03
2.782488662266377105e+03
2.863913930785128287e+03
2.943712759784990340e+03
3.019387327278991506e+03
3.089370885866035223e+03
3.153008979683526377e+03
3.210469304562359866e+03
3.261720515422737662e+03
3.306961368615025094e+03
3.346084096808674076e+03
3.379188749069514870e+03
3.405930926059194007e+03
3.427393450337567174e+03
3.443442566092883681e+03
3.455124983505967521e+03
3.463449077535623019e+03
3.469030234250998092e+03
3.472580115616140120e+03
3.474576828585625208e+03
3.475202041358576025e+03
3.475598987482758730e+03
3.475500013366845906e+03
3.475133308483194014e+03
3.474750442940171524e+03
3.474293713212815419e+03
2.416014875575798669e+03
2.444258311125775435e+03
2.481239905326915050e+03
2.529095015307889753e+03
2.589776100024355401e+03
2.663436882361113931e+03
2.748780400360550630e+03
2.842062954860946320e+03
2.939129517099083387e+03
3.035175584994950441e+03
3.127028455805134399e+03
3.212274712595885376e+03
3.289925967902972388e+03
3.359648365077343897e+03
3.421388677086397365e+03
3.475071272588383636e+03
3.520645650163973187e+03
3.558324291677337897e+03
3.588181449621306911e+03
3.610808335910229289e+03
3.627407135760647634e+03
3.638844079591884110e+03
3.646263935172255060e+03
3.650536407257451174e+03
3.652596218394376592e+03
3.653074681483829409e+03
3.652681599756286687e+03
3.651902241887367381e+03
3.650473358747557995e+03
3.649273594005611812e+03
3.647849394369559832e+03
3.646751768152475961e+03
2.420357499253709648e+03
2.451570220794445504e+03
2.492011806071602223e+03
2.544571784033063523e+03
2.611718417496666461e+03
2.694175743080117172e+03
2.790748635680159623e+03
2.897564324910370487e+03
3.009616651312475369e+03
3.121655451022256329e+03
3.228740817683476507e+03
3.328198735714394843e+03
3.418422806184159526e+03
3.498476873465329390e+03
3.568297931083560343e+03
3.627948185290059428e+03
3.677038949630916250e+03
3.716490164589245978e+03
3.746712364646762126e+03
3.768486229666267263e+03
3.783359464665120868e+03
3.792462109852990579e+03
3.797126348609971501e+03
3.798962607954236319e+03
3.798594416704038849e+03
3.797116361192403019e+03
3.794545755516398913e+03
3.791934279511329805e+03
3.789275505642512599e+03
3.786704868023584368e+03
3.784262119084469305e+03
3.782133139643404775e+03
2.427393205253631095e+03
2.460793847959007053e+03
2.503985840162450131e+03
2.560358256314698792e+03
2.632731578906749746e+03
2.722760067348622670e+03
2.829039295180051795e+03
2.947893237944500470e+03
3.073246259617699707e+03
3.198895506693960670e+03
3.318931063504057875e+03
3.429799304734980524e+03
3.528851947147705232e+03
3.615230961435896916e+03
3.689021116737923876e+03
3.750117537058484686e+03
3.799158463689921518e+03
3.836484503870920435e+03
3.863461570810011381e+03
3.881367814877448836e+03
3.891885405840705971e+03
3.896825337174695505e+03
3.897704102119898380e+03
3.895815171093944173e+03
3.892337081257381215e+03
3.887815318084057708e+03
3.882994441331565667e+03
3.878266053773099884e+03
3.874063713566882143e+03
3.870183005694533222e+03
3.866675006131344162e+03
3.863838797577145669e+03
2.439246996862935703e+03
2.474464888486861582e+03
2.519938225966170648e+03
2.579117031282613425e+03
2.655642846038413609e+03
2.751458345449407716e+03
2.865662906475194177e+03
2.993957603978515181e+03
3.129804295529410410e+03
3.265574955985939596e+03
3.394510185756273131e+03
3.511824236757098788e+03
3.614926883161487240e+03
3.702517352504264636e+03
3.774701321243514940e+03
3.832273058723412305e+03
3.875826210100158278e+03
3.906967284893172746e+03
3.927336812530006682e+03
3.938665563665233094e+03
3.942879022937193895e+03
3.942251683797046553e+03
3.938264841530643935e+03
3.931996605776314482e+03
3.925123768216517419e+03
3.917957001722680616e+03
3.911014302331252111e+03
3.904660574333948716e+03
3.899032735899327690e+03
3.894267687369082978e+03
3.890041835278026610e+03
3.886650205326950527e+03
2.458048183940526087e+03
2.495009669462279817e+03
2.542210257878716675e+03
2.603594198971762580e+03
2.683359138683700621e+03
2.783505642097586133e+03
2.903522188035907220e+03
3.038621956578519530e+03
3.181266632669452065e+03
3.323102017167576832e+03
3.456020467272746828e+03
3.574491152724703170e+03
3.675458363009727691e+03
3.758122774044278231e+03
3.823097577480762993e+03
3.871781529612055692e+03
3.905752941764337720e+03
3.927046392239431498e+03
3.937928906295482193e+03
3.940585108889840285e+03
3.937538828351961911e+03
3.930888593732288427e+03
3.922008722561942250e+03
3.912342102737819005e+03
3.902850874119904802e+03
3.893802451602506153e+03
3.885738786705415805e+03
3.878530564170687740e+03
3.872491586392848149e+03
3.867215894765096436e+03
3.863022679628697915e+03
3.859482123865575886e+03
2.485124081649774325e+03
2.524007670862376017e+03
2.573034660827949210e+03
2.636582067623341118e+03
2.718727694351802256e+03
2.822214775187531359e+03
2.946078631305953422e+03
3.085354277488926073e+03
3.231609326495383812e+03
3.375360935705027259e+03
3.507367866998412410e+03
3.621555570195664131e+03
3.715040914145855822e+03
3.787474566639015393e+03
3.840402469876175928e+03
3.875914045012156748e+03
3.896681850447667784e+03
3.905683605407928553e+03
3.905695655101818829e+03
3.899538532102550107e+03
3.889421495397973558e+03
3.877553131261505769e+03
3.865424613495265476e+03
3.853775837339564077e+03
3.843248340757648748e+03
3.834089904326317537e+03
3.826147043697445497e+03
3.819681062854087941e+03
3.814193186043011792e+03
3.809845406583107888e+03
3.806343013303409407e+03
3.803498506122514300e+03
2.520803421773608079e+03
2.562040206359342392e+03
2.613279004178372361e+03
2.679130712246287203e+03
2.763816082549175462e+03
2.870078013972205554e+03
2.996771059069028524e+03
3.138373681690324702e+03
3.285832705128002090e+03
3.428004861363715918e+03
3.555430761521676231e+03
3.661397101531882072e+03
3.743096337484597825e+03
3.801434643193033935e+03
3.838549337373993694e+03
3.858143527840250044e+03
3.864126092422126476e+03
3.859940126714851431e+03
3.849218123262934569e+03
3.834831040027967902e+03
3.819406228360738623e+03
3.804265278454759482e+03
3.790816139716210273e+03
3.779478459752486742e+03
3.770187209719870225e+03
3.762718666214103905e+03
3.757033471051801826e+03
3.752568503181503274e+03
3.749126661442786371e+03
3.746608045084391051e+03
3.744662149803682951e+03
3.743144344392064340e+03
2.564159435590400790e+03
2.608293421555926216e+03
2.662574241515795165e+03
2.731321328086958601e+03
2.818966884877140728e+03
2.928172120808468662e+03
3.057429566651877394e+03
3.200629391049657897e+03
3.347643338516380481e+03
3.486526122330242288e+03
3.606945545964303619e+03
3.702027409087726028e+03
3.769684737721227066e+03
3.811453306847685781e+03
3.831042706076018931e+03
3.833428924672602079e+03
3.823826178310621799e+03
3.806735604506321579e+03
3.786154540923314926e+03
3.765313139436862002e+03
3.746219820870624972e+03
3.730311515062005583e+03
3.717735041429063131e+03
3.708735794305573563e+03
3.702564713799002675e+03
3.698606206511019082e+03
3.696401654676274120e+03
3.695353559713782943e+03
3.694962361796194273e+03
3.695037170678458551e+03
3.695314050040198708e+03
3.695541032292940599e+03
2.612964159729838684e+03
2.660497793389486105e+03
2.718240637890372454e+03
2.790642377689795012e+03
2.881986334194150459e+03
2.994681018541711182e+03
3.126949780083659789e+03
3.271802397168475181e+03
3.418153727636863096e+03
3.553017948961335151e+03
3.665401024507365946e+03
3.748360430653607636e+03
3.800247502938509570e+03
3.823895049656928677e+03
3.824656206689533974e+03
3.809069518215574135e+03
3.783510970119102240e+03
3.753524029630767018e+03
3.723681284071068148e+03
3.697267169271099647e+03
3.675816066995494111e+03
3.660115613460865006e+03
3.649857379874432354e+03
3.644320352013042339e+03
3.642354165339594147e+03
3.642748515340723316e+03
3.644851496568648599e+03
3.647680479371124420e+03
3.650679392194050706e+03
3.653513808054407491e+03
3.656060647323587546e+03
3.658301360043155000e+03
2.663054002076441520e+03
2.713841840631321702e+03
2.775422994511944125e+03
2.851967196828001306e+03
2.947665590118949240e+03
3.064755752359919825e+03
3.200545758061991364e+03
3.347436714981226487e+03
3.493171458037457796e+03
3.623742889287495473e+03
3.727233012707881244e+03
3.796849771203373166e+03
3.831379232436633174e+03
3.834931662694996703e+03
3.814655098376478691e+03
3.778801254209539820e+03
3.735610626363437405e+03
3.691387165052990895e+03
3.651247097824719276e+03
3.618412980523772148e+03
3.593974140258389525e+03
3.578165915531146311e+03
3.569761483548254091e+03
3.567338273959008802e+03
3.569104180943581923e+03
3.573503430329091316e+03
3.579410114121166316e+03
3.585564962860748892e+03
3.591482092512594591e+03
3.596687779060734101e+03
3.601275649513658664e+03
3.604948676896342931e+03
2.708818099831921700e+03
2.762745742796171271e+03
2.828197964074157426e+03
2.909230709087523337e+03
3.009852984968184046e+03
3.131712495548691095e+03
3.271835949421043097e+03
3.421140061060704284e+03
3.566218445500937833e+03
3.691655255587826559e+03
3.785239716469478481e+03
3.839053430247376582e+03
3.853177796161126935e+03
3.832957111820553109e+03
3.787527671517605995e+03
3.727639389228691925e+03
3.662421207426988531e+03
3.600294248273429275e+03
3.546405058540901337e+03
3.503963274824695418e+03
3.473717800922124297e+03
3.455221138731329575e+03
3.446362902271171606e+03
3.444843332097001621e+03
3.448446615084938912e+03
3.455052828962421245e+03
3.463025105522194735e+03
3.471099556249110265e+03
3.478780223222363475e+03
3.485310451906018443e+03
3.490961079193156820e+03
3.495470948733291607e+03
2.745969190694460849e+03
2.802930375356816967e+03
2.872326707265033747e+03
2.958277472098536236e+03
3.064527973179634955e+03
3.192096970847191187e+03
3.337204044294706364e+03
3.489426139598570899e+03
3.633799125312952128e+03
3.753395124688715896e+03
3.834347741395676621e+03
3.869397818197440756e+03
3.858620165080618790e+03
3.809176094919424486e+03
3.732932611215950601e+03
3.642626519213411029e+03
3.549518222323693408e+03
3.463537362474922702e+03
3.390446462627252458e+03
3.333270778682855962e+03
3.292673793124508393e+03
3.267064116056119019e+03
3.253786363867530326e+03
3.249733808940325162e+03
3.251987963925382246e+03
3.257979080817099657e+03
3.265622346281343653e+03
3.273756507443750706e+03
3.281274579270902905e+03
3.287946646638552011e+03
3.293491167233232773e+03
3.297846144323072167e+03
2.773231703842447132e+03
2.833821313552891752e+03
2.908077766791917838e+03
3.000097688445823678e+03
3.113445214356216184e+03
3.248437207023376686e+03
3.399920564911566089e+03
3.556074732378913723e+03
3.700089893783883781e+03
3.813128677302331653e+03
3.879819706366179616e+03
3.892112857741406515e+03
3.851413237466389546e+03
3.766938301992499873e+03
3.653147201338303603e+03
3.525559146158695512e+03
3.397760403726176264e+03
3.281260155326455333e+03
3.182583527665728980e+03
3.105124494399196465e+03
3.048600048624392912e+03
3.011187365019946810e+03
2.988925362881348974e+03
2.978382359445216480e+03
2.975815976372058230e+03
2.978147229801203139e+03
2.983057351900852154e+03
2.988972568335491360e+03
2.994758192190956379e+03
2.999917641790479138e+03
3.004296615530979125e+03
3.007685220432714232e+03
2.793958822042347492e+03
2.859602943239626711e+03
2.940651030552859538e+03
3.041157655690278261e+03
3.163954890345222339e+03
3.308919952343497698e+03
3.469455385316209686e+03
3.631724670885593696e+03
3.776749096797519087e+03
3.883395606452671927e+03
3.934305134867762717e+03
3.921572339421837114e+03
3.846943428071302151e+03
3.722274855244271293e+03
3.565028630206014896e+03
3.393926503682409020e+03
3.225572458542644654e+03
3.072632018754709861e+03
2.942856834672921650e+03
2.839696944233588056e+03
2.762696969151482335e+03
2.708838543467504223e+03
2.674013352056027088e+03
2.653517914097126777e+03
2.643211934501729957e+03
2.639405156171304498e+03
2.639473167966032634e+03
2.641524207170735735e+03
2.644227009021742106e+03
2.646833561792373530e+03
2.649106706967403625e+03
2.651051840349138729e+03
2.814687604237635242e+03
2.887704712400229710e+03
2.978147126442779154e+03
3.089945958597946174e+03
3.225808738711145452e+03
3.384269129910479023e+03
3.557174672307162837e+03
3.728717119418571201e+03
3.877034156445819008e+03
3.978507109648910500e+03
4.014139631846048815e+03
3.974677022102383489e+03
3.863549081932604167e+03
3.695215202083123586e+03
3.490772458048555109e+03
3.271769663489456434e+03
3.058477267061402927e+03
2.865217143673950886e+03
2.700496264047834757e+03
2.568156927957856169e+03
2.467405401408725993e+03
2.394582998390399553e+03
2.344596029161934894e+03
2.312000983433371402e+03
2.292118193932438317e+03
2.280788713090285000e+03
2.274833548938477634e+03
2.271945994582211824e+03
2.270846308769743246e+03
2.270494663179606960e+03
2.270345072366004388e+03
2.270363412937396333e+03
2.844068238656403082e+03
2.926807972817805421e+03
3.029433375291965149e+03
3.155855499917546695e+03
3.308146856042587387e+03
3.483579336330770730e+03
3.672238884050284923e+03
3.856063567699790383e+03
4.009831848727545093e+03
4.107439564144900032e+03
4.127938634870271017e+03
4.061729599557476831e+03
3.913366879928833896e+03
3.699622983920649403e+03
3.445409567694558518e+03
3.177246726112052329e+03
2.916774423885211945e+03
2.681152590774023338e+03
2.480204482877433293e+03
2.317415574399288744e+03
2.191723204167098174e+03
2.098889476614062914e+03
2.032950957549731129e+03
1.987723935879580040e+03
1.957840538906641086e+03
1.938537906586252575e+03
1.926185485830626703e+03
1.918475106075677786e+03
1.913417688169869507e+03
1.910059985930624407e+03
1.907666329872552524e+03
1.905858784135789392e+03
2.890802900437752669e+03
2.985245903854249718e+03
3.102246702218206792e+03
3.245684578662254808e+03
3.416819882756668903e+03
3.611540023425357958e+03
3.818092161315875728e+03
4.015612952456557196e+03
4.176179617684646473e+03
4.270622033233865295e+03
4.276153301268906944e+03
4.182951157033233358e+03
3.996457272423089762e+03
3.737369857473524007e+03
3.433517170480779896e+03
3.115336090570200213e+03
2.808062870742844552e+03
2.530352037246956570e+03
2.293399120371710978e+03
2.100720106846871658e+03
1.950885470855738959e+03
1.838646621104333917e+03
1.757513070417694280e+03
1.700315564775064104e+03
1.660934407239882603e+03
1.634268445873691917e+03
1.616265005230576662e+03
1.604026958858736634e+03
1.595661648688189871e+03
1.589589813091809447e+03
1.585236034222687977e+03
1.581926899440510624e+03
2.962899720745357172e+03
3.069134389620034199e+03
3.201399152398491879e+03
3.362489781839032730e+03
3.553008817942088626e+03
3.767339669768105068e+03
3.991637539341956654e+03
4.202495869954612317e+03
4.369017303695555711e+03
4.459461814625778970e+03
4.449359490423247735e+03
4.328331555021318309e+03
4.104258325927533406e+03
3.799912518957463362e+03
3.447458053625140110e+03
3.080530028678585950e+03
2.728095345086169345e+03
2.410339456779848661e+03
2.139369777754626739e+03
1.918864408001016955e+03
1.746727290672229174e+03
1.617011223459798430e+03
1.522133212409243015e+03
1.454607538434714570e+03
1.407085069802196813e+03
1.374203505767746719e+03
1.351514188164470852e+03
1.335698875914635437e+03
1.324567093049620553e+03
1.316558130738330192e+03
1.310685541395295104e+03
1.306250586455009397e+03
3.059095907299571081e+03
3.178555991149746205e+03
3.325459914841733280e+03
3.503217450108953471e+03
3.711523243261901371e+03
3.943407121344219831e+03
4.183255263351596113e+03
4.404481652778828902e+03
4.574506454138320805e+03
4.658729935369513441e+03
4.631578884109007959e+03
4.482654199772282482e+03
4.221347583232919533e+03
3.873627798921510475e+03
3.474720675128755374e+03
3.062457024299626937e+03
2.667802625695022471e+03
2.313168636191369387e+03
2.011228931531672742e+03
1.765774740569930827e+03
1.574144136561352070e+03
1.429423553772571267e+03
1.323209624611112758e+03
1.247021265535342309e+03
1.193197550919424884e+03
1.155488900191059429e+03
1.129214729616422574e+03
1.110785922910027693e+03
1.097763294590296709e+03
1.088337804892815484e+03
1.081485608074473703e+03
1.076360869460839695e+03
3.176319191962138120e+03
3.306638398503624103e+03
3.466059448315354075e+03
3.657969438135817654e+03
3.880858458133953263e+03
4.126415083045410029e+03
4.377206521887776944e+03
4.605114210727858335e+03
4.774864832209233100e+03
4.850757880471626777e+03
4.805354500279363492e+03
4.629269672702833304e+03
4.333165714016277889e+03
3.944400648270177498e+03
3.503601573392172668e+03
3.049935128989870464e+03
2.617649034999476498e+03
2.230458784336663030e+03
1.901882831013464738e+03
1.635306235639945498e+03
1.427414170673138869e+03
1.270683289761252809e+03
1.155679032257121889e+03
1.072976238412031307e+03
1.014568716284300308e+03
9.734403172134529996e+02
9.447222263635036370e+02
9.245758952711918255e+02
9.103170523169551416e+02
9.001418084770824635e+02
8.927040764045426613e+02
8.872795179453914898e+02
3.300746229286791277e+03
3.439808040006115789e+03
3.609364824478908758e+03
3.811585257794249173e+03
4.044653901062403747e+03
4.298917339640862338e+03
4.555632296756748474e+03
4.785277590864490776e+03
4.951381541726926116e+03
5.016697969460156855e+03
4.953906375943298372e+03
4.752439881047384006e+03
4.425275584544418052e+03
4.002053306687948407e+03
3.524762404708856593e+03
3.035825209819806787e+03
2.571597234398522232e+03
2.157466160267282248e+03
1.807091646294466500e+03
1.523575592105670239e+03
1.303163765767205632e+03
1.137330014325045340e+03
1.016065546232017027e+03
9.289927977674142312e+02
8.675791518824046307e+02
8.245165196188343089e+02
7.945033019020999063e+02
7.735004367783990347e+02
7.586605183044067644e+02
7.481912766905260241e+02
7.406417295599246700e+02
7.351272038969163987e+02
3.416441588521829544e+03
3.562038141609243212e+03
3.738484737216167105e+03
3.947265154143067775e+03
4.185464689895671654e+03
4.443272314269886010e+03
4.700799592390320868e+03
4.927726976477937569e+03
5.087407483587576280e+03
5.141909372009758044e+03
5.063135618301762406e+03
4.840751619713189029e+03
4.488578973999917253e+03
4.036862743207221229e+03
3.531008290913800920e+03
3.014023491029081924e+03
2.525311851926361214e+03
2.090808622531519632e+03
1.723591061774889567e+03
1.428052229728901011e+03
1.198991820090287092e+03
1.027319544530495023e+03
9.022324391647133552e+02
8.129166778449848607e+02
7.500695972462166310e+02
7.062619017842955600e+02
6.758036529002420139e+02
6.546369519208452630e+02
6.398299152018811355e+02
6.294174845680912540e+02
6.220533882746716472e+02
6.167598508058375728e+02
3.508261433636794209e+03
3.658327623191729799e+03
3.838416902009947989e+03
4.050026429906641624e+03
4.289348197205517863e+03
4.545379445957469216e+03
4.798622686738003722e+03
5.019464936478579148e+03
5.170393292572995051e+03
5.214232245604484888e+03
5.122300905698419228e+03
4.885251516747543974e+03
4.515093226236956980e+03
4.043929079430379716e+03
3.517744707464393287e+03
2.982205404471000747e+03
2.476320297414534707e+03
2.027272666043344998e+03
1.649633554232696724e+03
1.346390070302802087e+03
1.112373061141069002e+03
9.377988841534406674e+02
8.111706463280053185e+02
7.213285189574855849e+02
6.585551567666287838e+02
6.150573433697355767e+02
5.850445542820283436e+02
5.643891076717113719e+02
5.501222432054804585e+02
5.401475445946489344e+02
5.331652759241131889e+02
5.282460111974504571e+02
3.566108889259303851e+03
3.718043371112699788e+03
3.899496350980660736e+03
4.110199103422051849e+03
4.346127690607695513e+03
4.596238989864548785e+03
4.841692121696164577e+03
5.053063568870513336e+03
5.194700613517001329e+03
5.228843245360191759e+03
5.127943393805769119e+03
4.881403580184928614e+03
4.501590536439254720e+03
4.020254213049316149e+03
3.483080593477157436e+03
2.936947141964545608e+03
2.421591135171405313e+03
1.965273163952198956e+03
1.582141171317096678e+03
1.275537377824636906e+03
1.040123941476415439e+03
8.652988373984603641e+02
7.392193184155059953e+02
6.503384761616327978e+02
5.887149588688239419e+02
5.465192868945515556e+02
5.176034850131525218e+02
4.979476307123002812e+02
4.845028832429732688e+02
4.752724761544765784e+02
4.688916139482842027e+02
4.644548926390752968e+02
