3.121916051741227704e+01
3.167070407997060499e+01
3.228354880666088178e+01
3.308773045680457159e+01
3.411779734864674651e+01
3.535494719038506872e+01
3.674163293634337890e+01
3.820471325717073086e+01
3.965551869103555305e+01
4.102586158838662556e+01
4.228438903517776026e+01
4.340770439750032494e+01
4.439234317259784746e+01
4.527259671998011470e+01
4.605181543423626067e+01
4.673463659273957660e+01
4.733435227420233815e+01
4.785089863665043453e+01
4.828493953270307060e+01
4.864099577508965666e+01
4.891797725196406077e+01
4.913521128580035935e+01
4.929484164424499681e+01
4.940784680437789689e+01
4.948570804632660725e+01
4.953383136746988669e+01
4.956821088443322765e+01
4.959371100469172688e+01
4.960336950963422709e+01
4.960421012145785369e+01
4.960793598588801245e+01
4.960613450618760822e+01
3.071145640034067625e+01
3.123848797446440528e+01
3.193899574122448470e+01
3.287963292172528895e+01
3.408647268842590705e+01
3.554949768492667062e+01
3.720929564377314591e+01
3.898279996438711237e+01
4.076975618326824247e+01
4.248369736236740835e+01
4.407151658982670028e+01
4.550764108452202805e+01
4.679113265834042323e+01
4.793582206983175098e+01
4.894895274227675941e+01
4.983692924162932769e+01
5.061073977058311613e+01
5.126382723179338541e+01
5.180613285276146485e+01
5.222625272140032848e+01
5.255284111976735772e+01
5.279163027882029269e+01
5.295902307442189993e+01
5.306846038749404926e+01
5.314609821462463657e+01
5.317593471721402665e+01
5.318739307173458286e+01
5.319414615480367559e+01
5.319064396115412308e+01
5.317961750117503072e+01
5.317332884783120051e+01
5.316263217172436839e+01
3.010369112481389919e+01
3.067399868702819532e+01
3.144428964945406690e+01
3.249324856749984747e+01
3.385696055807007809e+01
3.553304822591813661e+01
3.747126213150209395e+01
3.956867335763595861e+01
4.171071707956793517e+01
4.379299019090160527e+01
4.574761101864883273e+01
4.752703986003931647e+01
4.912623862186864443e+01
5.054504368719761942e+01
5.179600531173684885e+01
5.287869321374992637e+01
5.380319937085585025e+01
5.457171537929813354e+01
5.517992883181841535e+01
5.565210535380633416e+01
5.598642983220707237e+01
5.621479292815322992e+01
5.636487428342074679e+01
5.644406841497867333e+01
5.647830389564668963e+01
5.648073313198973722e+01
5.645704588686619729e+01
5.643358722992637411e+01
5.639758663075248535e+01
5.636499966357447988e+01
5.633348453081485019e+01
5.630252395942533639e+01
2.942554146948200255e+01
3.000375680192869154e+01
3.080930165451250602e+01
3.191921874363855238e+01
3.339668181379234824e+01
3.525345895471804880e+01
3.743477255750113386e+01
3.983448845523655990e+01
4.232015294434658870e+01
4.475628360771731451e+01
4.705739866759975598e+01
4.916258633867482075e+01
5.104241891108940621e+01
5.270079661754453326e+01
5.414306350711390792e+01
5.536966380822647693e+01
5.638920600987724896e+01
5.720307841457948683e+01
5.782361613020695046e+01
5.825956592003814905e+01
5.855645930900298879e+01
5.872845474527262866e+01
5.880457562318832032e+01
5.882230863143590227e+01
5.878528251468729593e+01
5.872142342507427770e+01
5.864063539268738623e+01
5.856552506391447821e+01
5.848182203566492632e+01
5.841056972783289325e+01
5.834527949001038394e+01
5.828877657422601288e+01
2.870558856868234443e+01
2.924879702465652187e+01
3.002764962142622096e+01
3.114056026434123581e+01
3.266834865372456420e+01
3.463349424138110066e+01
3.699378984461753817e+01
3.962260509379805740e+01
4.237881367046605163e+01
4.510748450497887063e+01
4.767580953224049267e+01
5.002152630353794649e+01
5.210085893278136382e+01
5.389839439668555343e+01
5.542946113023975130e+01
5.669237706568372914e+01
5.768720090703331493e+01
5.844678271942393621e+01
5.898240082113141369e+01
5.931749830733867412e+01
5.949758674642291112e+01
5.953954875227506705e+01
5.949111900274400000e+01
5.938857631020058392e+01
5.924589408751177899e+01
5.909962585429635595e+01
5.893794370863479770e+01
5.878964971125171246e+01
5.865187434792468935e+01
5.852796806069889612e+01
5.842321861657963922e+01
5.833401084181041796e+01
2.798075077949857103e+01
2.843515919190121366e+01
2.912476870008300978e+01
3.016449915930195402e+01
3.164761572100767850e+01
3.362400083057785594e+01
3.604376497701066029e+01
3.879167005109505340e+01
4.169228384339149329e+01
4.457631441877722267e+01
4.728521839087093781e+01
4.973100217656703848e+01
5.185320760560526310e+01
5.363926657779432361e+01
5.510228252567335971e+01
5.624964926910681129e+01
5.710270888133066336e+01
5.768054759744231319e+01
5.802075827196304658e+01
5.815899558568715833e+01
5.813995663016395099e+01
5.800468084644302991e+01
5.779838155769022734e+01
5.754582594821587094e+01
5.728586779093581782e+01
5.702345689785474292e+01
5.676724761536073771e+01
5.654460812597068298e+01
5.634947386886554455e+01
5.617304082165829726e+01
5.602806031218810290e+01
5.591131632258219497e+01
2.727812924880882761e+01
2.759477993480371438e+01
2.813194698751176404e+01
2.901313196475287626e+01
3.035375998019948440e+01
3.221341317188542774e+01
3.455671562842400135e+01
3.726388871020488835e+01
4.015169731808754250e+01
4.301413903678807316e+01
4.568331974756831215e+01
4.803845322986849453e+01
5.002956192418824344e+01
5.163013769425563737e+01
5.285451333190645329e+01
5.373610506129453057e+01
5.430290543277349968e+01
5.459463282476394141e+01
5.466230585453822499e+01
5.454161930303711614e+01
5.428914148409185003e+01
5.395584539093883336e+01
5.357360283478740826e+01
5.317272419724962873e+01
5.279186085187966171e+01
5.243029445165576163e+01
5.210613465467840655e+01
5.181932715854665616e+01
5.157200329192809818e+01
5.136821881897989073e+01
5.119442501102433596e+01
5.105835705134717273e+01
2.660746375685004850e+01
2.674773535189722651e+01
2.707427354039305811e+01
2.771919390185226462e+01
2.881779217172181262e+01
3.043142560572360722e+01
3.255557829987262153e+01
3.505813888531115197e+01
3.774802505918504636e+01
4.041080725301958410e+01
4.285324748704744735e+01
4.493999742745411652e+01
4.661881992682695852e+01
4.787387162142499619e+01
4.873057407114210804e+01
4.923535317393393740e+01
4.944211134028068244e+01
4.939378263249380296e+01
4.915226329587690657e+01
4.876877783214888495e+01
4.830176038688047413e+01
4.779439249136082424e+01
4.727424699729341739e+01
4.678338947108158408e+01
4.633048933554965032e+01
4.591751350778316265e+01
4.556329548939547180e+01
4.525989659703686385e+01
4.500630486172314448e+01
4.479119073732536549e+01
4.462001621575780064e+01
4.448107893053035156e+01
2.593814469133548428e+01
2.587589025605523929e+01
2.594795092268459769e+01
2.630026791280259957e+01
2.706966940809843436e+01
2.834255611027290556e+01
3.011069003442335301e+01
3.225984106853045574e+01
3.459595629094521740e+01
3.690128278201020606e+01
3.895746650582835002e+01
4.064712244478512559e+01
4.189543320124215597e+01
4.271443382836850589e+01
4.314562609221588474e+01
4.324411928717400144e+01
4.307694991741533386e+01
4.271419428803041285e+01
4.221970917945868962e+01
4.165047839016867215e+01
4.104933749511503294e+01
4.046000223529490114e+01
3.991400821782992381e+01
3.941939915074047462e+01
3.898400510167265764e+01
3.860808917898705772e+01
3.829619177558627996e+01
3.803714511063881787e+01
3.782096539686975945e+01
3.765413213329035358e+01
3.752005969128686758e+01
3.740866955154658768e+01
2.520870217195191287e+01
2.493091203494599739e+01
2.473476692282474332e+01
2.475970917249592773e+01
2.514896898800841996e+01
2.600327391564961843e+01
2.732960498023555829e+01
2.902543978279497239e+01
3.090937953489209988e+01
3.275070287537545966e+01
3.435123651231795350e+01
3.557447409795349103e+01
3.636751092153516396e+01
3.675025963989988043e+01
3.677404569712962967e+01
3.652457739146998961e+01
3.608140313594405058e+01
3.551854019692678577e+01
3.489868306385256602e+01
3.428080426557431082e+01
3.370342637072403136e+01
3.318111146599935068e+01
3.273762936984126526e+01
3.237195222752959722e+01
3.207698563375823397e+01
3.184161764335445710e+01
3.166139021910665363e+01
3.152310466725349158e+01
3.141568463141734568e+01
3.133746183068332769e+01
3.128052464778758335e+01
3.123423354370087779e+01
2.437335633410621938e+01
2.388991210389228570e+01
2.342761734788550498e+01
2.312207814734573930e+01
2.312300296763805818e+01
2.353500136446864133e+01
2.438555614567790286e+01
2.559102478253792157e+01
2.698198338610017188e+01
2.834843513563234296e+01
2.949258142408093164e+01
3.028676983190167959e+01
3.068571007581726207e+01
3.072523299470443803e+01
3.046871489734403937e+01
3.001332381779548797e+01
2.945544767555609766e+01
2.886752069013713751e+01
2.830949007619213020e+01
2.783570269944231512e+01
2.745430018534651140e+01
2.717842949102199057e+01
2.699905755343827707e+01
2.690266956364939688e+01
2.686804404623241282e+01
2.687692721974622501e+01
2.691364579523864009e+01
2.696772562276635554e+01
2.702710790711816813e+01
2.708459130948855531e+01
2.713965524705151111e+01
2.718764525109354224e+01
2.343695848216645317e+01
2.277474276690627875e+01
2.208094065608802481e+01
2.148239412978026408e+01
2.112488721667522995e+01
2.112473532095235385e+01
2.152423640225050860e+01
2.226910793092876517e+01
2.321330191985739688e+01
2.416287370337200713e+01
2.493878703617053816e+01
2.541681305287765369e+01
2.556078529090934737e+01
2.540965069392555975e+01
2.504766661462847921e+01
2.458086832030823743e+01
2.410310251123084058e+01
2.368985071641653661e+01
2.339753046364020506e+01
2.325201488332416133e+01
2.324924613999028367e+01
2.337629700499023500e+01
2.360459960144131841e+01
2.390057028018703988e+01
2.422978238171986121e+01
2.456938382680220201e+01
2.489254200775899761e+01
2.519147961609224495e+01
2.545567756516835800e+01
2.568110523329686146e+01
2.587400062773870957e+01
2.602949631575893363e+01
2.246139463343963882e+01
2.166895903361816522e+01
2.080679747630008336e+01
1.998397411209749563e+01
1.934486169353698060e+01
1.900790774412293160e+01
1.903654670346697841e+01
1.940076425877343169e+01
1.999355993576168089e+01
2.064064923814299490e+01
2.117326903075165134e+01
2.148224963762811868e+01
2.152876235112888281e+01
2.135996719665045518e+01
2.106746486230158055e+01
2.075949227040899814e+01
2.053749918245135575e+01
2.047159458110624541e+01
2.060271712871350047e+01
2.093454837770879706e+01
2.144358367846830760e+01
2.208968034642400013e+01
2.282314201276332710e+01
2.358981088395888293e+01
2.434786720549119465e+01
2.506509514093326985e+01
2.571000930103493332e+01
2.627887878485599771e+01
2.676545312624945439e+01
2.717292835831777609e+01
2.750576489782780243e+01
2.777490771333541275e+01
2.153988043537649943e+01
2.068709678790483153e+01
1.973354359176850181e+01
1.877897355319005257e+01
1.795270725190214378e+01
1.737883267059024917e+01
1.713465419083039976e+01
1.722614062793780931e+01
1.757475270076955809e+01
1.803269385070079167e+01
1.845133281771260059e+01
1.870909204180120256e+01
1.878031525758730425e+01
1.870474635626286641e+01
1.858457645153994164e+01
1.853747761194253840e+01
1.866196444173091606e+01
1.902620209770919857e+01
1.965210410802178131e+01
2.052607791462705222e+01
2.159867846598466912e+01
2.280065337225947175e+01
2.406303326107983764e+01
2.531786969013835176e+01
2.650873288909831871e+01
2.759654843966177040e+01
2.856110360208791477e+01
2.938913660059522925e+01
3.008730848101127719e+01
3.066273701741701885e+01
3.112628640137034353e+01
3.150087847775608907e+01
2.078686426670732601e+01
1.993140440415534798e+01
1.896266755782515645e+01
1.796049092140835057e+01
1.703835681438442506e+01
1.631862807570193752e+01
1.589356053108629929e+01
1.579873388478157814e+01
1.598987226954083418e+01
1.634391716435877484e+01
1.671070265517313302e+01
1.697501086061303965e+01
1.709659078214100703e+01
1.712431734038970887e+01
1.716876424714531524e+01
1.735812612531539045e+01
1.779690509996209258e+01
1.855040509914501712e+01
1.962581560693045901e+01
2.098984399701228298e+01
2.256700604259044596e+01
2.426730255812097781e+01
2.599601959357643821e+01
2.768053268289146374e+01
2.924661924969062099e+01
3.064780945898289488e+01
3.187534422713189031e+01
3.291953320060139987e+01
3.378293003444859011e+01
3.449209868876992857e+01
3.505657453311710015e+01
3.550304378686266205e+01
2.029171215502371695e+01
1.948213482314823608e+01
1.854693900077379709e+01
1.755055407044029536e+01
1.659272573438867937e+01
1.578589555940495615e+01
1.524035813629142133e+01
1.502017298638298115e+01
1.510877674622168598e+01
1.539777901769777024e+01
1.572986429565803412e+01
1.597501418648637106e+01
1.608740604680589570e+01
1.612069652584273527e+01
1.620305290611105065e+01
1.648030179649826010e+01
1.707219109581992456e+01
1.804758081427566196e+01
1.940692303799494312e+01
2.109471677460848227e+01
2.302219711315598261e+01
2.506259132377122967e+01
2.712412811840940563e+01
2.909889195759171798e+01
3.091631727182808120e+01
3.253232351786438414e+01
3.393574821788502760e+01
3.511613037266998560e+01
3.608149017369948552e+01
3.686180966891566158e+01
3.748820305623083726e+01
3.797466363060961925e+01
2.012815390686484562e+01
1.937353468467679107e+01
1.848506105521932952e+01
1.751543992371815150e+01
1.654730698828395319e+01
1.569201439452650781e+01
1.507411362375454367e+01
1.478315779254379692e+01
1.482000397757742682e+01
1.507384218524955699e+01
1.536577269172855154e+01
1.554228144976709558e+01
1.553930111206857667e+01
1.542227559300287787e+01
1.534377878679294582e+01
1.548366077232189930e+01
1.598660769626412836e+01
1.693542132466380679e+01
1.832870260790421213e+01
2.010308507916040810e+01
2.214585777843857883e+01
2.432577676861619409e+01
2.651666573167396734e+01
2.861221262537975463e+01
3.053064442137597112e+01
3.223049831885737859e+01
3.369193780604826571e+01
3.491450543585894195e+01
3.590905871006924599e+01
3.671011556873469317e+01
3.734149129583049387e+01
3.783382464792334332e+01
2.030499153289526149e+01
1.959232803702350623e+01
1.874324329813613588e+01
1.780157156890688697e+01
1.684343188068309871e+01
1.598631476211073021e+01
1.536692218681946187e+01
1.509315838042287261e+01
1.516886886895377096e+01
1.546160016400767034e+01
1.574788217865351747e+01
1.582954747009508445e+01
1.562448148359257161e+01
1.520909527681425999e+01
1.477588955750963606e+01
1.454202965273063697e+01
1.470284471616439781e+01
1.535952314139546715e+01
1.652550432823931104e+01
1.813542561264037545e+01
2.005935663191228002e+01
2.215127488689378765e+01
2.427715481188839064e+01
2.631524254238859939e+01
2.819131003463514062e+01
2.984708179489997804e+01
3.125898155312122029e+01
3.243556519184444653e+01
3.339397998784685484e+01
3.415417627816949420e+01
3.474978585701913403e+01
3.521637177786596595e+01
2.077655418465062809e+01
2.009014087328584708e+01
1.927768424840817474e+01
1.837775970616745980e+01
1.747904799391307407e+01
1.670420155286299391e+01
1.620648878309305374e+01
1.609946957194367556e+01
1.636399011946284077e+01
1.682355143593262881e+01
1.719371279942755493e+01
1.721388991391537715e+01
1.677857397297530895e+01
1.597246431451955573e+01
1.503307279346058323e+01
1.425127626828303384e+01
1.386337980590142749e+01
1.401126596345262243e+01
1.473259475630129600e+01
1.596254197803478192e+01
1.756755763796848058e+01
1.939298641985177696e+01
2.129495432030985924e+01
2.314623397862252574e+01
2.485188731193190748e+01
2.636079146125222650e+01
2.764778740153065684e+01
2.871729754681657099e+01
2.958495589488244804e+01
3.027038156534403868e+01
3.080495104480106860e+01
3.121945076471440927e+01
2.147118040882410028e+01
2.081887473259607546e+01
2.006440797816499355e+01
1.926752080025077873e+01
1.852377736949026499e+01
1.796958377624945058e+01
1.776317893026788752e+01
1.800576697226837197e+01
1.864614120648267814e+01
1.943073090034785366e+01
1.999690748367466497e+01
2.002151356895924650e+01
1.936059660793115356e+01
1.812773539649162302e+01
1.660647515660717488e+01
1.515914230790369999e+01
1.408912963152191899e+01
1.358943473398613655e+01
1.372241866314052139e+01
1.443187684753025479e+01
1.559186711539695125e+01
1.704208668772479385e+01
1.861174692126281371e+01
2.018585261270392550e+01
2.165384948699169954e+01
2.296478216419237128e+01
2.408370756367536458e+01
2.501487852918783972e+01
2.576514264800867693e+01
2.635518908527323134e+01
2.681654146175617015e+01
2.716434297008296994e+01
2.231995198970976446e+01
2.178227653577120293e+01
2.116138943865219701e+01
2.056850232146986457e+01
2.011339383027946681e+01
1.994262639180304930e+01
2.020667480420986806e+01
2.097865400823889104e+01
2.214804909419115830e+01
2.338211845223463570e+01
2.422836404333514082e+01
2.429590079235957489e+01
2.342384758191175109e+01
2.173938553245031713e+01
1.959475345435050642e+01
1.742518280358521565e+01
1.560711963243385192e+01
1.438775989843063918e+01
1.386416437507701538e+01
1.399395231256685257e+01
1.465106202329802265e+01
1.566858521960017470e+01
1.687735604130397959e+01
1.813592991165361568e+01
1.934417731268509044e+01
2.043793195449697464e+01
2.137560769601242683e+01
2.215980575553535203e+01
2.278799489741613016e+01
2.328649479300759495e+01
2.367144622370828699e+01
2.396303089115990304e+01
2.352522431225675348e+01
2.309903090765647704e+01
2.271154392892801610e+01
2.244477365013223391e+01
2.242037531486261059e+01
2.278029595954436104e+01
2.365790606922722361e+01
2.507002758579935531e+01
2.684537197592685942e+01
2.856495739681885482e+01
2.969600577779827333e+01
2.979395816796936458e+01
2.867648353384946347e+01
2.651888635739627276e+01
2.372076694418224818e+01
2.080728936107850302e+01
1.822274245089236899e+01
1.626916822907066518e+01
1.507677170090593322e+01
1.461918532318830444e+01
1.476883267142220113e+01
1.536023837175439333e+01
1.621024875980631563e+01
1.716879989244047522e+01
1.812796000852824463e+01
1.901145832490497511e+01
1.978231846041422770e+01
2.042851727764550418e+01
2.095004008347221358e+01
2.136081636196221112e+01
2.167989147276090378e+01
2.192039676397780923e+01
2.512250023047291236e+01
2.494801760906072730e+01
2.489746216658173594e+01
2.507208633053813074e+01
2.558949862749862803e+01
2.657888557673671315e+01
2.812931013011363746e+01
3.020808241609612921e+01
3.256462563848202052e+01
3.471213890815670311e+01
3.604708187643777961e+01
3.609368092543189732e+01
3.468220280385198606e+01
3.198887936077668925e+01
2.852352160618693233e+01
2.485964972952886143e+01
2.151925479109888428e+01
1.885446244383967596e+01
1.702286569642192759e+01
1.601082375062269847e+01
1.569586007466164901e+01
1.589150523990656438e+01
1.641656063894315309e+01
1.711131554480143180e+01
1.784718632385519399e+01
1.855410437254244727e+01
1.918201995114911540e+01
1.971212273510336033e+01
2.014229046606910600e+01
2.048663565251506924e+01
2.074981161921446926e+01
2.094853918178810659e+01
2.733767468380117904e+01
2.749255528020203698e+01
2.786414169106091876e+01
2.855438088243789707e+01
2.967078088132143421e+01
3.130815182861523027e+01
3.351198132648752903e+01
3.618551168209250335e+01
3.901514029635249869e+01
4.145505527069477125e+01
4.286518889935607035e+01
4.274214531405553430e+01
4.094103271440204850e+01
3.769118513483522293e+01
3.353608192625988949e+01
2.913768886195750341e+01
2.507800979025286381e+01
2.175089291849054973e+01
1.933769060745915880e+01
1.783175244619766886e+01
1.710364996374492463e+01
1.696451228742839135e+01
1.721527920270225209e+01
1.768767562079151290e+01
1.824935115873915947e+01
1.881074378783974410e+01
1.932376673211274110e+01
1.976715533404532721e+01
2.012780019864327485e+01
2.041460407869647753e+01
2.064015706802016581e+01
2.080879705327120988e+01
3.023934989719539956e+01
3.078159125945153107e+01
3.162422954195616498e+01
3.285508405536538135e+01
3.456373773236485647e+01
3.680474570790985922e+01
3.956969277026723120e+01
4.270378915538245224e+01
4.584493845377517829e+01
4.840692668027821099e+01
4.973608620333979502e+01
4.932521735240099048e+01
4.706323085549734486e+01
4.320523117965517912e+01
3.837949862493754694e+01
3.327741082601122713e+01
2.855965548356240546e+01
2.464504445184617509e+01
2.171891584049369328e+01
1.979440636247501573e+01
1.872681602879345064e+01
1.831552890369211539e+01
1.835228510271802094e+01
1.865115262050830580e+01
1.907722125784106382e+01
1.953203336789717071e+01
1.996104283105402288e+01
2.033811759160879262e+01
2.064931154643038980e+01
2.089923912509895487e+01
2.109449581030531107e+01
2.124418436329071014e+01
3.375943431644667214e+01
3.470666308370566355e+01
3.602089190020083720e+01
3.777411906003216302e+01
4.001878320612522089e+01
4.276153725038550135e+01
4.594719122375280307e+01
4.938166902478238995e+01
5.264495477101546328e+01
5.515989291998206312e+01
5.625361973893180334e+01
5.547243178088274362e+01
5.269406122809006376e+01
4.823392168554288162e+01
4.277293985074894778e+01
3.705000836940054398e+01
3.174689002877424215e+01
2.731245820313245432e+01
2.396627653806888603e+01
2.169863840246117803e+01
2.036006431150826401e+01
1.974048236596385664e+01
1.961456702557775600e+01
1.979177570230894645e+01
2.012248974142482894e+01
2.050450975807127918e+01
2.087648571423922306e+01
2.121029324177652242e+01
2.148878200633849289e+01
2.171554569970301785e+01
2.189099494083903963e+01
2.202708232010621714e+01
3.768842951667964769e+01
3.902637018922545309e+01
4.077841399536916356e+01
4.298920824485830394e+01
4.567327362772258681e+01
4.879442045275327189e+01
5.225431036907762916e+01
5.580512971183457438e+01
5.903799704613644650e+01
6.134648038288038663e+01
6.211223823301735081e+01
6.087919036594118438e+01
5.758183186768874862e+01
5.257207790964157113e+01
4.653397500316541624e+01
4.027372976007141148e+01
3.447758402477230533e+01
2.963027618559113563e+01
2.593956831128493690e+01
2.340444711947806766e+01
2.186890552498776330e+01
2.109869909706715418e+01
2.086289366175914139e+01
2.095791719906148387e+01
2.122547624400359467e+01
2.156117074917411358e+01
2.189839184508925030e+01
2.220372590619110653e+01
2.246247939904114332e+01
2.267606223725815795e+01
2.284105751474958979e+01
2.296927171124842459e+01
