2.142888341935797314e+01
2.181546311168379404e+01
2.228990666395968034e+01
2.297373467313383699e+01
2.389477269457331943e+01
2.520204009672982082e+01
2.690539653805698350e+01
2.894126093237798614e+01
3.100336901604360662e+01
3.283770038828439652e+01
3.422455436121902750e+01
3.511074835180642140e+01
3.551163125022065259e+01
3.568103030812612531e+01
3.582356297760258457e+01
3.603239215059581113e+01
3.643530449252342862e+01
3.705525007237309865e+01
3.777249830588934287e+01
3.851143795769937839e+01
3.928713311462658453e+01
3.999189594218553623e+01
4.058781686969798841e+01
4.111084808859899908e+01
4.148721163632021103e+01
4.178969773874796090e+01
4.201674713498709224e+01
4.220215107549397970e+01
4.236711750565692824e+01
4.238530429956891510e+01
4.249364572200430956e+01
4.254388452598513481e+01
2.125077227974738037e+01
2.157641623116160545e+01
2.199713421269261460e+01
2.254350496553481165e+01
2.328960121996527022e+01
2.433352230995896193e+01
2.571244020362625804e+01
2.731889432921101957e+01
2.896541496259795423e+01
3.034288578660520486e+01
3.131645483075619296e+01
3.176666731154216450e+01
3.188756896852906308e+01
3.185044658823713704e+01
3.186959161017270148e+01
3.199510624972438322e+01
3.236497677780423032e+01
3.290261000564523641e+01
3.357337396702091326e+01
3.430697420169639855e+01
3.497976245974198406e+01
3.560611433654730718e+01
3.612820852367306657e+01
3.657707644743433661e+01
3.694613449715231468e+01
3.717998799032265822e+01
3.738125415660266526e+01
3.751265480825249909e+01
3.764422693566940126e+01
3.771477339821006325e+01
3.776694179843011767e+01
3.782870077906418516e+01
2.102938156032753625e+01
2.133924460008480040e+01
2.169284531174214692e+01
2.214636591152266121e+01
2.273530304024486171e+01
2.350037669562160048e+01
2.453622559059358110e+01
2.572548955497033418e+01
2.693716727693000834e+01
2.787316898593036640e+01
2.845193593487593020e+01
2.864899372685452761e+01
2.861196123406114111e+01
2.851341803123379748e+01
2.851664373158078192e+01
2.868291141838479419e+01
2.908696610376897240e+01
2.962143718395391900e+01
3.027015920082487810e+01
3.097762554478446617e+01
3.161594535566042197e+01
3.219223266267167105e+01
3.267359765021788576e+01
3.310305478347833485e+01
3.344349718156608731e+01
3.367544741081601956e+01
3.387784036590234393e+01
3.405907874772665167e+01
3.415961583160998316e+01
3.426777829915640439e+01
3.432493686884335915e+01
3.438827870007566645e+01
2.080162549851494092e+01
2.106710218388196765e+01
2.140223102209034067e+01
2.176392378544587913e+01
2.219019302931072346e+01
2.274599777402666589e+01
2.347165909029112285e+01
2.431746746556439476e+01
2.510588609620889500e+01
2.570871727641487681e+01
2.602309845646347597e+01
2.610633871584208521e+01
2.612571550671880161e+01
2.621941852731477240e+01
2.646903351708422036e+01
2.691001543021181774e+01
2.751018072340935205e+01
2.823104080516226588e+01
2.902673529980300415e+01
2.979632095721989771e+01
3.050191669621522550e+01
3.112472550692947593e+01
3.169564818904240866e+01
3.218735022122660183e+01
3.254627342526577394e+01
3.288164936325785703e+01
3.315877204383367882e+01
3.339045007007435117e+01
3.358670573289442984e+01
3.375616388036724658e+01
3.389945607447832288e+01
3.402504481279682835e+01
2.052262346920697667e+01
2.079432768746874416e+01
2.107304207467116441e+01
2.135350739638289852e+01
2.165433798257316411e+01
2.203030677577048024e+01
2.252051454370018391e+01
2.307854278864262199e+01
2.357264307607984222e+01
2.395599878375940150e+01
2.417454187488012352e+01
2.437159640319877951e+01
2.470992044448431812e+01
2.526828639064797954e+01
2.606503942111581651e+01
2.700784616172589025e+01
2.811055847938532892e+01
2.920908023989826674e+01
3.031138581259059706e+01
3.135319400559838243e+01
3.225271168793752707e+01
3.305201781148911522e+01
3.377572125887586196e+01
3.439159557237974951e+01
3.494434625111411208e+01
3.546817160858807938e+01
3.590930450403387653e+01
3.627132246495314405e+01
3.662257531207499284e+01
3.692906061198127077e+01
3.718068733411271864e+01
3.740102959780216452e+01
2.027533001311951466e+01
2.049883068254469975e+01
2.072562323099750259e+01
2.092896794942966920e+01
2.112194974459923458e+01
2.135877770404388798e+01
2.164899618199146403e+01
2.200791580153599369e+01
2.233816437738319038e+01
2.261490685101233566e+01
2.293273824172028696e+01
2.345625386634489118e+01
2.434086434333427107e+01
2.562717648469444853e+01
2.721043809036376615e+01
2.897193761850741822e+01
3.070544723446019830e+01
3.241833510950267794e+01
3.401710648643469881e+01
3.539238294176276867e+01
3.660398502094206918e+01
3.766083817089622698e+01
3.863777070680166048e+01
3.947280016025163007e+01
4.026745992267481711e+01
4.098018515260203287e+01
4.166138647572496012e+01
4.226270458395723750e+01
4.281082921775734462e+01
4.327636681287832943e+01
4.369965028023263187e+01
4.405149166749402667e+01
2.003864491546075044e+01
2.020694479034012403e+01
2.037910217821177383e+01
2.050208352586277272e+01
2.060774964864430459e+01
2.070899840867338426e+01
2.087823384307931462e+01
2.110232813299277410e+01
2.137181775991921029e+01
2.170757452888254946e+01
2.226403077018006371e+01
2.327154557999044471e+01
2.488971367208242924e+01
2.701620813175786751e+01
2.956642766160655356e+01
3.218029062331760315e+01
3.470464531277762887e+01
3.705284233673749128e+01
3.912827343746072728e+01
4.088069758809507448e+01
4.242087062493125416e+01
4.372495805728851082e+01
4.492042958993238244e+01
4.596670521564960410e+01
4.699622936771010728e+01
4.792189903379134108e+01
4.881081143083596885e+01
4.964898646682890870e+01
5.040285450604940820e+01
5.101990127331700364e+01
5.159241004343251547e+01
5.209182746284037790e+01
1.977694711648391035e+01
1.991198405421016560e+01
2.001222006699499900e+01
2.005713790635100224e+01
2.006026897277046928e+01
2.008549903227855538e+01
2.017432653750505267e+01
2.036687887206386804e+01
2.066278618852078353e+01
2.116477095994814306e+01
2.208484531534292827e+01
2.365112788242527486e+01
2.601327607732862290e+01
2.903656316816964988e+01
3.243227859702896865e+01
3.585176436606342776e+01
3.911128156263166744e+01
4.190324102412811413e+01
4.438750443863663975e+01
4.638368781002248653e+01
4.804480639789763075e+01
4.947371099218332802e+01
5.073941719653336690e+01
5.189543330743243388e+01
5.303271677946176510e+01
5.408082977641797129e+01
5.507924894541422844e+01
5.601443707994099697e+01
5.684317337206886833e+01
5.759559109300240465e+01
5.833128454274411467e+01
5.881829016508692831e+01
1.948289074277014166e+01
1.956719421585528096e+01
1.961429308103059554e+01
1.956819834366682187e+01
1.951012041585358148e+01
1.948574571940792310e+01
1.956145460808665604e+01
1.979427581662527302e+01
2.023631667113803090e+01
2.099574440782769713e+01
2.231504909435688333e+01
2.446238954823353140e+01
2.747816357385087471e+01
3.122551308367115297e+01
3.526396683381137365e+01
3.927888580492331982e+01
4.286372705989518295e+01
4.596808628859372448e+01
4.843969245900748888e+01
5.044305799738345542e+01
5.198509130567787651e+01
5.324136806797728383e+01
5.438071670526607448e+01
5.539548346654809308e+01
5.643944686123712273e+01
5.737758248523458349e+01
5.835291819562852567e+01
5.930797515735510927e+01
6.012650922903867468e+01
6.084100492203361199e+01
6.148564781425299230e+01
6.210655055127776336e+01
1.908950715209845228e+01
1.914032005319386442e+01
1.912961429963630522e+01
1.905336499718833920e+01
1.895612203657892536e+01
1.892884687517797815e+01
1.907936719867247533e+01
1.947466855458411317e+01
2.016012913292424003e+01
2.126494847111294817e+01
2.300859373837316468e+01
2.562435275664013545e+01
2.917958849718267444e+01
3.339822964702982233e+01
3.785351481654848271e+01
4.202119705803835359e+01
4.562537211104401536e+01
4.860353883499689687e+01
5.080030265986445670e+01
5.241022567969930179e+01
5.358594504083127674e+01
5.449199161179510043e+01
5.514315908260168442e+01
5.579445748251316672e+01
5.648006309555622551e+01
5.723556135102640496e+01
5.797729577057514661e+01
5.872529458713766815e+01
5.939345898433988680e+01
5.997359622066872475e+01
6.053203060968746740e+01
6.103108670784516221e+01
1.856247066980740712e+01
1.858587816293770700e+01
1.855572150835729062e+01
1.847321984844847975e+01
1.842103499245987308e+01
1.849189300852604134e+01
1.883255864654416101e+01
1.951064784349367542e+01
2.056499833671183808e+01
2.208164096294119716e+01
2.428958119854389253e+01
2.734585133405131785e+01
3.127278517530460533e+01
3.570039402404248108e+01
4.023215908456971590e+01
4.426457446704245768e+01
4.759074673063653904e+01
5.008800506944132280e+01
5.178879086609472893e+01
5.283535122073340062e+01
5.333669853275083028e+01
5.357913846540290592e+01
5.374476336168980595e+01
5.384566527181840456e+01
5.408120190423387896e+01
5.440698135357487075e+01
5.482221260783616401e+01
5.526096914734006305e+01
5.576479127014281545e+01
5.603014386465240904e+01
5.647025116647451881e+01
5.678491278076698023e+01
1.789903079637950611e+01
1.791919684812473434e+01
1.791646960798501098e+01
1.792368751228114832e+01
1.801703766671531781e+01
1.832217672436128453e+01
1.899051065110630532e+01
2.008528334712813646e+01
2.162609646749514525e+01
2.365406592841540956e+01
2.634260633316468159e+01
2.983597982454625708e+01
3.400686224215261433e+01
3.855277133361782660e+01
4.284942879412474070e+01
4.656710238383411848e+01
4.934438170392905931e+01
5.121860231348283321e+01
5.223160989075279304e+01
5.248504313684626510e+01
5.230906761593746523e+01
5.189842107431606877e+01
5.139579746978945707e+01
5.102866498413769136e+01
5.075768571218016945e+01
5.064825675894725521e+01
5.066580845194539506e+01
5.083340303419613093e+01
5.096468215163432802e+01
5.112641455729319517e+01
5.127609910137060467e+01
5.141732687177022854e+01
1.715992335717809070e+01
1.724084224582921010e+01
1.733695556871207799e+01
1.750688393599117276e+01
1.785976327513877138e+01
1.854987193784301525e+01
1.970390958015605420e+01
2.138192453297414275e+01
2.355448647960036723e+01
2.619978959127009688e+01
2.943726333089721692e+01
3.332019242163958950e+01
3.769854004889642596e+01
4.219406571519344595e+01
4.624583130859041802e+01
4.944461008355482790e+01
5.157481857065653941e+01
5.272203756023696997e+01
5.292246967079182696e+01
5.246267941795829159e+01
5.155844401364180385e+01
5.046132756616471227e+01
4.941964136226665971e+01
4.851524724745691231e+01
4.779129463493993768e+01
4.731702174766827085e+01
4.704964730480647006e+01
4.691405625714403982e+01
4.680214726004903270e+01
4.673069973095339691e+01
4.673676964533425604e+01
4.667229594807613324e+01
1.654376545620018391e+01
1.671817070337009881e+01
1.697884857693414773e+01
1.740986453707999715e+01
1.815017576596295967e+01
1.934562090707870041e+01
2.113254515193606409e+01
2.354408148907253562e+01
2.644757671843223790e+01
2.980310985192425477e+01
3.361783868228742733e+01
3.790323657399696344e+01
4.249114071534938830e+01
4.689430442958639134e+01
5.059280717679368422e+01
5.319895460581967939e+01
5.458097328644382173e+01
5.494037739999053827e+01
5.436355049302923703e+01
5.317640161073148874e+01
5.160271093218587168e+01
4.993380700132118477e+01
4.837320605323350975e+01
4.699238444959734551e+01
4.595954906571042642e+01
4.513777937204758217e+01
4.462833210018039409e+01
4.420465645746153172e+01
4.394285778611347126e+01
4.371397125106273052e+01
4.355714749862566038e+01
4.339697995907918937e+01
1.625121505527340560e+01
1.656917726347675313e+01
1.706839493491931137e+01
1.782504272404384693e+01
1.902868810211430883e+01
2.083562198260467824e+01
2.335678085436541451e+01
2.658116306591602651e+01
3.031081637807769980e+01
3.438550416074587446e+01
3.877422019149233279e+01
4.345090166714415147e+01
4.811517517942596101e+01
5.238480805351595393e+01
5.559242265567620223e+01
5.757045596028378043e+01
5.822745925599542716e+01
5.768018753916438612e+01
5.634682958194350988e+01
5.439350895121404506e+01
5.221988761115587607e+01
4.999160407802182249e+01
4.796481748474598561e+01
4.630942528408095882e+01
4.490897167929762190e+01
4.385216595105541160e+01
4.308976632552108299e+01
4.252985380950671157e+01
4.209474482438216825e+01
4.178897761805274058e+01
4.150481766070118539e+01
4.128928138579863827e+01
1.652793309519175580e+01
1.701687645873840182e+01
1.774995010037199705e+01
1.887732398023490177e+01
2.057897231590380116e+01
2.301670700958682403e+01
2.629120774392202264e+01
3.032483281862723246e+01
3.484508019081518881e+01
3.963903041967736840e+01
4.452704111566676204e+01
4.949155107178157209e+01
5.420135208935155191e+01
5.813848739691712098e+01
6.085316375449242088e+01
6.204120738908699906e+01
6.189673727273390824e+01
6.045975417165399790e+01
5.830852661507656620e+01
5.560477696759593869e+01
5.275913895756642091e+01
5.006592984576943195e+01
4.762056351571226998e+01
4.558329857089810133e+01
4.396379634420496529e+01
4.275818576542175720e+01
4.181380571441582816e+01
4.113538935959926590e+01
4.057843462769849907e+01
4.014368159816192616e+01
3.979248020829877674e+01
3.952151221912536982e+01
1.743643445425387029e+01
1.808736448322981971e+01
1.907951543609370759e+01
2.054735929083190626e+01
2.270396082614451672e+01
2.572597434074229383e+01
2.971134681021646884e+01
3.446864671018872173e+01
3.970990618122137761e+01
4.506843869538754888e+01
5.039782482098454608e+01
5.544379527276560538e+01
6.002825990715118110e+01
6.358202075831700739e+01
6.561232910510203453e+01
6.596008335757309737e+01
6.486824452685986842e+01
6.252430168658585075e+01
5.950359017579728516e+01
5.605642538184861223e+01
5.263142889704976568e+01
4.939800309029557468e+01
4.659189651741199611e+01
4.426560715218234776e+01
4.245393207340931951e+01
4.104253375038344842e+01
3.996131086503478258e+01
3.919833565475575199e+01
3.855909876789812074e+01
3.805873750222973939e+01
3.762169148513928718e+01
3.731396824744251717e+01
1.882113073000046555e+01
1.962463991918484041e+01
2.081791903931535614e+01
2.258491883289720192e+01
2.513803827199060237e+01
2.864865614348566680e+01
3.318410223357061284e+01
3.854298997820130523e+01
4.431023208645910927e+01
5.008647679480903747e+01
5.563469693595125420e+01
6.072301495937727367e+01
6.502542778553295477e+01
6.802289604981713467e+01
6.928418623765577422e+01
6.876015419007569562e+01
6.659092860700749839e+01
6.331385746019611815e+01
5.942804954564387998e+01
5.528759128982313342e+01
5.124629965613874560e+01
4.761813502278668153e+01
4.445489803278235996e+01
4.187203957334307347e+01
3.985484922107287531e+01
3.830972427253112045e+01
3.720013185105023723e+01
3.630383408521560540e+01
3.562770859226761644e+01
3.508592899904420648e+01
3.464157145428126228e+01
3.428213206888302267e+01
2.036337475241000305e+01
2.126160673388014644e+01
2.261912281561196991e+01
2.458846535986895532e+01
2.740877651054761088e+01
3.124978691375764583e+01
3.618152417337638127e+01
4.193369466677350488e+01
4.807432430171446924e+01
5.409655013207996177e+01
5.966068485172661440e+01
6.462223933128859699e+01
6.850620210143613065e+01
7.089416015310287378e+01
7.137730456874359675e+01
6.984315489177652125e+01
6.675636819386893706e+01
6.257734835780168936e+01
5.784314497134429445e+01
5.309976640989364682e+01
4.853642720195810512e+01
4.450836001637476613e+01
4.114072927121540602e+01
3.840196943018214881e+01
3.630303814076441427e+01
3.471690869408189428e+01
3.349710323732954009e+01
3.260950403743240145e+01
3.192303734106457824e+01
3.135031108246394282e+01
3.090537235247101933e+01
3.051595761518927219e+01
2.166799577684021472e+01
2.262334570700916814e+01
2.405439257846467882e+01
2.614129508512009181e+01
2.909459849558385258e+01
3.314386146872202232e+01
3.827214411183432929e+01
4.421316800915833056e+01
5.047135181381565872e+01
5.651944863427259946e+01
6.202602490141847369e+01
6.671722321734188199e+01
7.017355646457245655e+01
7.186275879300930569e+01
7.152648741891331952e+01
6.905763815210789858e+01
6.508544916587295859e+01
6.011902723701822282e+01
5.471329500371010113e+01
4.944134896377663324e+01
4.463078845941274153e+01
4.040293111450193209e+01
3.688150419164382043e+01
3.411639146813998025e+01
3.197732155185644842e+01
3.041424835521137027e+01
2.924818288959573209e+01
2.836903237256236920e+01
2.771671744567764151e+01
2.717847804203728401e+01
2.675233503540154345e+01
2.641563486874283839e+01
2.236035835490136492e+01
2.342364801542660757e+01
2.487841259340562772e+01
2.697138130470016648e+01
2.994984560766718928e+01
3.400500571036825193e+01
3.913452744710885867e+01
4.505212968781453498e+01
5.124433223301252838e+01
5.716068168288204987e+01
6.246640069574606002e+01
6.678887537823274556e+01
6.971005865561973280e+01
7.078622578003916033e+01
6.962526710350113035e+01
6.642995851777277494e+01
6.174398057582443045e+01
5.611351286136834915e+01
5.028565235903724329e+01
4.474046969041996391e+01
3.972934224020760041e+01
3.547627345220650597e+01
3.202106726255411928e+01
2.934925279576438228e+01
2.731569260154192946e+01
2.585630264223788188e+01
2.480235151565447183e+01
2.402755591899387611e+01
2.344479235646666382e+01
2.298203632842990629e+01
2.262277096647847685e+01
2.231304333426177067e+01
2.271473912273733120e+01
2.361817804458877390e+01
2.501160395958954652e+01
2.703655939828320598e+01
2.988669967995053867e+01
3.378812453169459218e+01
3.871613086710436846e+01
4.440816485056834750e+01
5.037341343534703952e+01
5.606695191268743628e+01
6.099900547357578517e+01
6.493688625359966693e+01
6.735861200786244751e+01
6.782861805101032360e+01
6.606116070466714518e+01
6.223236248275317450e+01
5.692953518334369534e+01
5.091010560934375917e+01
4.488870333790377742e+01
3.924812455183008808e+01
3.433206221972979222e+01
3.022938695334259407e+01
2.699739087355090916e+01
2.452062425640729870e+01
2.275771092113977545e+01
2.146708022849041342e+01
2.057531973205696829e+01
1.993181841921237663e+01
1.945958551251319690e+01
1.909845018412468320e+01
1.882143080073478814e+01
1.856398968620960588e+01
2.245042574868453755e+01
2.327996457360753979e+01
2.455729963500943569e+01
2.640065146984830236e+01
2.901244464987527394e+01
3.261756334337941610e+01
3.723939783818380533e+01
4.260583732046752914e+01
4.817118762496824758e+01
5.345218440665023252e+01
5.805110156573385183e+01
6.152702679967212163e+01
6.353455524029993740e+01
6.348563453091302478e+01
6.120089221969919890e+01
5.682629110149306939e+01
5.122328364361472808e+01
4.504493650004572913e+01
3.901557454630405175e+01
3.353892000807962859e+01
2.889290786389876331e+01
2.513129482588054842e+01
2.224594407850234745e+01
2.011516571073267912e+01
1.862378303796447554e+01
1.758179157574337026e+01
1.687983103474743274e+01
1.638986622804718962e+01
1.606346167446321260e+01
1.581517412554754287e+01
1.562204794777689365e+01
1.545844270399072684e+01
2.187074083820435888e+01
2.259040558028062051e+01
2.368186646791991379e+01
2.529102051705480392e+01
2.759794189752418347e+01
3.081424123633019008e+01
3.498810234525416263e+01
3.987189692823842080e+01
4.498494033800607639e+01
4.980379227215193794e+01
5.395722256601089128e+01
5.711684011481819567e+01
5.863810198504692295e+01
5.820503518565949008e+01
5.552544454857580547e+01
5.094609223395588060e+01
4.518083679960786725e+01
3.905599400739947669e+01
3.323621754662405436e+01
2.808547152724041140e+01
2.390291923747352243e+01
2.059468728799341264e+01
1.817512901870255959e+01
1.647034323747699958e+01
1.530293214921780987e+01
1.452303914575301036e+01
1.402101203771106341e+01
1.370906108633911202e+01
1.350024661136038162e+01
1.333826132467961223e+01
1.323162978454180205e+01
1.313124350459973577e+01
2.114934932688935021e+01
2.173198858568370895e+01
2.262874493063809567e+01
2.397012566996572502e+01
2.592051098186741953e+01
2.867310561859718732e+01
3.232785698888328341e+01
3.663521680473719044e+01
4.118816599477379015e+01
4.553231664829480962e+01
4.929461251424288548e+01
5.209309601704421766e+01
5.336552388762370924e+01
5.263707688647204463e+01
4.977572813385225459e+01
4.507933353647949559e+01
3.936719214960773883e+01
3.341854535386229230e+01
2.801551844293144100e+01
2.340554569929084039e+01
1.975609727272582461e+01
1.701479632425833444e+01
1.511058995067030963e+01
1.381685610283749810e+01
1.299978269121332097e+01
1.248911345549607432e+01
1.218466102795255068e+01
1.200156856617490675e+01
1.189096771887923865e+01
1.181539295003930334e+01
1.176023166912437823e+01
1.171884814040473799e+01
2.043262907739151046e+01
2.087937491780429866e+01
2.158397723415696134e+01
2.264717440116709213e+01
2.420428561516634858e+01
2.649239656564441603e+01
2.957890863212323396e+01
3.329452495944608614e+01
3.727056308960780484e+01
4.113907421861859603e+01
4.455775579263301012e+01
4.701739200060015378e+01
4.808501298145335312e+01
4.720987923325601088e+01
4.425028106952287743e+01
3.962002369098746613e+01
3.413051667307949089e+01
2.857582434730871412e+01
2.363796156277187421e+01
1.965757663371506681e+01
1.663245619611877402e+01
1.452027178871544955e+01
1.316212863549981194e+01
1.231433343170720462e+01
1.181720719874161141e+01
1.154739202425426825e+01
1.139320543753881232e+01
1.131584581353083863e+01
1.128142062091215259e+01
1.125737639981652904e+01
1.124522684742490775e+01
1.123126264392908702e+01
1.981097526515646479e+01
2.015117079328610572e+01
2.067753540260582668e+01
2.146938273685594822e+01
2.266730153363065270e+01
2.448013622592920058e+01
2.699160657942994490e+01
3.011081939476408209e+01
3.352089309305412002e+01
3.694210725388883532e+01
4.000375959753826294e+01
4.228078210817033522e+01
4.320640802334242636e+01
4.231071706897316176e+01
3.941423372097411004e+01
3.498067806887317488e+01
2.977633298807852924e+01
2.468906395790264696e+01
2.033996851318806165e+01
1.698175563409230548e+01
1.463519952252556067e+01
1.314425950388580944e+01
1.229446422506644332e+01
1.185898760395918750e+01
1.166294627303973463e+01
1.158050254513097777e+01
1.155365710763379461e+01
1.155272140343217835e+01
1.155845552349229344e+01
1.156161071064274459e+01
1.156642288343820546e+01
1.157076841240394671e+01
