4.530569011332778473e+01
4.538286260151178197e+01
4.550609501449842753e+01
4.570758772187102181e+01
4.602208534969874165e+01
4.645352066192777585e+01
4.699288377373324721e+01
4.760112408227049485e+01
4.823508547843812266e+01
4.884911300588469629e+01
4.942554469319046717e+01
4.994570563631037885e+01
5.039596770742154774e+01
5.080363791546839280e+01
5.115954764758699014e+01
5.146786575717244006e+01
5.173282540289472564e+01
5.196023479545787183e+01
5.214522933349351064e+01
5.229315455142200619e+01
5.239982168775630811e+01
5.248000231145049810e+01
5.253119077691699346e+01
5.256185981080325575e+01
5.257800238367261159e+01
5.258212647153597885e+01
5.258127997315147439e+01
5.257751202160936543e+01
5.257044988095837112e+01
5.256042868076334429e+01
5.255078643108493708e+01
5.254439672284581064e+01
4.500673448253315456e+01
4.505156540673466736e+01
4.514387124787631933e+01
4.533302527848420027e+01
4.565738923353601564e+01
4.613703072758595169e+01
4.675095759332162260e+01
4.746523738492418687e+01
4.822931517541314861e+01
4.899110079772535897e+01
4.971659922885609006e+01
5.038235380795094187e+01
5.098680027938225834e+01
5.152742416245938983e+01
5.200531062812709848e+01
5.242143833200484693e+01
5.278205904520142866e+01
5.308129458430465775e+01
5.332223169584072053e+01
5.350176473414143885e+01
5.363382278639817713e+01
5.372161551836307325e+01
5.377202171012291387e+01
5.379734978104072951e+01
5.380731616833941189e+01
5.379726179166010525e+01
5.378066954841248304e+01
5.376365582049499636e+01
5.374439409348315877e+01
5.372430385150245513e+01
5.371035248596424339e+01
5.369453468009809427e+01
4.472602189009030837e+01
4.472887091102255397e+01
4.478279161676095299e+01
4.494547045353951376e+01
4.526725009417224044e+01
4.576908063001322091e+01
4.645355382356405727e+01
4.727437497353147933e+01
4.817688103500167074e+01
4.909900660600916922e+01
4.999481298028600662e+01
5.083084859210509876e+01
5.159509535462616725e+01
5.227957562638393085e+01
5.288701663002211717e+01
5.340933423938577818e+01
5.385298842264207053e+01
5.421824859136410879e+01
5.449287265354525545e+01
5.469788968034460197e+01
5.483116470623593841e+01
5.490584452469757792e+01
5.494268701819810730e+01
5.494692226196962537e+01
5.492673479705826622e+01
5.489506914903911650e+01
5.485320928579908184e+01
5.481691396665577543e+01
5.477783827892438495e+01
5.474225200737217989e+01
5.471061228243658547e+01
5.468445384246921748e+01
4.446641320638194372e+01
4.441324776030918287e+01
4.441732925526244458e+01
4.453997698453403586e+01
4.484064872308304928e+01
4.535438857834866155e+01
4.609470575258539071e+01
4.701348465924336750e+01
4.804979584540665627e+01
4.912843631616753015e+01
5.019314874301198159e+01
5.119928045631957048e+01
5.211672750047772240e+01
5.293697573154391733e+01
5.365355252455387358e+01
5.426342317274936278e+01
5.476375320779221312e+01
5.515401325301605340e+01
5.543970679229538945e+01
5.562234018587242446e+01
5.572890186614633734e+01
5.576847873850066151e+01
5.576148591960537004e+01
5.572107231805910743e+01
5.565834970856525388e+01
5.558728007005854721e+01
5.551164991272896287e+01
5.544139106346991497e+01
5.537135968894833127e+01
5.531165347683398181e+01
5.525901830250845137e+01
5.521518389571063778e+01
4.420976613735741267e+01
4.410341936211323599e+01
4.404408954407040255e+01
4.411214506009171288e+01
4.437755931578379176e+01
4.488939017071531623e+01
4.566297858612640681e+01
4.665909568745817637e+01
4.781167307388425769e+01
4.903421504700791900e+01
5.024473601426561231e+01
5.138959436584450202e+01
5.243446828094008083e+01
5.335396388755519581e+01
5.413830791234452988e+01
5.478608494854261579e+01
5.528704334629113504e+01
5.565548938190676154e+01
5.589850581841330524e+01
5.602718061170649122e+01
5.606879509660836902e+01
5.603743977149179045e+01
5.595482583584087877e+01
5.584941890847235868e+01
5.572603211577130367e+01
5.560486544426476740e+01
5.548136848060642734e+01
5.537158302948460431e+01
5.527076765461571739e+01
5.518278899983476293e+01
5.510711204998334267e+01
5.504145167615597956e+01
4.394199147954479656e+01
4.377314119940357529e+01
4.365258600004538181e+01
4.366010536702864187e+01
4.387669406744623046e+01
4.436888974617150438e+01
4.515418383871065089e+01
4.620619800513168940e+01
4.744569926337323551e+01
4.877463864573552854e+01
5.009641757392746797e+01
5.133942635974857183e+01
5.245075247378449035e+01
5.340529777190062077e+01
5.419287894823170149e+01
5.481037403200478053e+01
5.525969995446356364e+01
5.554725139058002270e+01
5.569808754293477193e+01
5.572718229117892008e+01
5.566610953213688617e+01
5.554252826060446324e+01
5.537990563575864655e+01
5.519574610715154250e+01
5.501253068362552767e+01
5.483310966731633584e+01
5.466203197609844722e+01
5.451356774771696934e+01
5.438448799115690946e+01
5.427141594108500300e+01
5.417621258110498417e+01
5.410006046237445787e+01
4.361884225745486532e+01
4.339261770438069021e+01
4.321968703855554139e+01
4.316649722109701059e+01
4.332939703698941258e+01
4.379135030594414957e+01
4.457548601535011557e+01
4.565556392966809796e+01
4.694954445187349990e+01
4.834220796441678658e+01
4.972215380576642474e+01
5.100234897745961149e+01
5.212318396210063298e+01
5.304940150304870627e+01
5.377237243814960266e+01
5.429786174371501062e+01
5.463254851764136077e+01
5.479984500037550532e+01
5.482605906934876572e+01
5.473771773093503157e+01
5.456994553226343925e+01
5.435373309337460057e+01
5.411542696556216470e+01
5.386687317905713002e+01
5.363547413733918034e+01
5.341704867308634164e+01
5.322416719745690727e+01
5.305425020971364347e+01
5.291105623692332216e+01
5.279025268934775994e+01
5.268734861250487711e+01
5.260910832899768508e+01
4.319214593674449532e+01
4.292559987726663451e+01
4.269929188154706878e+01
4.259521498145011975e+01
4.271637133739584158e+01
4.314548495503241554e+01
4.392140752548729665e+01
4.501274206083620300e+01
4.633170347381438603e+01
4.775217208098075616e+01
4.914683861152395394e+01
5.041009074792697220e+01
5.148064567129619462e+01
5.232287609512764703e+01
5.293820167510240537e+01
5.333399341578083153e+01
5.353655527062568353e+01
5.357080408042443764e+01
5.347521544668528293e+01
5.328449191727099077e+01
5.303899744602277622e+01
5.276739024994163429e+01
5.248843362985444116e+01
5.222616356858944187e+01
5.198857769243861782e+01
5.177651511794883277e+01
5.159468378383959930e+01
5.144250666202429301e+01
5.131522530590586229e+01
5.120936054444052132e+01
5.112591216968166208e+01
5.105541406433268747e+01
4.262334826502457474e+01
4.233171646490209383e+01
4.206844062870734291e+01
4.193022867209366211e+01
4.202054501493680760e+01
4.243215668029814935e+01
4.319995779661508806e+01
4.429684734908322241e+01
4.562283688657574743e+01
4.704580446462414045e+01
4.841782961845878219e+01
4.963462281688410371e+01
5.062389296278301742e+01
5.136360973269021457e+01
5.185642430664765357e+01
5.212601988822562760e+01
5.220509128000353627e+01
5.213810441090083714e+01
5.196722226499146302e+01
5.173385870544526455e+01
5.147177269955456325e+01
5.121351284764205047e+01
5.097730042931331695e+01
5.076681187415628926e+01
5.059104960123814720e+01
5.044527152891533461e+01
5.032920688246947805e+01
5.023638950355237398e+01
5.016386169551999785e+01
5.010966676735488079e+01
5.006698372809892561e+01
5.003400159757445209e+01
4.189935872617868995e+01
4.158784638435229652e+01
4.130931473606539583e+01
4.116298062690190562e+01
4.124843458709443667e+01
4.166354247765299590e+01
4.243937525164508884e+01
4.354541737482856689e+01
4.487779571663465106e+01
4.628930304867959222e+01
4.763234285682425906e+01
4.879041473467076173e+01
4.969576416563480592e+01
5.033740988916173364e+01
5.072160534401518106e+01
5.089371981821560809e+01
5.090228216450567089e+01
5.079202071783075922e+01
5.061793344300980380e+01
5.042107206956322329e+01
5.023676159237955829e+01
5.007805084722726008e+01
4.996100547661220048e+01
4.988664460517346555e+01
4.984628795437674142e+01
4.983303910310093698e+01
4.983778510781902327e+01
4.985550857002080960e+01
4.987677063007949840e+01
4.990278697668646402e+01
4.992609830030539797e+01
4.995056587515908575e+01
4.103078449305677822e+01
4.072342914503638411e+01
4.046209175201564534e+01
4.033440911299719289e+01
4.044554607750831110e+01
4.088913089596072581e+01
4.169339168979553989e+01
4.282283895492221859e+01
4.416699075971543920e+01
4.557038226907108935e+01
4.688186814060831864e+01
4.798465396961545792e+01
4.881842562596327895e+01
4.937663254933420376e+01
4.968536541649227445e+01
4.979818569059680300e+01
4.978002325563674901e+01
4.969029701668449661e+01
4.958165037483117743e+01
4.949940594790231074e+01
4.946234864124570407e+01
4.948778144226858444e+01
4.956536741841929938e+01
4.968764135070649246e+01
4.983933527051962642e+01
5.000354289753044412e+01
5.017223946642405252e+01
5.032993180223651564e+01
5.047593435122752936e+01
5.060158063471838119e+01
5.070993610888873349e+01
5.079741625227303814e+01
4.008975198878084711e+01
3.981710992456598319e+01
3.959768277325867558e+01
3.952183735534907782e+01
3.969359542048634637e+01
4.019476074500485652e+01
4.105386727790924795e+01
4.222293034636003739e+01
4.358540055845364947e+01
4.498474554669879666e+01
4.626433525413234094e+01
4.731085131250283382e+01
4.806643011089112605e+01
4.854095449780214722e+01
4.877398146276402002e+01
4.884142166178439481e+01
4.881676105855866865e+01
4.876621931963486389e+01
4.875501435000430916e+01
4.881484605365433538e+01
4.896395420825886191e+01
4.919746417501891500e+01
4.949875164144448547e+01
4.984373157624861506e+01
5.021028769006483117e+01
5.056837004778354583e+01
5.090983582342660441e+01
5.121905707570351041e+01
5.148997434918090477e+01
5.171849181352789770e+01
5.190964556021721421e+01
5.206467699110488923e+01
3.917965507782680845e+01
3.896119396163253157e+01
3.881399681721052985e+01
3.882714622589588060e+01
3.909109450953119591e+01
3.968431819768862567e+01
4.061808000302709587e+01
4.183845819411811107e+01
4.322276446137889394e+01
4.460652633865203143e+01
4.583495372099884690e+01
4.679474983907888230e+01
4.743829450073985754e+01
4.778475525727883877e+01
4.789785702139229073e+01
4.786554766018226559e+01
4.778892178309757810e+01
4.773986116990538875e+01
4.778648413054917654e+01
4.795706888818283886e+01
4.825737970449259961e+01
4.867165280248045889e+01
4.916945473196066274e+01
4.971200505751370713e+01
5.026011343113729168e+01
5.079116629952196860e+01
5.128588126815069614e+01
5.171984908622261656e+01
5.209544266505874788e+01
5.240810024270462009e+01
5.266981666907378923e+01
5.287934270620733201e+01
3.838692439098478104e+01
3.824957719091434427e+01
3.820796038355582880e+01
3.834086911417314525e+01
3.873381821285429538e+01
3.944407815580311905e+01
4.047492651031286215e+01
4.175370234834694116e+01
4.314742184974212336e+01
4.448626512420770496e+01
4.561908439072759336e+01
4.642773819119391021e+01
4.687976985204297620e+01
4.700650696852090249e+01
4.689457324692644136e+01
4.666349711280032153e+01
4.642000543632347132e+01
4.626921957854017364e+01
4.627047955352313835e+01
4.645758267265477315e+01
4.681817196004782744e+01
4.733021445315461762e+01
4.794534696082842373e+01
4.861103320067873312e+01
4.928373815771797695e+01
4.992810504879276579e+01
5.051597289542451108e+01
5.103413195678871972e+01
5.147687313606878945e+01
5.184368965422202535e+01
5.214513569902375423e+01
5.238479905040670559e+01
3.778516836720270788e+01
3.775762605561998697e+01
3.784941992343333794e+01
3.813538738264028183e+01
3.868839227393824842e+01
3.954769084099164189e+01
4.069215215041460709e+01
4.202964231015621976e+01
4.341552136477791635e+01
4.467111676755369132e+01
4.563886480443241567e+01
4.621314456651918334e+01
4.636545221413780382e+01
4.614769297075710597e+01
4.567977745051663163e+01
4.510413937070937607e+01
4.455610440469357059e+01
4.416016003827166259e+01
4.398190232174475511e+01
4.404946965228636913e+01
4.435234371743008808e+01
4.484584184926453077e+01
4.547223673633762075e+01
4.616681126781917044e+01
4.687738843632034502e+01
4.755829150257962112e+01
4.817691542364778456e+01
4.872371778447820390e+01
4.918272560920096481e+01
4.956837207242150356e+01
4.987862077061825516e+01
5.012452272757935390e+01
3.742055190197564940e+01
3.753228176477492184e+01
3.779042367448572293e+01
3.826847684313174369e+01
3.902237086863638638e+01
4.006336234678303043e+01
4.134106784575452309e+01
4.274076896980234608e+01
4.410005364641489223e+01
4.523313110526110137e+01
4.597485844808223021e+01
4.622157783738771286e+01
4.596330276992844688e+01
4.527844483719735535e+01
4.431832615989245738e+01
4.326004182415149302e+01
4.226791021321249531e+01
4.148522249612002355e+01
4.099196532677896698e+01
4.081806911622433631e+01
4.093912866342785861e+01
4.130575387644156393e+01
4.183931499760119976e+01
4.247221546182530005e+01
4.313602353323084060e+01
4.378090585472935459e+01
4.437452226066393735e+01
4.489644318898531594e+01
4.533657822390156156e+01
4.569858094863820952e+01
4.599187798003634953e+01
4.622315041167053096e+01
3.734385378453131210e+01
3.762882462173913467e+01
3.810008938346313556e+01
3.881728793734408356e+01
3.981373930380375015e+01
4.107445972111685251e+01
4.251437549306360353e+01
4.398708691962481510e+01
4.531083120925200092e+01
4.628847819871445068e+01
4.674885618619734373e+01
4.660212095196794024e+01
4.584895829733262218e+01
4.459979699532459563e+01
4.304096858633057820e+01
4.138814363579557920e+01
3.984550763803533613e+01
3.857218703959000550e+01
3.766307920693206057e+01
3.714705322672187293e+01
3.699831623997945229e+01
3.714896073896946405e+01
3.751854528284392387e+01
3.801768320070664942e+01
3.857787283701775038e+01
3.913774755364834590e+01
3.965856140605372815e+01
4.012173197269956404e+01
4.051183986251185587e+01
4.083059519724854880e+01
4.108545074790518470e+01
4.128964006371053586e+01
3.762731376857489352e+01
3.813272866762219593e+01
3.886185346996474976e+01
3.986348818814658301e+01
4.114789565180146269e+01
4.266409255018134417e+01
4.428852608833446425e+01
4.584660105213875880e+01
4.713169934200741551e+01
4.793662857212670758e+01
4.809148827795934267e+01
4.750540279666945764e+01
4.620330206221503033e+01
4.433041367177188619e+01
4.211260978704864044e+01
3.980235380708102610e+01
3.764564602152807282e+01
3.582499452113501803e+01
3.444365292378198973e+01
3.353579039166061904e+01
3.306876266833776867e+01
3.296496894708570835e+01
3.312758698084714126e+01
3.346004301223221233e+01
3.388530523965581409e+01
3.433422480392265186e+01
3.476531020987726350e+01
3.514787884956929531e+01
3.547491611224556607e+01
3.574223604545431243e+01
3.595255320054813097e+01
3.611870715359875561e+01
3.836944489827176596e+01
3.912857745487412586e+01
4.014969168658762300e+01
4.146445642705630519e+01
4.305989202314400188e+01
4.484399721179709530e+01
4.666241585380696222e+01
4.830668511813172472e+01
4.954580755096293387e+01
5.016369257274254778e+01
4.999300049131072399e+01
4.895217047813197553e+01
4.708848438350602805e+01
4.457203574938264268e+01
4.167247568242660094e+01
3.869904349882207129e+01
3.591358888755873124e+01
3.353486308619736889e+01
3.167789341085351751e+01
3.037458237521700966e+01
2.958473658201392098e+01
2.922283487324681772e+01
2.917942513818226757e+01
2.934719915114544975e+01
2.963677669818101990e+01
2.997491301711734124e+01
3.030913793818556456e+01
3.061961300008627163e+01
3.088236884511595903e+01
3.109750375278530043e+01
3.126776442862716365e+01
3.139897576309256522e+01
3.961740678410735939e+01
4.063770328357540507e+01
4.194901406445232794e+01
4.357153593366894739e+01
4.546006566740368982e+01
4.749531063299490086e+01
4.948257220802516798e+01
5.119027110427524718e+01
5.236830481403911364e+01
5.279119538330720474e+01
5.229207720522988723e+01
5.080059899089284414e+01
4.837816842657904459e+01
4.523997676984792093e+01
4.168819487021312398e+01
3.807155555831756999e+01
3.469433342199502590e+01
3.179025860054574437e+01
2.949166815987700829e+01
2.782792562413281345e+01
2.675148623539896064e+01
2.616217533348850921e+01
2.594117611050454997e+01
2.596826720702956592e+01
2.614215762349819272e+01
2.638989426502982738e+01
2.665197501706970939e+01
2.689735023836039218e+01
2.711016422575686136e+01
2.728356219279210748e+01
2.742080714367990524e+01
2.752319519351241084e+01
4.130139734548185970e+01
4.255156628608779101e+01
4.411127649587366051e+01
4.598721324354436035e+01
4.811584502704739208e+01
5.034696830232354614e+01
5.245867696375099598e+01
5.419257724677273558e+01
5.528894392425666382e+01
5.551163115708488505e+01
5.469334562030835656e+01
5.277383520632549363e+01
4.983971640793890856e+01
4.612600356882934705e+01
4.198089135791906301e+01
3.778369606974472816e+01
3.388072924521146234e+01
3.051998551493274192e+01
2.784503633153173396e+01
2.588235422181381296e+01
2.457611933969145568e+01
2.381203779498125073e+01
2.345837384388995517e+01
2.338673100649311820e+01
2.348244517593506586e+01
2.366784325851039839e+01
2.387925313449517972e+01
2.408642749813544270e+01
2.426487635923123776e+01
2.441148395774473201e+01
2.452630564994748141e+01
2.460906033540412707e+01
4.321891896154190960e+01
4.462889772174744962e+01
4.636158643638988508e+01
4.841157768868086464e+01
5.069752513387837212e+01
5.305280425037729941e+01
5.523391526986370081e+01
5.695894196603961035e+01
5.796206970229690114e+01
5.799509630979187591e+01
5.689209949251453224e+01
5.459769465663229226e+01
5.121784443756685334e+01
4.701332719494814683e+01
4.235989937892124146e+01
3.768132003780059591e+01
3.334193821576062078e+01
2.961246179872203754e+01
2.664259644765014201e+01
2.445661352220245988e+01
2.298783907055356224e+01
2.211039436600389863e+01
2.168033110196004642e+01
2.155201067761770517e+01
2.161002604288782436e+01
2.176377289122850200e+01
2.195407113147991396e+01
2.214107304400550547e+01
2.230451484772986248e+01
2.243819561180152533e+01
2.254111655522294200e+01
2.261638253541528698e+01
4.506865621295978031e+01
4.656801286140359508e+01
4.839118619266048427e+01
5.052714523627794563e+01
5.289092234188823483e+01
5.530078373431412331e+01
5.750212376445477247e+01
5.920263661534030319e+01
6.011908681989296355e+01
6.000321687864634868e+01
5.867465042413974174e+01
5.608916484052685547e+01
5.236267635859294245e+01
4.776507489626381897e+01
4.272197272509891519e+01
3.766582366329897980e+01
3.299636136191268321e+01
2.899519693575481938e+01
2.581941673938014503e+01
2.348958022837041071e+01
2.192808464842310201e+01
2.099581805794515077e+01
2.053584184538212654e+01
2.039529264676231080e+01
2.045054039413611946e+01
2.060269958227808118e+01
2.079325078607704924e+01
2.097755179535107573e+01
2.114101600707274287e+01
2.127435821880115441e+01
2.137601308541648137e+01
2.145008424591652485e+01
4.660368512059093860e+01
4.812155226817178999e+01
4.995938275624087765e+01
5.210916603680065151e+01
5.448115855119072393e+01
5.689506192993901834e+01
5.908991983258005831e+01
6.076436439648019672e+01
6.162558882542980143e+01
6.141157507051715214e+01
5.994652867817901409e+01
5.716894444958061428e+01
5.320904880930474690e+01
4.835618579924160088e+01
4.303979124757190533e+01
3.772392975893998823e+01
3.282887944555901782e+01
2.865420063725590438e+01
2.535685290239211298e+01
2.295169301508887827e+01
2.135616264364761108e+01
2.041807491203356406e+01
1.997123031656244763e+01
1.985118932201300623e+01
1.992766805877994685e+01
2.010170288522263249e+01
2.030697031720065127e+01
2.050678883976889111e+01
2.067969259108972935e+01
2.081972423273449735e+01
2.092872519066930437e+01
2.100632994785990704e+01
4.767538700134551988e+01
4.916484313036608000e+01
5.096772227250144027e+01
5.307978900084774665e+01
5.541319394624678552e+01
5.779544207569429659e+01
5.996822719713730265e+01
6.162632702204121671e+01
6.247034661511249709e+01
6.222993451953632871e+01
6.071348647674428634e+01
5.785389886539759630e+01
5.378491580645750503e+01
4.878713979373661402e+01
4.332271881382345668e+01
3.785619442950189750e+01
3.284104859885330541e+01
2.857941298227000360e+01
2.522538593525129613e+01
2.280701494753735048e+01
2.122520282831042948e+01
2.032051572108780846e+01
1.991181218820504739e+01
1.983566981587014055e+01
1.995258444837250522e+01
2.015794383885017638e+01
2.039028039264299608e+01
2.061393691232421332e+01
2.080118610642609411e+01
2.095331165661358597e+01
2.107131607687770725e+01
2.115651184371140658e+01
4.827895869445529797e+01
4.970945625530262646e+01
5.144661957748851222e+01
5.348593243169414535e+01
5.575457144068306548e+01
5.808005584089470830e+01
6.021875312959320325e+01
6.186973945069686209e+01
6.272493196041327934e+01
6.251109429756211711e+01
6.102094654189519218e+01
5.818692400773448270e+01
5.411204867579934330e+01
4.908891555658601646e+01
4.358087109116559077e+01
3.807378383762176099e+01
3.301854983802893173e+01
2.873145988430116304e+01
2.538602139390983936e+01
2.299300311151890241e+01
2.145329087016855851e+01
2.060282236627058339e+01
2.025288971393358395e+01
2.022988683886421057e+01
2.039572091468277648e+01
2.064302317370743367e+01
2.090903244925362259e+01
2.115396319900322908e+01
2.136305097372330408e+01
2.152881838836238515e+01
2.165658002681616168e+01
2.175101509436935387e+01
4.849973022976541870e+01
4.985929583139521526e+01
5.151472226413354605e+01
5.346493395967164020e+01
5.564462215090651398e+01
5.789377708512365217e+01
5.998477051015834860e+01
6.162276983820293452e+01
6.250898464052183101e+01
6.235481178174070749e+01
6.095152166360362855e+01
5.820592283204655359e+01
5.421630141230979660e+01
4.926556344611913829e+01
4.380236264725220252e+01
3.833268584557038139e+01
3.330420153606034006e+01
2.905303957275953763e+01
2.574915480545188373e+01
2.341101635399412828e+01
2.193705007484066982e+01
2.115184213592843676e+01
2.086748611292763655e+01
2.090238801044255368e+01
2.111740580172738291e+01
2.140877709185010858e+01
2.170471664249968669e+01
2.197640357113583320e+01
2.220346625278775221e+01
2.238642447748977915e+01
2.252368922461654321e+01
2.262636168876628417e+01
