187.00  63.00   0.002
196.50  67.17   0.256
205.92  56.58   0.705
207.25  59.78   0.249
224.25  58.23   0.134
225.38  58.38   0.542
263.75  78.32   4.704
265.23  77.77   3.384
270.75  80.27   0.460
269.28  80.70   3.884
268.90  79.35   8.962
268.62  79.33   9.383
269.12  78.56   7.348
269.88  79.27  15.120
268.53  79.18  15.221
268.50  78.23   2.324
272.10  79.00   0.009
271.26  78.35   3.298
295.96  67.55   4.663
293.23  68.43   0.051
292.07  66.63   1.530
292.62  68.20   0.866
291.38  68.78   4.308
290.65  68.70   0.524
291.56  68.53   2.612
291.60  68.63   1.349
295.65  66.36  14.797
295.00  67.38  39.194
294.38  67.79   2.825
293.58  68.08  26.420
294.25  67.92  13.565
294.27  66.14   3.246
291.43  68.96   0.826
294.83  67.62   0.812
290.88  68.95   2.912
293.73  66.56   7.193
270.48  72.77   4.300
270.13  72.05   1.281
274.92  73.05   0.927
275.78  73.22  13.091
274.88  73.63  11.811
274.34  72.65   1.837
275.68  71.51   0.743
273.70  72.41   0.055
275.64  73.11   2.494
273.78  71.78   0.223
273.52  72.21   1.688
273.00  72.75   7.103
277.02  73.65   1.586
272.98  73.72   8.995
274.55  73.82  10.401
271.53  71.30   0.286
272.52  71.20   0.177
271.10  70.88   0.045
271.90  70.88   2.668
270.88  71.43   4.767
274.70  70.75   1.467
273.55  70.92   0.360
273.58  71.17   0.195
273.20  70.33   3.326
274.73  70.13   0.078
273.88  70.12   0.076
279.70  72.75   5.409
279.49  72.46   3.174
278.67  72.08   1.189
282.28  71.75   4.358
279.15  71.87   1.571
280.50  71.95   2.594
278.83  72.35   0.336
280.12  73.17   7.171
291.41  62.30  33.213
289.50  62.60   0.111
292.15  62.20   1.404
288.65  63.08   0.165
290.21  62.97   0.648
293.12  63.03   1.962
293.30  64.78   0.022
295.00  61.78  19.276
283.77  64.27   0.475
294.22  63.02   6.632
293.47  62.90   0.039
294.93  63.73  29.748
293.52  63.07   0.297
291.63  63.36   1.587
292.05  63.22   5.691
295.58  62.43  30.249
293.86  62.09   2.296
282.08  63.43   0.131
292.65  62.12  13.128
282.77  63.58   0.106
293.52  62.36   1.489
286.09  69.37   0.595
262.13  75.95  21.863
261.02  74.98   2.455
257.25  75.55  34.004
257.45  76.08  47.138
266.25  71.19  11.865
270.02  68.97  10.990
263.98  70.42  14.742
264.60  70.96   5.720
237.50  49.10   2.286
231.90  52.15   0.010
230.02  54.21   4.229
231.41  54.06   1.294
232.83  50.62   1.115
232.22  50.20   3.865
234.85  48.82   1.427
235.40  49.38   8.339
235.73  49.28   1.644
236.64  48.41   0.578
234.00  49.18   1.678
234.56  49.48   0.091
235.17  49.25   1.171
227.43  54.05   8.533
228.75  53.95   0.259
265.05  74.73   5.969
264.23  74.60   9.184
264.48  76.58   0.796
265.77  76.86   5.679
264.62  77.01   0.711
265.08  76.38  20.022
266.10  76.33  17.998
266.46  76.76  13.956
267.59  76.54   1.660
265.65  75.78   3.788
267.99  75.19   6.443
267.97  74.97   4.062
267.76  75.39   8.201
267.63  76.07   9.120
268.44  75.62   4.380
268.23  75.13  10.585
268.79  75.76   3.864
276.47  74.59   9.040
271.58  74.84   0.598
274.42  74.69   1.263
269.42  74.90   1.692
268.70  74.66   2.907
273.20  74.62   0.130
276.14  75.77   0.776
274.65  75.56   0.245
272.40  75.43   4.265
269.93  75.79   5.817
270.01  75.54   6.652
260.10  77.93  14.797
278.38  76.49  43.648
272.37  76.39   0.525
274.80  76.53   3.088
275.02  77.61   0.110
274.62  77.29   0.004
274.20  78.38   3.015
274.53  78.10   3.588
277.83  78.12   1.765
274.64  79.96   4.637
277.25  78.67   7.223
273.77  78.88   9.769
273.28  78.65  20.019
282.75  80.92   2.581
278.50  79.75   5.960
277.38  80.20   1.968
278.28  79.95   0.901
280.50  80.60   8.462
279.42  80.72  16.577
278.50  80.40   3.956
280.52  80.95   2.807
274.77  81.08  10.978
270.30  81.32   1.714
270.07  81.03  13.892
297.25  82.45   8.741
292.43  82.63   1.121
295.25  82.70   0.512
284.20  82.65   0.416
284.35  83.00   2.349
285.97  82.95   0.304
286.05  82.82   0.056
274.58  82.33  12.425
273.17  81.88   6.750
275.33  81.97   3.491
296.67  81.88   0.025
289.63  81.18   2.117
293.05  81.37   4.122
290.88  81.52   7.548
294.67  81.67   2.784
294.25  81.25   2.013
292.10  80.92  13.964
292.08  80.78   0.183
293.28  81.05   0.373
283.47  79.08   0.564
283.70  78.87   4.284
284.77  79.25   1.807
281.20  79.07   6.034
285.25  78.60   0.328
289.87  80.22  11.169
282.20  76.79   4.970
287.37  79.82   5.442
285.02  79.50   3.192
288.82  80.17   1.244
282.08  79.22   3.674
289.65  80.42   4.358
288.50  79.90   1.343
277.98  77.32   0.040
278.17  77.83   0.022
290.00  58.75  29.883
291.83  60.57   4.265
290.02  61.01   0.076
294.02  58.88   0.001
285.73  62.12  22.183
282.62  62.55   0.490
282.12  62.14   0.010
285.90  62.67   1.762
287.40  62.02   0.331
280.00  59.83   0.123
275.23  64.70   4.322
283.23  60.05   1.176
283.75  57.60   0.671
283.50  56.27   0.558
282.75  55.67   0.767
282.50  53.58   1.001
282.70  52.78   0.062
277.50  50.08   5.187
275.47  51.93  11.873
273.95  53.53   2.560
271.73  54.48  15.148
266.80  58.75   0.213
265.80  56.43   6.583
265.20  62.82   4.299
264.32  62.17   0.523
295.73  59.78   7.438
295.43  60.08   1.502
296.21  59.36   1.458
298.61  56.67   1.355
299.85  53.52   0.385
302.19  54.67   0.188
299.22  54.55   3.362
300.83  55.08   1.680
302.87  53.84   0.166
303.02  51.49   1.639
249.42  67.87   5.465
252.98  68.66   8.456
252.92  66.32   5.604
236.87  69.58  108.913
239.73  69.40  66.768
243.07  68.78   2.093
244.53  68.24  27.613
241.32  69.14  13.389
244.58  67.73  15.329
246.36  67.66  10.071
256.53  66.82   0.399
254.42  75.88   5.519
246.58  74.85  47.270
252.22  75.95   1.408
251.75  75.51  68.384
242.42  75.31   0.158
277.15  68.36   0.283
277.22  68.03   5.808
274.64  69.51   0.014
274.70  69.66   3.128
277.83  67.86   0.545
275.36  68.88   2.611
277.14  68.60  10.420
276.94  69.27   3.066
275.77  69.76   0.830
273.30  66.73   1.177
274.24  68.21   0.028
294.43  47.67   2.666
293.52  48.01   7.576
295.72  45.78   2.659
293.89  45.23   7.484
293.42  45.12   2.475
292.26  44.61   2.596
290.76  44.12  14.141
290.68  44.98  11.916
290.17  43.74  22.622
290.40  44.65   7.223
289.15  42.93  57.893
289.96  41.71   2.999
290.02  42.63  60.786
287.38  40.91   1.421
304.38  51.37   0.718
302.58  50.31  47.817
302.25  49.45   4.967
301.89  49.48  30.438
301.58  49.11  19.214
301.48  48.44  19.276
301.20  48.26  14.312
300.74  47.63   0.007
303.89  49.42   8.502
303.18  49.86   9.402
304.44  49.06   6.083
306.12  49.43   0.655
306.13  49.03   4.366
305.83  47.87   3.170
304.38  47.46   0.018
304.20  47.86   2.252
302.05  47.62   0.739
301.67  47.75  16.546
296.65  44.67   5.999
300.10  43.99   0.017
299.47  46.22   0.000
296.45  45.83   0.039
295.29  45.36   0.492
294.05  44.49  34.758
295.77  46.87   4.338
257.53  72.93   1.554
258.03  72.82   1.232
259.10  73.46   3.686
260.53  73.07   5.427
260.50  73.65  15.693
260.71  73.93   0.007
261.77  73.92  15.621
261.72  73.75   2.920
262.46  73.82  34.084
263.42  73.58   9.518
262.97  72.97   1.384
261.72  72.67   0.206
262.17  72.17   2.958
262.65  71.59   0.105
263.45  72.09  18.876
262.60  74.56   3.345
246.08  77.73   3.152
296.15  49.64   5.383
295.63  49.92  494.236
294.88  50.29   8.458
291.81  49.22   0.268
288.17  48.42   1.882
293.80  50.30   8.851
290.28  48.10   2.127
295.50  48.07   1.548
294.13  48.17  30.348
294.96  49.22  48.969
295.58  48.99  32.465
294.05  49.22  35.948
293.51  49.12  24.386
292.44  48.84  34.788
291.15  48.30  58.300
289.52  47.02  19.783
290.44  47.84   9.285
287.83  46.18  21.199
286.48  44.61  31.583
285.85  45.02  31.786
288.70  46.86   2.585
287.58  46.57  695.439
284.05  45.73  205.302
283.50  45.61  24.209
285.93  45.01  76.280
264.68  73.89   0.982
266.67  73.98   0.962
269.38  73.93  18.108
266.40  72.85   5.077
266.30  72.45   8.628
265.65  72.78   1.208
245.50  73.30  57.413
242.07  70.81  107.779
241.87  71.13   9.197
243.63  70.65   0.149
245.48  70.69   6.171
247.40  70.65  60.767
247.47  70.15  11.107
243.42  70.16   1.512
244.27  70.22   1.813
242.72  70.03  15.226
243.45  69.67  12.171
244.53  69.34   7.020
247.55  69.07   0.001
246.57  68.72   2.211
250.17  70.10   0.034
251.10  69.10   3.509
255.10  69.88  13.833
252.12  72.62  17.317
249.92  72.37  42.066
237.73  48.83   2.119
235.37  48.37   0.012
