3.828512227992236205e+01
3.856255816549505511e+01
3.893940451526206203e+01
3.942745417777767614e+01
4.002795354258337568e+01
4.071859465847477111e+01
4.146704883909340822e+01
4.223188442607322202e+01
4.297518692509703442e+01
4.366063613675895994e+01
4.428012090869345485e+01
4.482670275452048969e+01
4.529384510122077501e+01
4.570795475199664537e+01
4.606857503019450206e+01
4.638237682587958233e+01
4.665263042947199779e+01
4.688615884977987491e+01
4.707872887840731124e+01
4.723714934866936233e+01
4.735678737610115974e+01
4.745077363086905820e+01
4.751872093289571808e+01
4.756570428906851333e+01
4.759789161842515881e+01
4.761677017600423767e+01
4.762969659517892040e+01
4.763902698376112710e+01
4.764188368361099180e+01
4.764147010534280469e+01
4.764084023554613623e+01
4.763957706247535384e+01
3.816900962381385654e+01
3.850097405589785637e+01
3.894471692110336392e+01
3.951629740122881174e+01
4.021683767190735637e+01
4.102865492670836289e+01
4.191345805578746564e+01
4.282892937962402158e+01
4.372801260315061711e+01
4.457312590997160839e+01
4.534233985740586093e+01
4.602540589640753410e+01
4.663014756934556004e+01
4.716009839510494572e+01
4.762543400271669469e+01
4.802693035980785652e+01
4.837719101909612363e+01
4.867009670027449886e+01
4.891119865956600421e+01
4.909710783052165084e+01
4.924139329664541975e+01
4.934561052454579766e+01
4.941655257043591831e+01
4.946357078631176307e+01
4.949653165103834596e+01
4.950808004962921416e+01
4.951190985903277664e+01
4.951368482417878880e+01
4.951073467574196485e+01
4.950512201270663581e+01
4.950164427632293496e+01
4.949638195993632905e+01
3.802247781248584602e+01
3.840521552785888559e+01
3.891004023648730481e+01
3.956119408633584555e+01
4.036118523254015855e+01
4.129269757715594835e+01
4.232147903504169761e+01
4.339872423874579255e+01
4.446982548104504929e+01
4.548921115537837068e+01
4.642845646411209515e+01
4.727109240481728847e+01
4.801898585779799333e+01
4.867398386555726830e+01
4.924833493733658685e+01
4.974222199085449603e+01
5.016090789331995836e+01
5.051162630887285587e+01
5.078435706507858072e+01
5.099913640883637811e+01
5.115077751347423884e+01
5.125293877659878206e+01
5.132214774040325977e+01
5.136123779927105204e+01
5.137590665987235639e+01
5.137881866756179505e+01
5.136817532950762200e+01
5.135988210300224210e+01
5.134494795644736342e+01
5.133067775380617803e+01
5.131686164642508885e+01
5.130372007023317593e+01
3.785096382154564765e+01
3.827490601937217463e+01
3.883604854538963735e+01
3.955813295402905538e+01
4.045072647933262289e+01
4.149875809817967109e+01
4.267249035682970515e+01
4.391218874869753108e+01
4.516144751327247775e+01
4.635806064069433319e+01
4.746980066080725891e+01
4.847493785951840550e+01
4.936246550546270839e+01
5.013986222397901571e+01
5.081210731602552499e+01
5.138445810157534055e+01
5.185989094471142380e+01
5.224211118039101365e+01
5.253705316395966207e+01
5.274334295541468975e+01
5.288847890056266010e+01
5.297617231410194449e+01
5.302188727717609851e+01
5.303836753576150187e+01
5.302917942535707141e+01
5.300962003413881263e+01
5.297890956204950896e+01
5.295035046993407946e+01
5.291650285012061516e+01
5.288936853080344491e+01
5.286205979454788206e+01
5.283831314845738802e+01
3.766209278726673659e+01
3.812106477116756054e+01
3.872559879280849060e+01
3.950788440877128949e+01
4.048355275102516515e+01
4.164175863704264913e+01
4.294939347621435388e+01
4.434437285847739219e+01
4.576133857477795885e+01
4.713253194578795302e+01
4.840409542685458177e+01
4.955183517767976298e+01
5.056500695746985485e+01
5.143952975047907472e+01
5.218531054123118906e+01
5.280442113263629977e+01
5.329876136658658226e+01
5.368105528908063917e+01
5.395928453643018941e+01
5.414383718983737737e+01
5.425614205491635289e+01
5.430290232616697210e+01
5.430298334576148989e+01
5.427734373742612917e+01
5.423154343141056444e+01
5.418126391031617572e+01
5.412128337876610118e+01
5.406536442473264970e+01
5.401316342745922583e+01
5.396541508200446913e+01
5.392491349324697580e+01
5.388730643404331744e+01
3.746959397161693772e+01
3.795368542951989355e+01
3.859368966101699527e+01
3.942763977375967244e+01
4.047275640879756509e+01
4.172780823479887147e+01
4.315261710522982952e+01
4.469049458420101217e+01
4.625666816688137573e+01
4.777605876574615706e+01
4.918466454636821794e+01
5.044773927613000097e+01
5.154475144186562119e+01
5.247357009878386691e+01
5.324534929800572058e+01
5.386479644098456987e+01
5.434068513650802856e+01
5.468187498098977528e+01
5.490851144747517054e+01
5.503330083815556861e+01
5.507787568946884704e+01
5.506381741556189979e+01
5.501176636142987064e+01
5.493047193109026693e+01
5.484333674483576715e+01
5.474842046603702528e+01
5.465238302682824667e+01
5.456780677861155482e+01
5.449396239045761092e+01
5.442437773392804701e+01
5.436588376533792655e+01
5.432126841907795978e+01
3.728971377281457222e+01
3.779540712609940556e+01
3.846790090530878103e+01
3.934287580390056860e+01
4.044712012033949122e+01
4.178221675951131431e+01
4.331079221798743362e+01
4.496452509597266101e+01
4.665547791420217294e+01
4.829120149835978282e+01
4.979961305552039619e+01
5.113130085314896434e+01
5.226833709207080148e+01
5.320372728186502798e+01
5.394691103398938736e+01
5.451391730201563490e+01
5.491760259191227789e+01
5.517784002272340160e+01
5.531657729631858444e+01
5.535201172043198881e+01
5.531381074616589899e+01
5.522455944584117304e+01
5.510285285179082138e+01
5.496239377527690806e+01
5.482521927949493801e+01
5.468830411574643335e+01
5.456437294028919638e+01
5.445126976863880230e+01
5.435409050301747413e+01
5.427179111920991517e+01
5.420048130572104128e+01
5.414649018974070316e+01
3.713591840331432081e+01
3.766338886778250128e+01
3.836160479220843911e+01
3.927356210709591267e+01
4.043260420201119132e+01
4.183485026559172582e+01
4.345073300297939056e+01
4.520060212625734408e+01
4.698763466531622868e+01
4.870861943385007464e+01
5.027625971610305555e+01
5.163163878169291365e+01
5.275487726948698963e+01
5.363843445445173330e+01
5.430578366988722649e+01
5.477097496003219845e+01
5.506465973603718567e+01
5.520650092988589108e+01
5.522769025682470811e+01
5.515689026072390533e+01
5.502408732040620976e+01
5.485397109091609735e+01
5.466312562240156581e+01
5.447281860780663010e+01
5.429331616202056665e+01
5.412501451444409639e+01
5.397725178916566335e+01
5.384991710393893527e+01
5.374049857307054623e+01
5.364756174527398258e+01
5.357291649787280363e+01
5.350914657676662500e+01
3.700967415363075474e+01
3.755943942300290672e+01
3.828724304934520717e+01
3.923893403304833072e+01
4.044556650339912096e+01
4.191394075947570030e+01
4.360326599222177180e+01
4.543461223062755749e+01
4.729462884381254639e+01
4.907345502789841873e+01
5.066156400264159032e+01
5.200241853021756810e+01
5.306478626657474251e+01
5.385906706421707923e+01
5.440377465190866246e+01
5.473230838098102424e+01
5.487851499507684849e+01
5.488087110667510871e+01
5.477305925248388263e+01
5.459246066490494087e+01
5.436482789547699213e+01
5.412221528936265003e+01
5.388233345895693560e+01
5.365491910153921395e+01
5.344994560626084734e+01
5.326834558801594000e+01
5.311181230735045489e+01
5.298050771754330412e+01
5.286964403245225697e+01
5.278113192456260094e+01
5.270819611810394889e+01
5.264845047937183864e+01
3.689915280952920540e+01
3.747895570193747972e+01
3.824072155821266250e+01
3.923638152226774167e+01
4.049857428222948386e+01
4.203225726475888280e+01
4.379573989504007159e+01
4.570025549496587303e+01
4.762651833980642380e+01
4.943775781210971587e+01
5.102807827886032044e+01
5.232148684612553780e+01
5.329451712186376255e+01
5.396269572761810451e+01
5.435256090668939066e+01
5.451664727216354578e+01
5.450490608349723942e+01
5.435530713839840189e+01
5.411904836323211043e+01
5.383289378392292690e+01
5.353351372191077928e+01
5.323465733815626066e+01
5.296059509346672201e+01
5.272118771133725801e+01
5.251299310044132085e+01
5.233731200409057749e+01
5.219204539517582475e+01
5.207441722621699398e+01
5.197626186322442976e+01
5.190009424307404373e+01
5.183831271600508472e+01
5.178975493177288314e+01
3.679556445884107063e+01
3.741185835546819760e+01
3.821894394157106234e+01
3.926619334755414314e+01
4.059159972538002847e+01
4.219877971935258643e+01
4.403977521731687261e+01
4.601905384157831236e+01
4.800160593076686411e+01
4.984194679025116415e+01
5.141640576907481375e+01
5.264755413512732218e+01
5.351222876402204065e+01
5.403357167752509582e+01
5.425572393222307710e+01
5.424260771825156979e+01
5.405925740828440240e+01
5.376295031960276560e+01
5.340454750909048443e+01
5.303200548983539875e+01
5.267057503695323106e+01
5.234535146020620289e+01
5.206288472259234368e+01
5.183004456455683595e+01
5.163990496578139755e+01
5.148668771028499691e+01
5.136839412326843046e+01
5.127544821534866770e+01
5.120359821479710405e+01
5.114758910918683910e+01
5.110410677810590130e+01
5.106865562071241271e+01
3.669249502001070340e+01
3.735168632326644200e+01
3.820769690280094011e+01
3.931650097643309749e+01
4.071252217877264457e+01
4.239812926719979913e+01
4.432350158130845585e+01
4.637972452767220233e+01
4.841914998972292494e+01
5.028171500875636468e+01
5.183326590751065766e+01
5.299112352445997942e+01
5.373182286105821248e+01
5.409222202993458239e+01
5.413164766741799383e+01
5.393493362605212127e+01
5.357857051516947422e+01
5.313145076743821704e+01
5.265996459568177102e+01
5.220882495038905091e+01
5.180384707614852147e+01
5.146157891231674597e+01
5.118624705105496986e+01
5.097369879428952544e+01
5.081536258185323618e+01
5.069651109355774565e+01
5.061450738889438838e+01
5.055349350103774952e+01
5.051109796601221547e+01
5.047917520399822422e+01
5.045589053794262213e+01
5.043877490935001617e+01
3.657792959134550159e+01
3.727781767981382899e+01
3.818548002284352094e+01
3.935573581707227220e+01
4.082312163988369491e+01
4.259074906589281539e+01
4.459443855767206344e+01
4.672059259779009466e+01
4.880807200997362827e+01
5.068110389448929709e+01
5.219484391594733097e+01
5.326061670038632201e+01
5.386005821339120558e+01
5.403578284117258335e+01
5.387124155577790674e+01
5.346435478058849355e+01
5.291888293788630904e+01
5.231288141610730236e+01
5.172070975854366992e+01
5.118755975603934161e+01
5.073731073774379752e+01
5.038139331700021017e+01
5.011473816664938141e+01
4.992461712268567453e+01
4.979778078268711283e+01
4.971481603462257937e+01
4.966667017838353360e+01
4.963761813314988558e+01
4.962219713418505762e+01
4.961174037443942808e+01
4.960755404543276370e+01
4.960416176749231454e+01
3.642508669651994069e+01
3.716028297919562817e+01
3.811364008202409082e+01
3.933822147833462424e+01
4.086848388093159201e+01
4.270096522738467115e+01
4.477219077521116475e+01
4.695039000074332591e+01
4.906193601682063132e+01
5.091553945290283423e+01
5.236084322166867366e+01
5.329429591803548760e+01
5.370909503863288847e+01
5.365633825419980951e+01
5.323958286448104360e+01
5.258571830725205132e+01
5.180512151058554338e+01
5.100884021163300730e+01
5.026596969544418414e+01
4.962580840597517806e+01
4.911005149049331919e+01
4.872318460991332500e+01
4.844994029404667657e+01
4.826977062350520953e+01
4.816128494234597923e+01
4.810203646755833518e+01
4.807559732468234870e+01
4.806768371855322641e+01
4.807010937276028528e+01
4.807474718074622899e+01
4.808205688141616463e+01
4.808743674701506876e+01
3.620580972725093005e+01
3.696602425219820987e+01
3.795257933894863100e+01
3.921950553186962907e+01
4.079838073289143807e+01
4.267968494398428447e+01
4.479360382790404316e+01
4.699549878184398466e+01
4.909682993918232086e+01
5.089167669014663886e+01
5.220948541178201197e+01
5.295546894084626643e+01
5.311640680099024792e+01
5.276235755475039468e+01
5.202494931758733543e+01
5.105147902441181884e+01
4.997611395655943056e+01
4.892761446715572049e+01
4.798245283042822251e+01
4.718946046251578252e+01
4.656943534532513951e+01
4.611493028668596139e+01
4.580247012408311491e+01
4.560321550656979639e+01
4.548827181547249410e+01
4.542971952179031803e+01
4.540588896578761080e+01
4.540357928940424870e+01
4.540902447852955248e+01
4.541792724670590786e+01
4.542767711210207437e+01
4.543295519906696001e+01
3.590713938258968341e+01
3.668791832519725915e+01
3.770293957667510654e+01
3.900426759935498211e+01
4.062394523377079736e+01
4.254520445604928369e+01
4.468494537419683610e+01
4.688546701692030894e+01
4.894312983064120459e+01
5.063357499991418109e+01
5.177225057512730899e+01
5.225487546502395730e+01
5.208058558196206889e+01
5.134188326233986999e+01
5.019528472984351453e+01
4.881880188916589702e+01
4.737046730369075931e+01
4.599623404815026362e+01
4.478311534947749806e+01
4.378451928357748812e+01
4.300673654335895435e+01
4.244112493090885607e+01
4.204715998023041124e+01
4.179363778996108181e+01
4.164002637300832532e+01
4.155530374789611159e+01
4.151221687440256147e+01
4.149439188617745344e+01
4.148889884632174585e+01
4.148799608312582876e+01
4.148895783141712457e+01
4.148702564875947729e+01
3.556743584123727686e+01
3.637685352168026043e+01
3.743083470898179854e+01
3.878044463115374185e+01
4.044840999145846183e+01
4.241622114160603019e+01
4.458616040360919186e+01
4.678217292348188749e+01
4.878236172291363459e+01
5.033883916078710996e+01
5.125091767811777288e+01
5.141613388585297884e+01
5.083886622253505294e+01
4.963707251234342976e+01
4.799995053000892398e+01
4.613813258347413182e+01
4.424629420073415531e+01
4.248018227514732814e+01
4.093868968859469248e+01
3.967494287547005172e+01
3.869412562654476773e+01
3.796951899576555434e+01
3.746017436441313464e+01
3.711853087246982597e+01
3.689866156089749438e+01
3.676290319984544652e+01
3.668077778988708815e+01
3.663181384469942969e+01
3.660135881702981209e+01
3.658018847094130876e+01
3.656318158381400707e+01
3.655034922502333217e+01
3.528759353225781581e+01
3.614701381420743331e+01
3.726424614058051787e+01
3.868733999421763059e+01
4.043836944058443095e+01
4.248361010816988426e+01
4.471062149225978999e+01
4.692652223670680911e+01
4.887815461958766150e+01
5.029956409404473305e+01
5.097337571337347129e+01
5.078626128443453069e+01
4.976110220004770923e+01
4.804322256655099466e+01
4.586478595008972547e+01
4.346161949797862434e+01
4.107276546332485623e+01
3.886812137953756974e+01
3.695572647922831777e+01
3.539005379293475784e+01
3.417122493529384997e+01
3.326210727317916849e+01
3.261068816355552258e+01
3.215841559577459208e+01
3.185405433587707691e+01
3.165348853919847372e+01
3.151977896113457334e+01
3.142930787624038302e+01
3.136662880908252404e+01
3.132041336049272218e+01
3.128313198151177588e+01
3.125385963047947868e+01
3.520353525789859361e+01
3.614290210200176290e+01
3.735710285973681266e+01
3.889443024241708713e+01
4.076869523948172969e+01
4.293375565734316268e+01
4.525816144003844244e+01
4.752745815385608807e+01
4.945701027998753574e+01
5.075763193507508220e+01
5.119311908053064997e+01
5.065286738878567263e+01
4.916979377351125891e+01
4.691702748289893776e+01
4.416504641231818340e+01
4.121044402057605538e+01
3.829939638947858782e+01
3.563558016211067780e+01
3.334028107532884633e+01
3.146111824802244428e+01
2.999147801144389192e+01
2.888822849480967392e+01
2.808625440509033666e+01
2.751838714889552051e+01
2.712482427691728404e+01
2.685416506966435790e+01
2.666547002025946966e+01
2.653421686168717386e+01
2.643852467622500058e+01
2.636684803766382501e+01
2.631144184197519564e+01
2.626716768945172120e+01
3.544829030761808042e+01
3.649305412971046536e+01
3.783500351705846043e+01
3.951852726009952477e+01
4.155008141768858110e+01
4.386751710261443549e+01
4.632272017927392938e+01
4.867205976078970764e+01
5.060475235487385959e+01
5.180163672497106120e+01
5.201209950279520910e+01
5.112456030457597933e+01
4.918351883595967422e+01
4.640625182552095396e+01
4.309221013842959280e+01
3.958163058391623679e+01
3.616069410110945626e+01
3.304695526778331782e+01
3.037531694894412837e+01
2.819113681795560566e+01
2.648297463778466820e+01
2.519364949851178892e+01
2.425063040862883668e+01
2.357436072168754393e+01
2.309707713930078654e+01
2.276255777764780319e+01
2.252694804604203682e+01
2.235881280186481490e+01
2.223600040104560449e+01
2.214257335457114806e+01
2.207139898925596100e+01
2.201562654278929188e+01
3.610123630849242460e+01
3.726289898737808670e+01
3.874546834337484569e+01
4.058673557435077583e+01
4.278647040649595112e+01
4.526731631908922537e+01
4.786004845659161333e+01
5.029471825245205707e+01
5.223323002719126862e+01
5.332999860460887476e+01
5.332311547620018644e+01
5.209220701905446305e+01
4.971440848948683566e+01
4.642716501437379151e+01
4.257667646442565967e+01
3.853622887637732930e+01
3.463456725203786135e+01
3.110062261890810120e+01
2.808074586281141194e+01
2.561940009197460455e+01
2.369550955030548778e+01
2.224172948221427504e+01
2.117355400192523618e+01
2.040744671597613547e+01
1.986114629394786135e+01
1.947574942844833856e+01
1.920326262864872646e+01
1.900741403298626508e+01
1.886448255221344894e+01
1.875780690848037935e+01
1.867668291511214207e+01
1.861368677167497410e+01
3.712336057802772160e+01
3.840556287272453773e+01
4.002171263404324009e+01
4.201109539127579495e+01
4.436337727463543956e+01
4.698818184559839040e+01
4.969933623662957700e+01
5.219454898868358583e+01
5.412080199173908568e+01
5.510709100225678014e+01
5.487877056346966498e+01
5.332050932876359184e+01
5.052298530030004287e+01
4.676264454036930118e+01
4.241319859748077903e+01
3.789332545727195622e+01
3.355122441861878713e+01
2.964126754528238195e+01
2.631258409517138830e+01
2.360853097415478530e+01
2.150076376140179590e+01
1.991117321215204328e+01
1.874519162629652058e+01
1.790657246443922190e+01
1.731074986254163406e+01
1.688910900151229200e+01
1.659131385306958251e+01
1.637842367410709699e+01
1.622469497071249478e+01
1.611004476393453189e+01
1.602465135074233515e+01
1.595919446188485047e+01
3.839031216954232661e+01
3.977371946393690649e+01
4.150212084393528045e+01
4.361136076982863585e+01
4.608187919970320223e+01
4.881053000040625278e+01
5.159232094249556866e+01
5.411508746765717603e+01
5.599689331131095571e+01
5.685841963162116741e+01
5.640820213727473487e+01
5.454290916512329801e+01
5.136970252225987821e+01
4.716869629568452638e+01
4.238312331356821971e+01
3.743680854675432101e+01
3.271385224198389352e+01
2.848128279261140960e+01
2.489426976627459709e+01
2.199261711814595444e+01
1.973870122068586497e+01
1.804620736649933477e+01
1.680881855137702630e+01
1.592090679509748163e+01
1.529380047176240076e+01
1.485051283560227908e+01
1.453884171497725042e+01
1.431804567112770066e+01
1.415929992395826531e+01
1.404466250021927998e+01
1.395879816051228772e+01
1.389465219211096247e+01
3.970127655215892304e+01
4.116404735714865382e+01
4.297759863296525396e+01
4.516618350661805437e+01
4.770752297027065225e+01
5.048751414413849403e+01
5.329239130138294911e+01
5.579539442518910164e+01
5.760539315967428564e+01
5.832865471404158342e+01
5.767653623194510004e+01
5.553419381487599793e+01
5.203174684918641901e+01
4.747908586358602889e+01
4.232109060540219048e+01
3.702182780889668834e+01
3.198648104182790775e+01
2.749625197196381166e+01
2.370733615490712864e+01
2.065412777313488846e+01
1.829464218577613366e+01
1.653013893017082836e+01
1.524899213564925304e+01
1.433360452178125222e+01
1.369108474015523846e+01
1.324135778941578856e+01
1.292740571071664313e+01
1.270755765260991588e+01
1.255079380845398163e+01
1.243908285465941610e+01
1.235798418883010896e+01
1.229782001791211066e+01
4.085686838032635393e+01
4.237761968202638485e+01
4.424395301483005483e+01
4.647401222915368635e+01
4.903606945641925563e+01
5.181727989738351425e+01
5.459517560222251831e+01
5.703877600107836088e+01
5.875512577980541806e+01
5.934705602438970118e+01
5.851798249571619692e+01
5.615624267997810648e+01
5.239997366344289986e+01
4.756068604695030899e+01
4.212414088899942044e+01
3.655419394259102006e+01
3.128846136384300181e+01
2.661413494612818198e+01
2.267644411447817632e+01
1.952674615533675961e+01
1.710288669089987224e+01
1.530192150211147428e+01
1.400096598225692190e+01
1.308033911987179643e+01
1.243779414046091603e+01
1.199257843971904869e+01
1.168467828636178929e+01
1.147125819504560695e+01
1.132199616619313964e+01
1.121699586132661253e+01
1.114268927565729506e+01
1.108889594146930690e+01
4.170601451834901496e+01
4.326307334363352908e+01
4.515162493477857453e+01
4.738732665548981515e+01
4.993286721887820079e+01
5.266482458476238548e+01
5.536896538779573973e+01
5.772340123378540255e+01
5.933104000895257002e+01
5.980173769862058464e+01
5.883348576480850056e+01
5.632501289848954684e+01
5.239339255576518184e+01
4.737053876782941586e+01
4.174678543729322655e+01
3.601062876036647253e+01
3.059415710812908884e+01
2.579439108249619039e+01
2.177860814691500480e+01
1.857539557184090029e+01
1.612466307120299902e+01
1.431615377757441010e+01
1.301806170608031010e+01
1.210860393749068997e+01
1.148024546169578564e+01
1.104966003610406666e+01
1.075515089106558086e+01
1.055498651297543766e+01
1.041718626750079579e+01
1.032203449476465451e+01
1.025535014461044270e+01
1.020883958488456500e+01
4.217235422203091133e+01
4.374290486291517510e+01
4.563131546603597855e+01
4.783922761445761296e+01
5.032578123543090243e+01
5.297140660241038290e+01
5.557039144151973176e+01
5.780768233210826423e+01
5.930586568257673719e+01
5.966991127995630961e+01
5.861091129670088407e+01
5.601368303900256507e+01
5.199838928882599731e+01
4.689267839910615976e+01
4.117831170996062440e+01
3.536153866735932638e+01
2.987494107629424533e+01
2.502867016882891349e+01
2.098224243408857603e+01
1.776982816127106446e+01
1.532837531372517859e+01
1.353666178592926173e+01
1.226163035130020162e+01
1.137589922299472889e+01
1.077072258661691428e+01
1.036269074474070884e+01
1.008725996277407333e+01
9.902876655219497337e+00
9.778452090023234788e+00
9.695010708010819656e+00
9.637859517279199650e+00
9.598583020101921548e+00
