210.45  -17.45  24.692
202.52  1.98  14513.418
172.67  -43.50  1047.910
150.18  -35.70  297.491
133.65  -32.11  608.248
135.94  -34.70  134.502
136.93  -33.73  31.936
137.87  -32.69  36.258
138.01  -33.16  29825.069
138.09  -34.13  172.724
138.46  -34.64  455.352
137.88  -33.43   3.075
137.80  -32.70  651.869
137.86  -33.33  1082.241
113.83  -28.68  1989.614
147.43  -18.63  2914.335
146.90  -19.20  225.094
146.48  -18.60  54020.772
146.16  -18.17  25774.384
146.87  -19.15  33316.701
147.62  -6.11  1306.053
108.65  4.36  5570.258
103.77  1.21  7940.200
103.87  1.31  27317.197
98.41  7.75  4362.797
108.85  11.33  6208.975
117.85  24.40  396.534
109.45  18.28  1993.647
109.50  18.23  1117.962
72.98  4.30  871.796
73.03  5.27  3075.303
96.82  -12.18  40706.897
55.52  -4.68  2146.861
45.27  -12.80  101520.367
32.40  -28.47  5732.106
300.45  13.04  9439.043
