5.046207237123829259e+01
5.069375878498154009e+01
5.093252021442260968e+01
5.116678722664527612e+01
5.141277229723004893e+01
5.171221199097552557e+01
5.208166724736741315e+01
5.256382299778343992e+01
5.314536842225482616e+01
5.384355315149321086e+01
5.462108393141851082e+01
5.544528531138595895e+01
5.629116887635496624e+01
5.712099167942751876e+01
5.790106887710813766e+01
5.860322371012640019e+01
5.922863968451299854e+01
5.975732130653744179e+01
6.020872819085128214e+01
6.059175266326688103e+01
6.090059775825479704e+01
6.115787367709113198e+01
6.137331536009796196e+01
6.154997173010288947e+01
6.168639985064100983e+01
6.180258256983503884e+01
6.189233070448857887e+01
6.197565877096024423e+01
6.203554691629825868e+01
6.208079645051034845e+01
6.211825822506614259e+01
6.214871793507056452e+01
4.924015722649592419e+01
4.952770213350585493e+01
4.981737967485477014e+01
5.013877249577855366e+01
5.049781111732795580e+01
5.094330123469329408e+01
5.149527181635770035e+01
5.218947833575455064e+01
5.301941347597322363e+01
5.396806956397421828e+01
5.501110237142323456e+01
5.611099153757384528e+01
5.720843681019275806e+01
5.828356765604825540e+01
5.928001158462232212e+01
6.018470531835904325e+01
6.097198213647035203e+01
6.164672998870705101e+01
6.221823817368647269e+01
6.268554647143544400e+01
6.306976779148009626e+01
6.338584018859903324e+01
6.364804790689524339e+01
6.384915031138830699e+01
6.401805682779428253e+01
6.415127010295731225e+01
6.426491235507545241e+01
6.435318753882803833e+01
6.442170601031506294e+01
6.447777108052609663e+01
6.452048982391843879e+01
6.455864603634420007e+01
4.785857484910830806e+01
4.812696718592297174e+01
4.842040547059661293e+01
4.876848487571374591e+01
4.918921513479919128e+01
4.973086389728275236e+01
5.043145088319054281e+01
5.130474424655680110e+01
5.233812664309245832e+01
5.352570598046642658e+01
5.481670512939527384e+01
5.615021350189341121e+01
5.748384156089401387e+01
5.876449627802823983e+01
5.994971070125302504e+01
6.100806184062134463e+01
6.192453683240629658e+01
6.269997862361323371e+01
6.334977289662908362e+01
6.387417947258720119e+01
6.430140947877198698e+01
6.464398219118774591e+01
6.491626575871704574e+01
6.513076801316540809e+01
6.529829916138902490e+01
6.543719390931399005e+01
6.554766414987017242e+01
6.563879491315216796e+01
6.570250527139631913e+01
6.576299055819967521e+01
6.580711977797844270e+01
6.584015354750621896e+01
4.642576218714850711e+01
4.660285248923487700e+01
4.683862547507921903e+01
4.712840163026461227e+01
4.752937638443115986e+01
4.809951542972832073e+01
4.886376420229454709e+01
4.985122641178038094e+01
5.103010856293296627e+01
5.237650592974348740e+01
5.382317727482875824e+01
5.531794908482098805e+01
5.679399821210128607e+01
5.818993492225307307e+01
5.947149362229914971e+01
6.059839741631667920e+01
6.156238928061847560e+01
6.236371496804786574e+01
6.300478104867787010e+01
6.351857616163968601e+01
6.392558851346499438e+01
6.423850461704097370e+01
6.447583846315853862e+01
6.466310622762324556e+01
6.480399360381392171e+01
6.491374692107751798e+01
6.499864359362634048e+01
6.506424613502694854e+01
6.511818624399795397e+01
6.516175010015598446e+01
6.520053854081676548e+01
6.522442988481523685e+01
4.503028700413407392e+01
4.505907213788275811e+01
4.513858021508454499e+01
4.528767259732584449e+01
4.557365622090438961e+01
4.606279377498628236e+01
4.678942053280248103e+01
4.776675372932392349e+01
4.898062617293523147e+01
5.036789354697179277e+01
5.185216040366819357e+01
5.337304854723311820e+01
5.484733301921540516e+01
5.623060635390235262e+01
5.746540637851253308e+01
5.852508415846687484e+01
5.940446565760715458e+01
6.010736455742077311e+01
6.065073726326822623e+01
6.105953941609848812e+01
6.135529718431234159e+01
6.156300989333524853e+01
6.171365099720119929e+01
6.180781317352370507e+01
6.188063982553379105e+01
6.192629655907816044e+01
6.196160490080890781e+01
6.198924886676361723e+01
6.200737370865605413e+01
6.202206039139046823e+01
6.203824745057567469e+01
6.204965736282185418e+01
4.376706180937542001e+01
4.358458417538430041e+01
4.342952338274859159e+01
4.334151984130630098e+01
4.339777369159834564e+01
4.367604224850916239e+01
4.423928692558619247e+01
4.508112245109692395e+01
4.618172427004911640e+01
4.745921615297315554e+01
4.883669478142034848e+01
5.022216653274708165e+01
5.154063107346546957e+01
5.273942566758977080e+01
5.377254543525858566e+01
5.462075158326134527e+01
5.527687653602328766e+01
5.576008079065817924e+01
5.609072782480133412e+01
5.629807654013885809e+01
5.640927130992761107e+01
5.644765267628744709e+01
5.645233260260064867e+01
5.642205269776775367e+01
5.638434919799068723e+01
5.634190942757023635e+01
5.629960533644050713e+01
5.626769340329413183e+01
5.623803805442249626e+01
5.621232639629172922e+01
5.619523934104147855e+01
5.618406643073186046e+01
4.269939365698515843e+01
4.224798878211115749e+01
4.177543395917442837e+01
4.135520520902199593e+01
4.107007765367811913e+01
4.102616447775454134e+01
4.128061472286822209e+01
4.186299943561979831e+01
4.272219642236512271e+01
4.376534722489220286e+01
4.489911824713951205e+01
4.601957996918979177e+01
4.704818373064901493e+01
4.793364949878655068e+01
4.864356756262973391e+01
4.916167040486256923e+01
4.950342780184410429e+01
4.968711175027923588e+01
4.973469219406749886e+01
4.968206052446067389e+01
4.956475832701718076e+01
4.940765433473528390e+01
4.923347231912292443e+01
4.906342783841395772e+01
4.890768509000643149e+01
4.876267421985316020e+01
4.864421886628709757e+01
4.854336385766490025e+01
4.846020338878442146e+01
4.839662524796460019e+01
4.834775854161487985e+01
4.830729746655129730e+01
4.181629695907763988e+01
4.104128411042122337e+01
4.020068860283933532e+01
3.936114011113824773e+01
3.864230904061756888e+01
3.816459818390511316e+01
3.801876646775465218e+01
3.823604961773844479e+01
3.876278469604354626e+01
3.950004567990530546e+01
4.032225156540838640e+01
4.111359597667656374e+01
4.179508250112225198e+01
4.232436231938825699e+01
4.266694570844333612e+01
4.283388999785668716e+01
4.284068008931856752e+01
4.271468918371020607e+01
4.248814787905069323e+01
4.219629345183726343e+01
4.187257341987491799e+01
4.154076148804838908e+01
4.122486033435299646e+01
4.093526206341807239e+01
4.068552571410211982e+01
4.046425965354685417e+01
4.028393631548056675e+01
4.013677469806808773e+01
4.001970182960441491e+01
3.992401273834402531e+01
3.984808479210401799e+01
3.979101081252355954e+01
4.102488076255522742e+01
3.989445269409820582e+01
3.862573192962253898e+01
3.731711961948609257e+01
3.610555113800133853e+01
3.512723017024442385e+01
3.451904089678291143e+01
3.432004036936749714e+01
3.449161936777538529e+01
3.490921928680782571e+01
3.542942473368685086e+01
3.592607721261823173e+01
3.629995332191877822e+01
3.651539329698296399e+01
3.656211585707026046e+01
3.644497312903913411e+01
3.619587215635555566e+01
3.584670138727836530e+01
3.543551994847320685e+01
3.499382144922262228e+01
3.455196586326814412e+01
3.413327511809077208e+01
3.375337383086963428e+01
3.342208792244011306e+01
3.313720085144959882e+01
3.290027128011847424e+01
3.270873852926132486e+01
3.255383451037420883e+01
3.242662421122305716e+01
3.233350229240180340e+01
3.225747392984948902e+01
3.219795317313931093e+01
4.017874608045202933e+01
3.867592863311021034e+01
3.697060711452282789e+01
3.515958329432724838e+01
3.340284921883796443e+01
3.191143082323275948e+01
3.082363593839196980e+01
3.022346058437369720e+01
3.007080256282335995e+01
3.022973139728498282e+01
3.053737855517132616e+01
3.083706722981407111e+01
3.102676236085468275e+01
3.106167317566532660e+01
3.093623675893590885e+01
3.067805079806741730e+01
3.031525018327457843e+01
2.988901061116829894e+01
2.943470366203974109e+01
2.898510014554650738e+01
2.856195024877189681e+01
2.817936451327057057e+01
2.785129380654121789e+01
2.757506975916517433e+01
2.735078496443778207e+01
2.717051951429161605e+01
2.702948171622247386e+01
2.691892073060688162e+01
2.683559524002945551e+01
2.677109754792089547e+01
2.672511327036935924e+01
2.668662390094830883e+01
3.915668764847217176e+01
3.727898207380012963e+01
3.512789387141251751e+01
3.282478700676789174e+01
3.055229778586327072e+01
2.855516257939447300e+01
2.703631993428579250e+01
2.609312702266117512e+01
2.570096116074217107e+01
2.571497673343093382e+01
2.593645070235258387e+01
2.618508363640705738e+01
2.633807464401184717e+01
2.634620180301521941e+01
2.621058578547126672e+01
2.595912412924351642e+01
2.564160917440716503e+01
2.529218714000257862e+01
2.494551853948363629e+01
2.463147198724847797e+01
2.436255596545330349e+01
2.414568483256696041e+01
2.398013396316934021e+01
2.386433457567706284e+01
2.378464903660086094e+01
2.373326830874551874e+01
2.370523516548199439e+01
2.369448403121173641e+01
2.369167966352236121e+01
2.369574081476897476e+01
2.370327574693310524e+01
2.371122008538593207e+01
3.788004823087847228e+01
3.565618888833024869e+01
3.310177127377665585e+01
3.034617235512162381e+01
2.761369890788182957e+01
2.518594859231847849e+01
2.331147027743357114e+01
2.213622395665903753e+01
2.163093137265168409e+01
2.163366103340802837e+01
2.191516191942820058e+01
2.225322844245572895e+01
2.250711383837142066e+01
2.261874918921006383e+01
2.259375396589020468e+01
2.247426677120548177e+01
2.230900621875077050e+01
2.214962795311156896e+01
2.201949744312459245e+01
2.194926538009662664e+01
2.193196293718151324e+01
2.196936786875571812e+01
2.205302417264348236e+01
2.216668745521575801e+01
2.229618158876255762e+01
2.243263168798328522e+01
2.256159458947680818e+01
2.268393643914927438e+01
2.279221590941384434e+01
2.288463114739761295e+01
2.296677380117695222e+01
2.303412476325229363e+01
3.634313578411569523e+01
3.382065344544343333e+01
3.093660455529609266e+01
2.781491519942799684e+01
2.472191982843519042e+01
2.197770359130720408e+01
1.988677856706663150e+01
1.860920146888592441e+01
1.813184847359747209e+01
1.826089035532152494e+01
1.871806734125294369e+01
1.924989837615150634e+01
1.968573272477379277e+01
1.996201162763122028e+01
2.009713955870971702e+01
2.014708544931016476e+01
2.017840670509979617e+01
2.024249633443064411e+01
2.037429901094789741e+01
2.058299463640505422e+01
2.086312339776393188e+01
2.119658411761631811e+01
2.156304478103072242e+01
2.193854155721307109e+01
2.230757517642062027e+01
2.265001175304210079e+01
2.295542039077125551e+01
2.322527494602790910e+01
2.345598098050333036e+01
2.365025197489620368e+01
2.380891709417867119e+01
2.393856879922606851e+01
3.452728039149779704e+01
3.179677708452332752e+01
2.868172158936676652e+01
2.533166960433927173e+01
2.202015952931245479e+01
1.911733310576902767e+01
1.696065480266247150e+01
1.574068690539442983e+01
1.542717326866378080e+01
1.578810794109862847e+01
1.649938906140916473e+01
1.725605192667612897e+01
1.786878227792104568e+01
1.827893858892740653e+01
1.852564437598660874e+01
1.869785549635323463e+01
1.887461743678245440e+01
1.912447492002479166e+01
1.947751509884634658e+01
1.994091697144216724e+01
2.049544562541682069e+01
2.110907388829410891e+01
2.174768979995083740e+01
2.237802335399876696e+01
2.297562498539307185e+01
2.351657880880156526e+01
2.399602876646463301e+01
2.440632455535638101e+01
2.475156690431868611e+01
2.503908203596596849e+01
2.526856165818734823e+01
2.545664109283975307e+01
3.245611464380512245e+01
2.962636212677857017e+01
2.641594988720794035e+01
2.297557295273343669e+01
1.961755941291939109e+01
1.673939188936136091e+01
1.469722478076988459e+01
1.368594820335242268e+01
1.365508940414663819e+01
1.431552995018057217e+01
1.528190368523095977e+01
1.621126646110365499e+01
1.690610430152291954e+01
1.732324402407483177e+01
1.754633042452593727e+01
1.770065473656654831e+01
1.789514933671349795e+01
1.821997546833526016e+01
1.870214975427898807e+01
1.934136110092433825e+01
2.010201449737816759e+01
2.094212921403933692e+01
2.180337672277852690e+01
2.264933241738958003e+01
2.343974839647552955e+01
2.415090460691502727e+01
2.477251478034789756e+01
2.530527060711329668e+01
2.574468892214360238e+01
2.610797611956106579e+01
2.639734931240172244e+01
2.662751991100848770e+01
3.014293955470295927e+01
2.733209597594265361e+01
2.416839582192018909e+01
2.081712228797363196e+01
1.760692087108810711e+01
1.494160965795309615e+01
1.319213738620032927e+01
1.253950665651300156e+01
1.287885269023408874e+01
1.386198653632183486e+01
1.503333691155108376e+01
1.601633993859110916e+01
1.661624299269697858e+01
1.684305076151208524e+01
1.683867481566378643e+01
1.678210183348342710e+01
1.682553758592592175e+01
1.707627683264994900e+01
1.755906091307080175e+01
1.826760083816534319e+01
1.914648011849455145e+01
2.012912183779483044e+01
2.115189127393885471e+01
2.215398666164471919e+01
2.308963612640200935e+01
2.393092352654580068e+01
2.466557856485203359e+01
2.528772367931720311e+01
2.579940722391627261e+01
2.621567815257477463e+01
2.654997065814352553e+01
2.681009298054682333e+01
2.766608677849041342e+01
2.499684892397281644e+01
2.202349063692758335e+01
1.893536247401664951e+01
1.605985527266450674e+01
1.380715180725963265e+01
1.253004999878475978e+01
1.236836150897118181e+01
1.315099007823855715e+01
1.444781487259133002e+01
1.573543244062642543e+01
1.662141912763230067e+01
1.693119541792112770e+01
1.675201470752148936e+01
1.630121981368568740e+01
1.583632020053632417e+01
1.555614481511545755e+01
1.558298655634954777e+01
1.594526655709593044e+01
1.661897382839287829e+01
1.752569358661368781e+01
1.858189714003767179e+01
1.969781801654701425e+01
2.080335288177144548e+01
2.183721665298583403e+01
2.276994288269544953e+01
2.358425758078892542e+01
2.426888134877999903e+01
2.483287748401248507e+01
2.528958924181189261e+01
2.565219503276353308e+01
2.593531858664190892e+01
2.514218305377631779e+01
2.273274902887799342e+01
2.009755940947944808e+01
1.743720229995341597e+01
1.508275965931951568e+01
1.342858905996170549e+01
1.278839253247767616e+01
1.323761971182697650e+01
1.452106322818205619e+01
1.611735684653689304e+01
1.744453220061761911e+01
1.808683324153133753e+01
1.793182803038871498e+01
1.715714749020069974e+01
1.608673465660247714e+01
1.505448053609756087e+01
1.431929857863163846e+01
1.401522340074945028e+01
1.416570525181045781e+01
1.473003729800409012e+01
1.560456623759112738e+01
1.667666109131986119e+01
1.784123464459205977e+01
1.900594628173434586e+01
2.010925794396298727e+01
2.110678918577164964e+01
2.197268790238588565e+01
2.270564886299041163e+01
2.330886362066310369e+01
2.379341534025097005e+01
2.417577946178486314e+01
2.447668395586525136e+01
2.276785981638754564e+01
2.071847857644676338e+01
1.855011688753176102e+01
1.646457895398262750e+01
1.479095457654732826e+01
1.389259504478928342e+01
1.402817295070212822e+01
1.518848429969085956e+01
1.701320747679163503e+01
1.888881678339425108e+01
2.018388767092934444e+01
2.048056201051915437e+01
1.974819992344833963e+01
1.825473055992187810e+01
1.644779981940852309e+01
1.476579977473661742e+01
1.350114448168119452e+01
1.280974404396543243e+01
1.271165023355113277e+01
1.312741501271669442e+01
1.393516820295840830e+01
1.499521278126594126e+01
1.618089830024036857e+01
1.738791842532620890e+01
1.853561516520931107e+01
1.957864773408028469e+01
2.048588541636299709e+01
2.125591392534222379e+01
2.188986760192221936e+01
2.239945361378733679e+01
2.280148894762936251e+01
2.311705790730066212e+01
2.077471331483839734e+01
1.917745023883021460e+01
1.756845917817027569e+01
1.617076014512123194e+01
1.529706275523952819e+01
1.526489323336893378e+01
1.626132214315226676e+01
1.817997937167108802e+01
2.055946199728334278e+01
2.269049894867108819e+01
2.389195971196792101e+01
2.378042049237320654e+01
2.238858159157777905e+01
2.012984762868247657e+01
1.755481512288831425e+01
1.519324734399114796e+01
1.339020346460844557e+01
1.230787396509545850e+01
1.195255928982247795e+01
1.221692160863345222e+01
1.295139502777282381e+01
1.399234087827338158e+01
1.518406391464250582e+01
1.641849920890365411e+01
1.759994942440579280e+01
1.868058358472591252e+01
1.962412672781845657e+01
2.042512076410315913e+01
2.108551000778818363e+01
2.161463706611961655e+01
2.203683412414549281e+01
2.236059015625029289e+01
1.938464355479142043e+01
1.832586771486676724e+01
1.733763933159898585e+01
1.668958789384909025e+01
1.666789852918179449e+01
1.754045605292735743e+01
1.941119175666494812e+01
2.207517630997942959e+01
2.496680800156077851e+01
2.729621574225852854e+01
2.835505509131237645e+01
2.778782232530021190e+01
2.573116469023513986e+01
2.269572639489772570e+01
1.937272237594369528e+01
1.636102578551229314e+01
1.405184321160046146e+01
1.261402785910095048e+01
1.202633961780646743e+01
1.215909647573438868e+01
1.282860134973237543e+01
1.384690934863302481e+01
1.504756791265582017e+01
1.629833824215611315e+01
1.750775045008945696e+01
1.861758490491441975e+01
1.958697136344699175e+01
2.041519036249023600e+01
2.109485100004144442e+01
2.164458338600273990e+01
2.207955155087280019e+01
2.241815043546454689e+01
1.893270334658090803e+01
1.833951442663169473e+01
1.798376385304451830e+01
1.808138955594306196e+01
1.889327937453539974e+01
2.062674532321785748e+01
2.331088614160839967e+01
2.662659216658981975e+01
2.993361617051115076e+01
3.237840776597646197e+01
3.323817982980410335e+01
3.220147766713362358e+01
2.948864129215208862e+01
2.574517659830435434e+01
2.173578965307372357e+01
1.815653641096881543e+01
1.541840572570905721e+01
1.368319986664384125e+01
1.291386581864268912e+01
1.294616849519088753e+01
1.357087367809148404e+01
1.458120543065466101e+01
1.579359275902627857e+01
1.706406550575601244e+01
1.829708470986981794e+01
1.942759859287831858e+01
2.042160856702246008e+01
2.126822809774709810e+01
2.196391371493899314e+01
2.252558603044142771e+01
2.297284552116675371e+01
2.332003628443271737e+01
1.937320376936179045e+01
1.927914619833803300e+01
1.951753336087387325e+01
2.030500180964148527e+01
2.186432676598877123e+01
2.434622655317816964e+01
2.769535798543421024e+01
3.152009037339858821e+01
3.510762965931017021e+01
3.757616387622850596e+01
3.818534011320581811e+01
3.669253261804721689e+01
3.340171509465173472e+01
2.902775816016071175e+01
2.446692877365979157e+01
2.043417817405944348e+01
1.737386734295254698e+01
1.543535492586908120e+01
1.455585961005286144e+01
1.454241755281772974e+01
1.516290809783723326e+01
1.618640647393448617e+01
1.742086665237284748e+01
1.872067923285727886e+01
1.997814824626173191e+01
2.113235678589266442e+01
2.214833662735057018e+01
2.300756263418909597e+01
2.371942206150770716e+01
2.429681007654273373e+01
2.474924087408085427e+01
2.510317000703605572e+01
2.073555432405087728e+01
2.108763948022584955e+01
2.185079226282489628e+01
2.322013710431459543e+01
2.539142329372829820e+01
2.845097730442585160e+01
3.227774304187470022e+01
3.642716327504614782e+01
4.014401934475738898e+01
4.253132798099288436e+01
4.288339929292331476e+01
4.097748453701412075e+01
3.721109618271928809e+01
3.237784193766085394e+01
2.741133088692657793e+01
2.307911449751972910e+01
1.983214729129442944e+01
1.780680341430498359e+01
1.690795057562089809e+01
1.691916268003918589e+01
1.758384015428786640e+01
1.865928365684233015e+01
1.994107933653639364e+01
2.128553309868352272e+01
2.258225495042534092e+01
2.376506774852729720e+01
2.480261195865569945e+01
2.568605348699117030e+01
2.641228242125885828e+01
2.699514944428113594e+01
2.745979277487331061e+01
2.781810274196576671e+01
2.289390783830248211e+01
2.362502858300739916e+01
2.481776283985605502e+01
2.664005389562560566e+01
2.925149048892993875e+01
3.269225322955413304e+01
3.679299660550363882e+01
4.107407175289606016e+01
4.477367678837320852e+01
4.700340688906001674e+01
4.709433732160063357e+01
4.486139875561056556e+01
4.076443014624807404e+01
3.562833966783311013e+01
3.044921687913521779e+01
2.598743749607920250e+01
2.270935724680677126e+01
2.072284364263398260e+01
1.990180118098767892e+01
2.001466994752341932e+01
2.078115190330781203e+01
2.194998164665200591e+01
2.331264606956418461e+01
2.471829592538066933e+01
2.606847820240570357e+01
2.729110707122993418e+01
2.836186345366780870e+01
2.926951689479774998e+01
3.001304612955082263e+01
3.061052029909201977e+01
3.108377640118935048e+01
3.144876447819233078e+01
2.568857724139843768e+01
2.671818740566670769e+01
2.822585429124372070e+01
3.036164331238390801e+01
3.323836030596613256e+01
3.685540230942049789e+01
4.102069217543360935e+01
4.525478898973365460e+01
4.879475856443977477e+01
5.081351112904778233e+01
5.066062187055209165e+01
4.822477292489691081e+01
4.394591111825838681e+01
3.869957478367139458e+01
3.348904846611622332e+01
2.908056376557739853e+01
2.590971679770210301e+01
2.406733526917079402e+01
2.341768002005638749e+01
2.369639884982580469e+01
2.461212912161002109e+01
2.591062687143531917e+01
2.737703828087383684e+01
2.886766526355022222e+01
3.028151069025824071e+01
3.155691733670898813e+01
3.266680457579601438e+01
3.359854022506274163e+01
3.436442648228383945e+01
3.497961707601144354e+01
3.546043901051272940e+01
3.583130752600104785e+01
2.894653712568291226e+01
3.018342273787307661e+01
3.189531304770878251e+01
3.419673523048069796e+01
3.716728458954944614e+01
4.077897628287589527e+01
4.482803876175275093e+01
4.884673513592591831e+01
5.213868804227229248e+01
5.389787739426940760e+01
5.355646056704292590e+01
5.100221144952225671e+01
4.670529812328335595e+01
4.153274062179480097e+01
3.645750488637627029e+01
3.224658740694965076e+01
2.930161095923352832e+01
2.770256560816358515e+01
2.728281372563822060e+01
2.777022252000043423e+01
2.886925104080473403e+01
3.031307819862310282e+01
3.190045517800610853e+01
3.348194179503203571e+01
3.496432572076943046e+01
3.629187265425005648e+01
3.743730471717707786e+01
3.839924457055621332e+01
3.918490751503667013e+01
3.981595207325933217e+01
4.030639771943123861e+01
4.068242899777213495e+01
