304.20  51.50  12.247   1.147     74.078  99.258   33.947   0.320
304.20  51.50  12.742   0.923     87.978  98.383   39.467   0.262
304.20  51.50  12.538   0.108     87.978  98.818   38.192   0.233
304.20  51.50  12.276   0.506     87.978  75.493   27.583   0.407
304.20  51.50  12.655   0.383     87.978  81.414   16.973   0.320
304.20  51.50  12.626   1.097     87.978  74.626   13.575   0.349
304.20  51.50  11.491   0.021     60.758  59.833    6.364   0.582
304.20  51.50  11.113   1.367     53.736  59.853    5.941   0.204
304.20  51.50  10.735   0.766     43.898  47.567    5.939   0.378
304.20  51.50  10.269   2.020     43.898  50.138    5.095   0.320
304.20  51.50  10.066   3.064     35.480  45.056    5.517   0.291
304.20  51.50   9.629  10.125     27.795  45.080    5.517   0.233
304.20  51.50   9.658   0.376     27.795  30.650    6.365   0.378
304.20  51.50   9.396   0.271     27.795  30.240    5.517   0.378
304.20  51.50  10.676  21.693     43.898  10.651    7.214   0.262
304.20  51.50  10.415  69.965     43.898   1.329    5.092   0.291
304.20  51.50   9.716   4.760     27.795  15.370    5.939   0.349
304.20  51.50   9.396   2.295     27.795  15.387    8.486   0.262
304.20  51.50   8.931   4.917     21.754   7.774    6.362   0.233
304.20  51.50   8.087   0.273     12.816  15.032    5.514   0.262
304.20  51.50   3.724   1.353      3.442   6.777    5.091   0.233
304.20  51.50   3.433   0.396      3.442   7.216    6.364   0.320
304.20  51.50   3.142   0.795      2.966   7.232    5.513   0.320
304.20  51.50   2.095   1.894      2.035   6.863    3.816   0.175
304.20  51.50   1.367   4.102      1.518   8.175    3.395   0.262
304.20  51.50   0.785   8.196      1.008   7.781    2.545   0.204
304.20  51.50   0.233   0.890      0.000   2.294    3.816   0.320
304.20  51.50  10.735   2.307     43.898  32.715    7.637   0.582
304.20  51.50   9.774  60.256     35.480  74.777    5.094   0.262
304.20  51.50   7.854  280.767     12.816  112.222    5.938   0.204
304.20  51.50   7.331  82.331      9.348  51.567    4.668   0.233
304.20  51.50   8.291   4.697     16.600  32.844    8.063   0.262
304.20  51.50   7.593   5.045      9.348  19.726    4.668   0.291
304.20  51.50   6.487   5.553      6.636  20.634    5.941   0.291
304.20  51.50   7.476   0.015      9.348   9.124    6.365   0.204
304.20  51.50   6.138   0.473      5.419   4.951    4.244   0.204
304.20  51.50   5.905   0.111      5.419   4.963    6.362   0.291
304.20  51.50   4.306   0.452      4.158   4.624    6.788   0.291
304.20  51.50   2.531   0.135      2.489   5.143    7.640   0.262
304.20  51.50   1.949   0.139      2.035   4.749    8.063   0.320
304.20  51.50   1.746   0.971      1.518   5.184    7.211   0.291
304.20  51.50   1.164   0.731      1.008   5.215    7.214   0.262
304.20  51.50   0.844   1.087      1.008   6.081    6.364   0.233
304.20  51.50   1.571   0.381      1.518   5.618    7.637   0.233
295.70  59.80   9.921   1.257     57.388  42.803   13.193   0.423
295.70  59.80   9.890  23.124     57.388  17.947    8.221   0.333
295.70  59.80   9.225   1.962     35.825  29.818    4.398   0.726
295.70  59.80   9.376  85.585     45.802  19.298    2.867   0.393
295.70  59.80   8.983  66.971     35.825  15.483    2.486   1.573
295.70  59.80   8.650  82.520     26.927   6.122    2.294   0.303
290.00  59.40   8.165  23.180     203.770  130.896   15.160   0.617
290.00  59.40   7.695  17.541     180.828  124.026   13.778   0.265
290.00  59.40   7.725  13.002     180.828  119.891   17.223   0.324
290.00  59.40   7.431  31.752     180.828  122.659   10.334   0.265
290.00  59.40   7.313  41.342     180.828  123.354    8.956   0.471
290.00  59.40   7.136   0.671     158.825  126.117   56.502   0.235
290.00  59.40   7.079  24.028     158.825  111.650    9.646   0.235
290.00  59.40   7.197  24.943     158.825  104.066   11.023   0.382
290.00  59.40   7.111  15.501     158.825  75.131   21.356   0.294
290.00  59.40   6.611  15.960     140.972  75.153   16.536   0.324
290.00  59.40   6.318  67.051     140.972  56.562   10.333   0.324
290.00  59.40   3.233   5.222     38.662  17.421    9.645   0.382
290.00  59.40   1.116   0.327     10.243   7.866    8.268   0.235
290.00  59.40   0.557   0.362      4.860   9.268    8.268   0.206
290.00  59.40   0.351   1.200      4.860  10.655    8.267   0.177
290.00  59.40   7.697  91.395     180.828  101.978    8.268   0.294
290.00  59.40   7.669  133.461     180.828  85.443    8.267   0.294
290.00  59.40   7.463  60.026     180.828  84.762   12.401   0.294
290.00  59.40   7.289  139.750     180.828  51.008   11.023   0.206
290.00  59.40   7.203  199.581     158.825  32.409    8.957   0.324
290.00  59.40   6.673  153.628     140.972  38.633    8.268   0.265
290.00  59.40   6.173  72.817     116.397  28.319   10.333   0.441
290.00  59.40   5.673  45.157     99.056  34.542    9.646   0.264
290.00  59.40   5.408  46.809     99.056  33.175    9.645   0.235
290.00  59.40   5.880  117.565     116.397  19.374    8.953   0.324
290.00  59.40   6.028  153.812     116.397  13.856    8.268   0.382
290.00  59.40   4.204  16.040     58.407  15.312   11.022   0.235
290.00  59.40   0.940   0.073     10.243   9.252    6.889   0.265
290.00  59.40   6.811   1.423     158.825  145.424   11.714   0.559
290.00  59.40   6.756  29.348     158.825  95.817   11.712   0.382
290.00  59.40   5.525  30.343     99.056  42.127   10.335   0.529
290.00  59.40   3.700   2.205     47.909  62.876   11.711   0.265
290.00  59.40   2.143   1.719     22.943  38.139   13.090   0.235
290.00  59.40   2.262   0.659     30.417  29.865   10.334   0.294
290.00  59.40   1.733   0.982     16.239  16.108   12.402   0.235
290.00  59.40   0.675   0.269      4.860   6.507   11.023   0.353
285.60  62.10   9.589   9.353     251.974  147.796   34.340   0.229
285.60  62.10   9.674  58.839     251.974  126.733   16.391   0.258
285.60  62.10   9.388  26.470     251.974  123.584   24.973   0.572
285.60  62.10   9.131  22.050     224.281  121.998   21.854   0.344
285.60  62.10   7.671   8.566     145.118  110.149   12.489   0.200
285.60  62.10  10.018  213.584     281.194  98.672   12.489   0.286
285.60  62.10   8.558  46.234     197.363  112.577   12.481   0.200
285.60  62.10   8.014  47.247     172.991  108.622    9.365   0.286
285.60  62.10   8.329  75.210     197.363  96.166   11.703   0.258
285.60  62.10   7.871  57.580     172.991  96.122   10.148   0.286
285.60  62.10   7.327  19.714     145.118  96.849   10.931   0.372
285.60  62.10   7.928  74.915     172.991  85.202   10.148   0.258
285.60  62.10   7.928  70.037     172.991  75.056   11.709   0.258
285.60  62.10   7.699  47.215     145.118  64.889   11.712   0.372
285.60  62.10   7.785  121.380     172.991  53.191   10.926   0.200
285.60  62.10   7.356  85.244     145.118  51.589   10.145   0.286
285.60  62.10   7.528  36.637     145.118  69.555   12.486   0.229
285.60  62.10   7.013   8.519     124.751  63.261   21.068   0.401
285.60  62.10   6.984   7.291     124.751  95.255   10.926   0.315
285.60  62.10   6.726  17.096     108.196  47.625   14.839   0.343
285.60  62.10   6.898  69.667     124.751  33.595   10.931   0.286
285.60  62.10   7.041  107.588     124.751  19.562   10.142   0.258
285.60  62.10   6.612  55.544     108.196  21.081   11.709   0.258
285.60  62.10   6.440  61.484     108.196  16.381   11.714   0.258
285.60  62.10   5.868  16.518     90.761  40.518   12.489   0.229
285.60  62.10   6.755  29.843     124.751  65.577   10.926   0.343
285.60  62.10   4.436  14.128     55.017  16.966   10.151   0.229
285.60  62.10   4.036   7.596     46.031   5.221   14.830   0.229
285.60  62.10   3.807  11.079     46.031   8.320   11.712   0.229
285.60  62.10   3.635   5.142     37.746  16.888    9.368   0.315
285.60  62.10   1.717   1.767     12.877   2.654    9.370   0.286
285.60  62.10   6.440   0.797     108.196  96.763   13.264   0.258
285.60  62.10   5.352   0.713     77.292  68.562   11.712   0.372
285.60  62.10   4.522  27.061     55.017  99.697    8.590   0.286
285.60  62.10   1.803   8.948     18.117  50.267   10.920   0.372
285.60  62.10   2.519   1.139     23.842  10.536   12.486   0.315
285.60  62.10   2.376   0.563     23.842  19.887    9.370   0.200
285.60  62.10   2.118   0.264     18.117  15.960    7.032   0.286
285.60  62.10   1.202   0.716      8.164   4.165    8.587   0.286
285.60  62.10   0.687   0.374      3.926   2.553    9.370   0.315
285.60  62.10   0.458   0.034      3.926   4.872    8.590   0.286
282.10  53.60   8.607   8.981     321.962  250.710   23.838   0.496
282.10  53.60   8.316  10.877     321.962  249.359   22.430   0.291
282.10  53.60   8.548  21.893     321.962  217.068   22.435   0.262
282.10  53.60   8.315  15.994     321.962  217.109   26.637   0.262
282.10  53.60   8.024   2.563     282.198  250.813   19.626   0.321
282.10  53.60   7.995   2.681     282.198  233.991   29.441   0.321
282.10  53.60   7.878   1.579     282.198  239.620   36.457   0.262
282.10  53.60   7.470   0.045     242.439  234.083   42.056   0.408
282.10  53.60   7.963  64.607     282.198  169.495   14.022   0.554
282.10  53.60   7.760  41.277     282.198  183.553   15.419   0.408
282.10  53.60   7.556   9.470     242.439  182.186   19.626   0.262
282.10  53.60   7.497   8.995     242.439  170.979   23.827   0.321
282.10  53.60   7.235   2.338     208.089  183.645   18.218   0.321
282.10  53.60   6.125   1.784     150.956  123.544   22.420   0.233
282.10  53.60   5.571   2.934     128.453  99.804   16.826   0.379
282.10  53.60   4.839  32.221     108.770  21.408   15.419   0.466
282.10  53.60   4.286   5.160     91.446  39.734   23.817   0.321
282.10  53.60   4.054   0.889     76.212  58.003   19.626   0.321
282.10  53.60   3.294   6.018     62.383  17.472   19.621   0.233
282.10  53.60   6.390   0.334     178.791  175.380   16.832   0.204
282.10  53.60   5.866   4.198     150.956  192.298   21.028   0.233
282.10  53.60   5.222   1.760     108.770  125.105   14.022   0.350
282.10  53.60   0.263   0.832      6.184  15.199   16.837   0.321
265.60  58.70   8.560  10.779     229.878  108.621   36.995   0.314
265.60  58.70   8.304  12.451     229.878  137.184   26.908   0.257
265.60  58.70   0.115   0.297      0.000   6.829   18.499   0.285
265.60  58.70   7.876   4.817     196.194  142.184   25.226   0.256
265.60  58.70   7.447   9.899     167.484  88.323   25.229   0.228
265.60  58.70   5.534   8.386     89.164  25.898   21.866   0.285
265.60  58.70   5.163  12.289     75.493   5.678   20.184   0.285
265.60  58.70   4.137   1.037     52.603  32.478   21.866   0.314
265.60  58.70   3.452   2.204     42.858  10.544   21.866   0.342
265.60  58.70   3.595   0.198     42.858  39.148   23.547   0.228
265.60  58.70   3.082   0.084     34.374  35.731   30.277   0.285
265.60  58.70   2.026   0.031     20.250  23.848   25.232   0.257
265.60  58.70   1.798   0.511     20.250  22.142   21.872   0.285
265.60  58.70   2.111   0.314     20.250   8.721   25.232   0.342
265.60  58.70   0.970   0.046      9.021  11.965   23.544   0.171
265.60  58.70   0.742   1.775      4.344  13.622   16.823   0.200
265.60  58.70   6.792   0.679     142.938  138.707   26.908   0.257
265.60  58.70   5.597  24.254     89.164  212.577   25.226   0.171
265.60  58.70   3.797   3.039     52.603  103.075   30.271   0.399
265.60  58.70   2.825   0.337     34.374  30.659   23.544   0.314
244.90  67.90  11.162   4.301     183.971  155.090   14.572   0.265
244.90  67.90  10.818   3.354     183.971  153.412   18.009   0.265
244.90  67.90  10.820   6.706     183.971  131.984   20.575   0.318
244.90  67.90   6.963   1.627     38.525  24.397   11.140   0.265
244.90  67.90  10.371   5.754     150.853  118.317   13.709   0.371
244.90  67.90   9.761   0.679     122.022  120.954   11.997   0.291
244.90  67.90  10.294  15.901     150.853  96.897   13.714   0.318
244.90  67.90  10.136   6.699     122.022  89.200   12.857   0.318
244.90  67.90  10.800  87.378     183.971  71.986   12.000   0.371
244.90  67.90  10.296  25.694     150.853  73.754   15.432   0.238
244.90  67.90   8.817  15.844     78.703  28.484   12.857   0.238
244.90  67.90   8.311   1.039     63.608  54.252   14.572   0.238
244.90  67.90   7.944   7.258     53.037  20.863   12.000   0.212
244.90  67.90   7.148   0.457     38.525  35.520   11.143   0.238
244.90  67.90   6.620   1.678     33.257  15.862   14.572   0.238
244.90  67.90   4.050   0.083     13.540  16.137   11.997   0.265
244.90  67.90   4.735   6.905     16.292  58.064   17.143   0.239
244.90  67.90   4.101   5.171     13.540  44.418   13.712   0.318
244.90  67.90   2.566   2.005      6.723  22.297   11.143   0.292
244.90  67.90   1.904   2.706      4.963  26.653   13.717   0.212
244.90  67.90   1.164   0.908      2.123   7.018   13.712   0.186
244.90  67.90   0.979   0.110      2.123   6.181   12.854   0.212
244.90  67.90   0.740   2.472      0.982   6.206   12.000   0.159
232.00  52.00  13.876   0.128     82.580  67.947   51.895   0.565
232.00  52.00  11.886   7.596     23.376   7.870    5.638   0.619
232.00  52.00  10.111  436.813      6.229  116.261    5.265   0.484
232.00  52.00   8.766  59.140      3.492  55.401    6.769   0.403
232.00  52.00  10.407   0.252      9.178  12.452    6.768   0.699
232.00  52.00  11.133   2.484     13.648   3.768    6.392   0.430
232.00  52.00  11.402   5.589     14.135  -0.757    6.394   0.242
232.00  52.00   8.686   3.495      3.302  12.909    5.265   0.457
232.00  52.00   7.476   0.388      4.917   8.829    6.392   0.215
232.00  52.00   6.938   1.574      5.226  12.615    6.017   0.242
232.00  52.00   6.158   3.723      4.892  12.652    4.137   0.350
232.00  52.00   6.077   0.130      4.892   4.758    5.264   0.215
232.00  52.00   5.244   3.762      3.881  11.943    4.513   0.323
232.00  52.00   4.571   2.431      3.337  10.846    4.888   0.269
232.00  52.00   3.818   0.452      3.044   1.104    5.264   0.323
232.00  52.00   3.630   0.689      2.565  -0.015    5.641   0.188
232.00  52.00   3.092   0.221      2.114   0.010    5.641   0.323
232.00  52.00   2.877   0.612      2.114   1.148    5.262   0.161
232.00  52.00   2.582   0.159      1.689   0.410    6.017   0.242
232.00  52.00   2.178   1.985      1.362   6.070    4.512   0.188
232.00  52.00   2.151   1.241      1.362  -1.826    4.136   0.188
232.00  52.00   1.775   0.668      1.362   2.704    4.513   0.296
232.00  52.00   1.829   0.995      1.362  -1.811    4.136   0.269
232.00  52.00   1.425   0.104      1.002   1.592    6.392   0.242
232.00  52.00   1.264   0.981      1.002   2.352    7.896   0.242
232.00  52.00   0.887   0.282      0.648   1.242    6.769   0.215
232.00  52.00   0.726   1.115      0.310   0.873    5.641   0.215
232.00  52.00   0.511   0.012      0.310   0.883    6.017   0.188
232.00  52.00   0.269   2.078      0.310   1.271    6.015   0.161
236.80  49.60  12.664  20.094     66.869  45.653    4.764   0.322
236.80  49.60  12.957  22.512     82.083  57.879    5.102   0.510
236.80  49.60  12.691  29.296     66.869  46.672    3.742   0.483
236.80  49.60  11.832   0.920     49.111  45.706    4.418   0.295
236.80  49.60  11.941   9.010     49.111  33.795    5.104   0.913
236.80  49.60  11.834  14.465     49.111  29.720    5.104   0.966
236.80  49.60  11.216   1.558     35.451  30.439    4.760   0.322
236.80  49.60  12.766   1.243     82.083  80.681    5.779   0.215
263.20  28.20  12.079   0.610     -44.065  -38.061    7.757   0.773
263.20  28.20   9.746   1.269     -18.849  -13.440    5.059   0.693
263.20  28.20   9.560   0.301     -18.849  -14.621    7.757   1.013
263.20  28.20   9.425   3.442     -18.849  -12.091    3.710   0.213
263.20  28.20   9.855   1.533     -22.737  -17.825    4.216   0.347
263.20  28.20   9.535   0.129     -18.849  -17.319    4.384   0.427
263.20  28.20   8.490   1.247     -11.997  -8.044    3.541   0.480
263.20  28.20   8.170   0.174     -8.886  -8.213    5.396   0.427
263.20  28.20   7.796   0.341     -8.886  -7.875    4.890   0.373
263.20  28.20   8.785   2.021     -15.502  -12.260    3.879   0.187
263.20  28.20   8.787   0.998     -15.502  -15.632    7.083   0.213
263.20  28.20   8.255   0.948     -11.997  -16.982    5.734   0.560
263.20  28.20   8.279   0.242     -11.997  -12.260    4.553   0.453
263.20  28.20   7.585   1.257     -5.848  -12.091    5.734   0.320
263.20  28.20   7.182   1.470     -3.824  -6.526    2.698   0.267
263.20  28.20   6.729   2.923     -2.191  -6.020    2.698   0.240
263.20  28.20   6.248   2.645     -1.409  -5.008    2.698   0.267
263.20  28.20   5.077   3.391     -0.392  -9.899    5.228   0.267
263.20  28.20   3.472   0.036      0.469  -0.287    4.216   0.454
263.20  28.20   3.206   0.418      0.584  -0.624    4.722   0.347
263.20  28.20   2.646   0.548      0.701  -0.961    3.035   0.293
263.20  28.20   1.419   0.010      0.299   0.219    5.565   0.827
263.20  28.20   0.885   0.064      0.198   0.219    4.047   0.453
263.20  28.20   0.592   0.148      0.096   0.051    5.565   0.240
263.20  28.20   0.619   0.125      0.096  -1.298    5.902   0.453
263.20  28.20   5.287   2.098     -0.866  -3.828    2.361   0.293
263.20  28.20   4.887   1.389     -0.392  -3.491    2.867   0.240
263.20  28.20   4.594   2.238     -0.062  -2.985    2.024   0.240
263.20  28.20   3.687   2.573      0.469  -3.154    2.698   0.213
263.20  28.20   3.260   2.015      0.469  -2.310    3.204   0.214
263.20  28.20   2.913   1.424      0.584  -1.973    2.192   0.347
263.20  28.20   2.647   1.006      0.701  -2.816    4.047   0.293
263.20  28.20   2.274   1.430      0.701  -3.997    5.565   0.267
263.20  28.20   2.033   0.363      0.433  -1.973    4.047   0.347
263.20  28.20   1.634   0.771      0.299  -2.985    4.553   0.267
263.20  28.20   1.340   1.230      0.299  -2.310    3.710   0.187
263.20  28.20   1.072   0.108      0.198  -0.118    1.686   0.267
263.20  28.20   0.140   0.874      0.000  -1.973    2.698   0.240
263.20  28.20   0.326   0.908      0.096  -0.287    2.024   0.187
263.20  28.20  11.864   4.106     -44.065  -34.519    4.722   0.987
263.20  28.20  11.191   2.275     -30.706  -23.895    4.553   0.987
263.20  28.20  10.550   1.320     -26.641  -21.029    4.890   0.960
263.20  28.20   9.989   0.557     -22.737  -18.836    5.228   0.560
263.20  28.20  10.095   0.821     -22.737  -18.499    4.722   0.773
263.20  28.20   9.294   0.170     -18.849  -16.813    5.734   0.986
263.20  28.20   8.493   0.101     -11.997  -13.440    4.553   0.507
263.20  28.20   7.905   0.242     -8.886  -10.911    4.553   0.453
263.20  28.20   7.877   0.016     -8.886  -9.224    6.071   1.093
263.20  28.20   7.211   1.739     -3.824  -10.742    5.565   0.480
263.20  28.20   6.249   1.633     -1.409  -7.538    5.059   0.613
269.80  30.00  14.181   0.320     -62.096  -69.667   39.269   0.341
269.80  30.00  12.550   0.124     -50.231  -46.284   12.558   0.315
269.80  30.00  12.320   0.535     -50.231  -72.588   36.677   0.446
269.80  30.00  10.411   8.945     -28.867  -100.224   23.919   0.420
269.80  30.00  10.221   1.982     -25.145  -68.722   35.680   0.315
269.80  30.00   9.408   8.107     -21.498  -70.087   17.143   0.341
269.80  30.00   8.935   8.848     -18.261  -69.671   17.342   0.262
269.80  30.00  10.869   0.477     -33.005  -36.055    6.379   0.262
269.80  30.00  10.238   1.362     -25.145  -29.254    4.982   0.289
269.80  30.00  10.081   1.154     -25.145  -29.248    3.987   0.262
269.80  30.00   9.922   0.996     -25.145  -22.465    2.790   0.288
269.80  30.00   9.531   0.951     -21.498  -34.809   13.753   0.262
269.80  30.00   8.823   1.791     -18.261  -34.384   13.555   0.289
269.80  30.00   9.239   1.015     -18.261  -20.047    4.188   0.262
269.80  30.00   7.927   1.122     -11.422  -16.211    4.785   0.210
269.80  30.00   7.510  17.173     -8.197  -26.361    4.384   0.210
269.80  30.00   5.804   1.099     -3.102  -21.115   18.540   0.498
269.80  30.00   5.462   1.992     -2.336  -18.311   11.361   0.315
269.80  30.00   5.776   4.812     -3.102  -14.536    5.781   0.236
269.80  30.00   4.938   3.141     -1.671  -20.285   10.568   0.315
269.80  30.00   5.094   3.349     -1.671  -15.706    7.774   0.315
269.80  30.00   5.067   6.854     -1.671  -13.114    4.385   0.315
269.80  30.00   4.491   2.613     -1.126  -17.877   10.366   0.262
269.80  30.00   4.385   3.308     -1.126  -12.491    6.378   0.315
269.80  30.00   2.994   5.251      0.048  -7.256    3.187   0.367
269.80  30.00  11.128   0.953     -33.005  -21.513   12.759   0.341
269.80  30.00  11.156   0.999     -33.005  -27.295    6.577   0.315
269.80  30.00   9.791   0.499     -25.145  -21.463    6.979   0.446
269.80  30.00   8.923   0.998     -18.261  -13.657    4.782   0.289
269.80  30.00   7.926   0.315     -11.422  -10.031    2.990   0.236
269.80  30.00   7.637   0.561     -8.197  -9.423    2.591   0.236
269.80  30.00   7.375   0.189     -8.197  -8.217    3.787   0.288
269.80  30.00   7.322   0.853     -8.197  -6.819    3.787   0.210
269.80  30.00   6.981   0.024     -5.899  -6.408    3.587   0.315
269.80  30.00   6.666   0.651     -4.079  -5.998    3.389   0.288
269.80  30.00   6.377   0.450     -4.079  -5.189    3.391   0.210
269.80  30.00   6.062   0.230     -3.102  -4.978    4.383   0.289
269.80  30.00   5.800   0.807     -3.102  -4.171    3.586   0.236
269.80  30.00   5.485   0.263     -2.336  -3.960    3.189   0.262
269.80  30.00   5.223   0.973     -1.671  -3.751    3.389   0.288
269.80  30.00   4.908   0.395     -1.671  -3.341    3.388   0.236
269.80  30.00   4.646   0.897     -1.126  -3.131    2.791   0.236
269.80  30.00   4.331   0.795     -1.126  -2.721    2.591   0.262
269.80  30.00   4.042   0.639     -0.553  -2.909    2.991   0.315
269.80  30.00   3.832   0.930     -0.553  -2.503    2.990   0.236
269.80  30.00   3.623   0.814     -0.228  -2.695    3.586   0.210
269.80  30.00   3.386   0.201     -0.228  -2.088    6.978   0.315
269.80  30.00   3.334   0.647     -0.228  -2.285    3.388   0.315
269.80  30.00   2.809   0.722      0.048  -1.867    3.587   0.289
269.80  30.00   2.652   0.706      0.307  -2.060    4.383   0.236
269.80  30.00   2.599   1.002      0.307  -1.859    2.790   0.157
269.80  30.00   2.390   0.677      0.307  -1.851    3.189   0.236
279.80  25.40   6.331   2.137     -1.126  -4.196    2.685   0.185
279.80  25.40   5.483   3.385      0.202  -5.043    2.853   0.265
279.80  25.40   4.821   5.256      0.439  -4.212    2.182   0.212
279.80  25.40   4.583   1.669      0.461  -3.878    3.524   0.212
279.80  25.40   4.397   1.296      0.461  -3.545    4.027   0.185
279.80  25.40   4.318   2.599      0.461  -2.203    2.349   0.159
279.80  25.40   3.974   1.900      0.639  -3.046    2.685   0.212
279.80  25.40   3.338   2.082      0.603  -2.885    2.852   0.212
279.80  25.40   2.887   1.114      0.551  -2.050    2.853   0.212
279.80  25.40   2.702   1.897      0.519  -1.885    2.853   0.185
279.80  25.40   2.490   0.495      0.519  -1.719    3.188   0.212
279.80  25.40   2.331   2.321      0.519  -1.721    2.685   0.132
279.80  25.40   1.934   0.389      0.412  -1.557    3.524   0.238
279.80  25.40  10.596   0.170     -25.923  -26.466    6.208   0.238
279.80  25.40   9.934   0.161     -21.940  -23.956    5.872   0.318
279.80  25.40   9.245   5.940     -14.439  -27.152    6.208   0.185
279.80  25.40   9.166   1.103     -14.439  -17.589    5.704   0.185
279.80  25.40   8.927   1.735     -14.439  -19.772    4.195   0.212
279.80  25.40   8.768   1.085     -14.439  -17.257    7.551   0.238
279.80  25.40   8.636   1.467     -11.015  -17.091    5.536   0.265
279.80  25.40   8.397   2.766     -11.015  -20.449    5.873   0.238
279.80  25.40   8.159   6.581     -7.837  -22.801    6.040   0.238
279.80  25.40   7.973   2.682     -7.837  -17.433    5.873   0.238
279.80  25.40   7.497   0.078     -4.802  -8.210   12.248   0.185
279.80  25.40   7.417   6.999     -4.802   0.010    1.846   0.185
279.80  25.40   7.550   0.231     -4.802  -10.391   12.919   0.238
279.80  25.40   7.417   0.600     -4.802  -13.748   12.919   0.238
279.80  25.40   7.285   0.695     -4.802  -12.072   14.933   0.318
279.80  25.40   7.073   0.773     -2.750  -14.926   14.765   0.238
279.80  25.40   6.967   0.807     -2.750  -9.726    7.886   0.212
279.80  25.40   6.808   1.732     -2.750  -7.379    5.704   0.185
279.80  25.40   6.596   1.904     -1.126  -19.797   14.597   0.185
279.80  25.40   6.066   1.057     -0.326  -15.440   15.269   0.238
279.80  25.40   4.980   0.408      0.439  -8.908   14.765   0.238
279.60  32.70   6.322   1.962     -6.032  -2.870    2.364   0.429
279.60  32.70   6.150   0.793     -4.960  -3.048    2.546   0.314
279.60  32.70   5.979   0.793     -4.960  -3.044    2.181   0.143
279.60  32.70   5.751   1.588     -4.960  -3.585    2.183   0.229
279.60  32.70   5.407   0.888     -4.060  -2.668    1.636   0.229
279.60  32.70   5.236   1.434     -3.267  -2.664    2.909   0.200
279.60  32.70   5.064   0.146     -3.267  -2.660    2.364   0.229
279.60  32.70   4.836   0.649     -3.267  -2.473    2.181   0.229
279.60  32.70   4.579   0.136     -2.602  -2.285    2.364   0.229
279.60  32.70   3.549   0.128     -1.536  -1.353    1.999   0.143
279.60  32.70   3.292   0.876     -1.536  -0.983    2.546   0.228
279.60  32.70   2.978   0.004     -1.185  -1.158    2.363   0.343
279.60  32.70   2.407   0.281     -0.857  -2.054    3.091   0.257
279.60  32.70   2.092   0.166     -0.622  -1.320    3.635   0.257
279.60  32.70   0.663   0.668     -0.120  -0.014    2.182   0.200
279.60  32.70   2.778   0.658     -1.185  -0.608    2.545   0.286
279.60  32.70   2.006   0.159     -0.622   0.319    2.363   0.285
279.60  32.70   1.463   0.142     -0.426  -0.760    0.909   0.429
286.10  41.20   6.267   0.684     -12.001  -11.430    3.107   0.289
286.10  41.20   6.007   0.313     -9.962  -11.801    3.292   0.347
286.10  41.20   5.545   0.215     -8.216  -9.618    3.658   0.173
286.10  41.20   5.343   1.115     -8.216  -9.988    2.193   0.231
286.10  41.20   5.199   1.300     -6.612  -9.260    4.571   0.202
286.10  41.20   5.025   0.189     -6.612  -8.533    4.570   0.231
286.10  41.20   4.823   1.122     -6.612  -8.903    3.840   0.202
286.10  41.20   4.563   0.554     -5.266  -8.178    4.206   0.231
286.10  41.20   4.390   0.984     -5.266  -7.633    3.108   0.173
286.10  41.20   4.130   0.619     -3.996  -6.360    3.293   0.404
286.10  41.20   3.957   0.740     -3.996  -6.912    3.474   0.231
286.10  41.20   3.697   1.066     -3.086  -5.638    3.290   0.289
286.10  41.20   3.408   0.410     -3.086  -4.914    3.291   0.289
286.10  41.20   3.177   0.810     -2.322  -4.370    3.107   0.289
286.10  41.20   2.830   0.641     -2.322  -4.013    3.107   0.289
286.10  41.20   2.542   0.230     -1.655  -3.471    4.021   0.260
286.10  41.20   2.137   2.145     -1.159  -5.308    2.925   0.376
286.10  41.20   1.733   1.252     -0.752  -3.307    2.744   0.375
286.10  41.20   1.473   2.474     -0.752  -4.775    2.559   0.549
286.10  41.20   0.722   0.729     -0.185  -1.136    2.559   0.289
286.10  41.20   5.776  25.296     -9.962  -23.689    2.742   0.462
286.10  41.20   3.177   3.929     -2.322  -11.683    5.120   0.231
286.10  41.20   3.061   2.966     -2.322  -8.578    3.656   0.318
286.10  41.20   2.484   3.989     -1.655  -6.763    2.559   0.231
286.10  41.20   2.108  24.909     -1.159  -12.073    2.194   0.260
286.10  41.20  10.888   0.109     -35.213  -35.639    2.377   0.404
286.10  41.20  10.368  27.104     -34.304  -21.939    2.377   0.722
286.10  41.20  10.253  19.165     -34.304  -19.931    3.291   0.809
286.10  41.20   9.819  22.681     -32.635  -20.489    2.560   0.433
286.10  41.20   9.762  18.508     -32.635  -23.233    2.194   0.635
286.10  41.20   8.866   2.160     -27.578  -23.619    2.741   0.491
286.10  41.20   9.098  15.250     -27.578  -18.312    2.377   0.433
286.10  41.20   8.578   6.019     -24.814  -20.335    1.829   0.549
286.10  41.20   7.480   5.850     -18.201  -13.778    1.829   0.260
286.10  41.20   7.711  10.955     -18.201  -11.031    2.194   0.404
286.10  41.20   7.105   8.684     -15.121  -10.314    1.644   0.289
286.10  41.20   6.845   8.421     -15.121  -6.663    2.925   0.635
286.10  41.20   6.238   1.468     -9.962  -7.408    2.559   0.347
286.10  41.20   5.343   1.000     -8.216  -6.149    2.377   0.318
286.10  41.20   3.841   0.288     -3.996  -4.355    1.829   0.318
286.10  41.20   3.090   0.106     -2.322  -2.544    2.378   0.289
286.10  41.20   2.455   0.053     -1.655  -1.279    3.109   0.231
286.10  41.20   2.397   0.170     -1.655  -0.183    3.657   1.126
286.10  41.20   1.329   0.598     -0.752  -1.305    2.559   0.231
289.50  41.60   4.143   2.855     -0.323  -6.667    3.786   0.657
289.50  41.60   4.143   5.129     -0.323  -5.670    2.391   0.400
289.50  41.60   3.286   3.058      0.071  -5.272    3.188   0.429
289.50  41.60   2.943   1.943      0.336  -4.076    3.188   0.343
289.50  41.60   2.229   1.715      0.585  -3.877    3.786   0.400
289.50  41.60   1.914   0.802      0.585  -3.080    4.185   0.457
289.50  41.60   1.857   4.077      0.585  -4.873    2.790   0.286
289.50  41.60   1.600   0.807      0.546  -1.486    2.391   0.343
289.50  41.60   1.343   1.182      0.546  -1.884    2.591   0.286
289.50  41.60   1.000   0.361      0.430  -1.486    3.188   0.314
289.50  41.60   0.686   0.583      0.232  -1.286    3.786   0.286
289.50  41.60   0.257   0.810      0.232  -0.888    3.786   0.286
289.50  41.60   9.114  11.870     -16.132  -27.790    3.388   0.686
289.50  41.60  10.257  29.728     -18.166  -33.370    2.790   1.429
289.50  41.60  10.543  31.280     -18.166  -33.768    2.790   0.657
289.50  41.60  10.486  45.093     -18.166  -35.562    2.591   0.714
289.50  41.60   9.971  47.762     -18.274  -37.554    2.790   0.600
289.50  41.60   4.514  86.378     -1.064  -26.993    2.790   1.200
289.50  41.60   5.314  97.841     -2.847  -34.366    3.188   0.543
289.50  41.60   0.886  154.653      0.430  -31.775    2.591   0.343
289.50  41.60   3.543  23.697      0.071  -15.435    3.188   0.200
289.50  41.60   3.343  24.516      0.071  -14.638    2.989   0.286
289.50  41.60   3.600  24.951      0.071  -10.851    2.192   0.286
289.50  41.60   3.400  14.380      0.071  -10.453    2.790   0.257
289.50  41.60   9.171   2.202     -16.132  -20.217    2.790   0.714
289.50  41.60   8.486   0.310     -14.481  -16.033    2.790   0.571
289.50  41.60   6.314   0.414     -5.438  -3.678    2.989   0.714
289.50  41.60   5.543   0.343     -2.847  -4.475    2.790   0.886
289.50  41.60   5.400   2.062     -2.847  -8.261    3.786   0.771
289.50  41.60   5.286   6.351     -2.847  -8.261    2.192   0.429
289.50  41.60   4.886  13.973     -1.788  -8.460    1.793   0.314
289.50  41.60   3.486   2.709      0.071  -2.880    1.793   0.543
289.50  41.60   2.171   0.170      0.585  -0.489    3.786   0.571
289.50  41.60   2.429   1.192      0.517  -2.482    2.790   0.371
289.50  41.60   2.200   0.584      0.585  -1.286    3.786   0.343
289.50  41.60   0.400   0.235      0.232   1.504    2.989   0.429
289.90  43.60   7.200  11.227      6.417  -15.146    6.667   0.229
289.90  43.60   5.943   3.484      6.592  -4.214    5.831   0.257
289.90  43.60   5.714   5.376      6.503  -5.863    5.831   0.229
289.90  43.60   5.400   2.568      6.503  -3.338    6.245   0.343
289.90  43.60   5.000   2.832      6.342  -2.057    4.991   0.343
289.90  43.60   5.000   1.466      6.342  -1.224    6.250   0.314
289.90  43.60   4.743   2.160      6.085  -1.204    5.831   0.314
289.90  43.60   4.343   2.049      6.085  -2.006    6.250   0.257
289.90  43.60   4.086   1.623      5.826  -1.986    6.667   0.171
289.90  43.60   3.829   1.684      5.826  -1.132    6.250   0.257
289.90  43.60   3.657   1.529      5.284  -0.286    5.833   0.200
289.90  43.60   3.314   1.294      5.284   0.158    5.833   0.257
289.90  43.60   3.000   1.503      4.686   0.599    3.333   0.143
289.90  43.60   2.800   1.763      4.686   0.198    7.081   0.171
289.90  43.60   2.543   0.523      4.049   0.218    5.414   0.286
289.90  43.60   2.171   0.614      3.296   0.247    5.417   0.314
289.90  43.60   2.000   0.194      3.296   1.094    5.000   0.229
289.90  43.60   1.686   0.445      2.511   0.702    5.831   0.314
289.90  43.60   1.371   0.276      2.511   0.726    5.414   0.314
289.90  43.60   1.200   0.632      1.699   0.740    5.831   0.257
289.90  43.60   0.886   0.297      1.699   0.347    6.248   0.229
289.90  43.60   0.657   0.476      0.854   1.199    5.414   0.229
289.90  43.60   0.371   0.255      0.854   1.221    5.412   0.257
289.90  43.60   0.200   1.012      0.000   2.068    4.164   0.229
289.90  43.60  10.457  56.469     24.468  -22.484    6.250   0.229
289.90  43.60   9.886  59.324     18.397  -23.272    5.414   0.371
289.90  43.60   9.657  25.650     13.973  -23.671    7.502   0.229
289.90  43.60   9.314  38.593     13.973  -26.978    6.667   0.200
289.90  43.60   9.171  54.883     10.718  -26.133    5.000   0.229
289.90  43.60   8.657  28.747      8.379  -22.760    5.829   0.343
289.90  43.60   7.829  29.075      7.191  -23.945    5.831   0.229
289.90  43.60   7.629  24.611      6.460  -24.346    6.250   0.229
289.90  43.60   6.200   9.917      6.592  -11.318    5.833   0.286
289.90  43.60   8.743  75.470      8.379  -45.683    6.248   0.314
289.90  43.60   6.257  84.737      6.899  -50.489    6.250   0.371
289.90  43.60   2.571  46.656      4.049  -41.451    6.662   0.600
289.90  43.60   2.086  57.366      3.296  -37.663    5.414   0.229
289.90  43.60   0.771  69.565      1.699  -36.310    4.583   0.257
289.90  43.60   0.257  74.848      0.854  -52.937    6.248   0.286
289.90  43.60   4.143   0.597      5.826   0.926    6.667   0.600
289.90  43.60   5.171   1.899      6.342  -0.404    5.836   0.229
289.90  43.60   5.000   1.149      6.342  -0.807    6.671   0.171
289.90  43.60   3.171   0.184      4.686   4.752    6.667   0.400
289.90  43.60   2.886   0.328      4.686   3.525    4.167   0.229
289.90  43.60   2.914   0.042      4.686   5.189    4.162   0.514
295.70  45.80   7.991   0.226     -25.693  -24.643    2.216   0.290
295.70  45.80   6.249   0.633     -15.460  -15.958    3.425   0.319
295.70  45.80   5.263   0.507     -13.034  -14.334    2.619   0.464
295.70  45.80   4.914   0.172     -10.809  -9.897    2.417   0.493
295.70  45.80   4.451   0.585     -8.830  -10.496    2.216   0.348
295.70  45.80   4.915   0.406     -10.809  -11.912    2.015   0.261
295.70  45.80  10.112  38.039     -28.834  -46.226    2.820   1.565
295.70  45.80   9.792  21.809     -28.834  -41.991    2.820   1.014
295.70  45.80   7.991   0.237     -25.693  -27.262    3.223   0.840
295.70  45.80   7.240  29.750     -20.952  -36.318    2.821   0.927
295.70  45.80   7.154  43.146     -20.952  -38.130    2.619   0.435
295.70  45.80   4.626   3.483     -8.830  -15.132    3.424   0.406
295.70  45.80   2.976  64.666     -4.123  -25.184    2.619   0.464
295.70  45.80   1.991  62.828     -2.229  -26.179    3.022   0.348
295.70  45.80  12.499  127.497     -10.584  28.084    3.425   0.435
295.70  45.80   8.762  210.561     -28.826  17.857    3.223   0.261
295.70  45.80   8.358  207.756     -27.733  10.005    2.619   0.493
295.70  45.80   6.075   0.985     -15.460  -12.934    2.619   0.319
295.70  45.80   5.814   0.310     -15.460  -14.945    3.224   0.348
295.70  45.80   4.277   0.996     -8.830  -9.889    4.029   0.232
295.70  45.80   4.016   0.711     -6.939  -9.483    3.022   0.290
295.70  45.80   3.842   1.108     -6.939  -9.078    3.022   0.203
295.70  45.80   3.610   1.453     -5.447  -8.470    3.223   0.145
295.70  45.80   3.493   0.063     -5.447  -6.454    4.029   0.319
295.70  45.80   3.203   0.409     -4.123  -6.048    4.835   0.406
295.70  45.80   3.058   0.231     -4.123  -6.247    4.634   0.406
295.70  45.80   2.855   0.322     -4.123  -4.633    4.432   0.261
295.70  45.80   2.594   0.120     -2.939  -3.824    4.835   0.319
295.70  45.80   2.420   0.178     -2.939  -3.419    3.223   0.203
295.70  45.80   2.217   0.634     -2.229  -3.215    3.626   0.290
295.70  45.80   1.869   0.224     -2.229  -3.412    5.036   0.319
295.70  45.80   1.783   4.252     -2.229  -6.030    2.015   0.261
295.70  45.80   1.579   0.178     -1.517  -2.401    3.022   0.261
295.70  45.80   1.434   0.083     -1.517  -1.392    3.223   0.232
295.70  45.80   1.231   0.730     -0.925  -1.792    2.821   0.290
295.70  45.80   0.883   0.513     -0.925  -2.392    2.619   0.261
295.70  45.80   0.622   0.492     -0.430  -1.784    2.417   0.290
290.50  47.80  13.164  13.409     188.211  143.604   12.288   0.340
290.50  47.80  11.805   0.331     139.059  127.405   28.486   0.482
290.50  47.80   6.296   0.876      3.031  -1.063    8.378   0.255
290.50  47.80   5.814   0.538      0.723   0.054    7.820   0.255
290.50  47.80   2.665   0.946     -1.679   2.288    7.820   0.198
290.50  47.80   0.509   0.004     -0.435   0.054    7.820   0.425
290.50  47.80  11.719   5.130     113.333  130.757    7.820   0.539
290.50  47.80  12.828  100.153     188.211  115.676    7.261   0.284
290.50  47.80  13.511  243.922     210.863  106.180    6.703   0.482
290.50  47.80  12.802  100.579     188.211  104.504    8.378   0.227
290.50  47.80  13.201  272.294     188.211  96.126    5.586   0.284
290.50  47.80  12.405  48.965     161.969  103.387    8.378   0.340
290.50  47.80  12.296  171.217     161.969  81.604    6.144   0.568
290.50  47.80  11.786  66.344     139.059  75.460    7.820   0.482
290.50  47.80  10.709   0.787     77.890  72.108    7.820   0.425
290.50  47.80  10.825  41.304     96.406  57.027    6.144   0.369
290.50  47.80  10.913  95.160     96.406  41.946    5.586   0.284
290.50  47.80  10.686  35.488     77.890  38.036    6.703   0.511
290.50  47.80  12.479  536.229     161.969   6.757    6.703   0.511
290.50  47.80  10.974  243.720     96.406  17.928    5.027   0.369
290.50  47.80  10.861  159.535     96.406  11.784    6.703   0.369
290.50  47.80  10.520  87.666     77.890  15.135    6.703   0.255
290.50  47.80  10.379  74.977     77.890  15.135    7.261   0.227
290.50  47.80   7.658   3.209     10.197   0.054    6.144   0.227
290.50  47.80   7.431   2.138     10.197   0.613    6.703   0.227
290.50  47.80   4.168   0.672     -1.773   3.405    8.378   0.312
290.50  47.80   3.146   1.857     -1.848   6.198    6.703   0.227
290.50  47.80   2.494   1.017     -1.679   5.640    7.261   0.199
290.50  47.80   1.700   2.234     -1.165   4.522    6.144   0.170
290.50  47.80   1.444   0.589     -1.165   4.522    7.820   0.227
290.50  47.80   0.849   0.522     -0.821   1.730    6.144   0.255
290.50  47.80   0.622   0.396     -0.435   2.847   10.054   0.227
290.50  47.80   0.338   1.089     -0.435   2.847    5.027   0.199
290.50  47.80   0.140   0.614      0.000   2.288    6.703   0.198
290.50  47.80  10.352  215.162     77.890  159.802    5.586   0.454
290.50  47.80  10.816   1.531     96.406  107.297    9.495   0.397
290.50  47.80   7.854   0.895     18.177  14.577    8.937   0.171
290.50  47.80   8.055   8.391     18.177  -1.063    6.703   0.142
290.50  47.80   7.829  11.548     18.177  -2.180    6.144   0.227
290.50  47.80   7.630   4.761     10.197  -2.739    6.144   0.227
290.50  47.80   7.318   4.471     10.197  -2.180    6.144   0.284
290.50  47.80   7.119   0.602      5.532  -0.504    8.937   0.312
290.50  47.80   4.024   5.322     -1.773  16.252    7.820   0.255
290.50  47.80   1.473   0.240     -1.165   1.730    6.144   0.199
290.50  47.80   1.388   0.367     -1.165   0.613    5.027   0.227
290.50  47.80   0.619  25.312     -0.435  19.045    3.910   0.170
290.50  47.80   0.423   0.178     -0.435   2.847    8.937   0.369
