3.210410670952931422e+00
3.233987851930866686e+00
3.229406078007374781e+00
3.194754203485012489e+00
3.134324608450181238e+00
3.060315498447425231e+00
2.988632755891615922e+00
2.929448476185827932e+00
2.886425258941977656e+00
2.864278289194874372e+00
2.859853144037153072e+00
2.868378085805900035e+00
2.888283411494579678e+00
2.914733407269654908e+00
2.945869182501768435e+00
2.978629791687792405e+00
3.012383036754232801e+00
3.045027786204038023e+00
3.076209672777530102e+00
3.103401893987753457e+00
3.127499561557046004e+00
3.147745959275034977e+00
3.164508551381973955e+00
3.177579360101356887e+00
3.188174826165929954e+00
3.196570870422889676e+00
3.202880906804828953e+00
3.207479924840425323e+00
3.211133194059984319e+00
3.214038117296045716e+00
3.216066946813717298e+00
3.217840325819708358e+00
3.067231050997541786e+00
3.073622831825169044e+00
3.054907603464347865e+00
3.011147163992738740e+00
2.953592783195673643e+00
2.894050213730055443e+00
2.849175900667908046e+00
2.829645321205153330e+00
2.839899878854125426e+00
2.879994256449223577e+00
2.943759685061449360e+00
3.024982396771532578e+00
3.118528466889872952e+00
3.219623910255576149e+00
3.322825408585561746e+00
3.426463431136437698e+00
3.525531298622236687e+00
3.618576050354135099e+00
3.700407402729570805e+00
3.772910432010750270e+00
3.833564477159896011e+00
3.884210379146427528e+00
3.923280777242138750e+00
3.955716537508128461e+00
3.980032113347944822e+00
3.997262977482042956e+00
4.010507077164552570e+00
4.021222862544642673e+00
4.028808355167702082e+00
4.034396812885023387e+00
4.038549459959368981e+00
4.041978452244907594e+00
2.936145609467403883e+00
2.927797080678270714e+00
2.900053281549296536e+00
2.857768090878109568e+00
2.814106584519254106e+00
2.788746056299783671e+00
2.798674001242477782e+00
2.857625728711934432e+00
2.967336199423854737e+00
3.122745896885739114e+00
3.313956045116667415e+00
3.529337171991058675e+00
3.758547434463218817e+00
3.993628384310777601e+00
4.225866225991399716e+00
4.449721106073786459e+00
4.658920754338391923e+00
4.848147841498693822e+00
5.013282457590704233e+00
5.154170323716148694e+00
5.269036842273863819e+00
5.362003799631607670e+00
5.433955640261526554e+00
5.488860980375079635e+00
5.531264158671945985e+00
5.561321266069303881e+00
5.582180562518220590e+00
5.597621697734593837e+00
5.609616583492160302e+00
5.616980068485561972e+00
5.623478169201671761e+00
5.625995509051834098e+00
2.822378606972136161e+00
2.801648827560687671e+00
2.770645372528427686e+00
2.739471260615135240e+00
2.730187257266905032e+00
2.768695934921859614e+00
2.878739053233049905e+00
3.075358096734503999e+00
3.357708687482661603e+00
3.713494375957310911e+00
4.122526065212847257e+00
4.563994624242181608e+00
5.018867343979749762e+00
5.472403124064327606e+00
5.910061351650424122e+00
6.320835196698165959e+00
6.693948778964569080e+00
7.024797226805471695e+00
7.307652714828357432e+00
7.539898395602087078e+00
7.725838029850143229e+00
7.871171557892443715e+00
7.980419424503388370e+00
8.061686054528383494e+00
8.118988683147923879e+00
8.158612308543562008e+00
8.186929211950218388e+00
8.204870386304875751e+00
8.215966822754358745e+00
8.224989127602661654e+00
8.228431320082034262e+00
8.231486909314392975e+00
2.725795828354103723e+00
2.695409088906078221e+00
2.668652151575800602e+00
2.664181073286225221e+00
2.715947458048077134e+00
2.863313602492396637e+00
3.139669255036888096e+00
3.562751499904412977e+00
4.126242453202312532e+00
4.804894324324183508e+00
5.560619692647282619e+00
6.355212194848305352e+00
7.156164674719692975e+00
7.934381980891493491e+00
8.668031415560836450e+00
9.341855839895590208e+00
9.937994611460336358e+00
1.045089317446240074e+01
1.087836269245881127e+01
1.121996490594824003e+01
1.148533353634950238e+01
1.168277537661124299e+01
1.182413739845858736e+01
1.192495371405126292e+01
1.199159929375041145e+01
1.203512778784694603e+01
1.205749213439355749e+01
1.207152280192186389e+01
1.207680209176174380e+01
1.207735937274395788e+01
1.207472035292616752e+01
1.207012052053885220e+01
2.646173788676521976e+00
2.609368239347183316e+00
2.594759238915844701e+00
2.635451308341586696e+00
2.785844019633603619e+00
3.103605608921242709e+00
3.637688955718513029e+00
4.409155095621463794e+00
5.398249835780887018e+00
6.558600985724956978e+00
7.824068810365924165e+00
9.129107510002830494e+00
1.041373971409911015e+01
1.163395775766278106e+01
1.275630857025266884e+01
1.376052845127628288e+01
1.462686915455713432e+01
1.534900684821661265e+01
1.592907446846086117e+01
1.637642621105984730e+01
1.670524673531573967e+01
1.694249253211603801e+01
1.709917881800855355e+01
1.719635763253475602e+01
1.725145145684591341e+01
1.727562175436319336e+01
1.727988379378009753e+01
1.727107039823456347e+01
1.725796174651457093e+01
1.724184613315068759e+01
1.722189220563387124e+01
1.720723516464758163e+01
2.587769326436374140e+00
2.543930994857747763e+00
2.547697745735047370e+00
2.656785607371065172e+00
2.950303889655625067e+00
3.517121519549307074e+00
4.423585489399319393e+00
5.690952982425882212e+00
7.281896257727233035e+00
9.111216554156262859e+00
1.106692754579384719e+01
1.304022093297249540e+01
1.494630480400381245e+01
1.671255729602908957e+01
1.829205102499698654e+01
1.966539070161742941e+01
2.080994975958310178e+01
2.173241910449441860e+01
2.244107070844376395e+01
2.296082000343413654e+01
2.331406673843539679e+01
2.354474886154487123e+01
2.367625510363529173e+01
2.372935845140816369e+01
2.373716675085649186e+01
2.371627409359188832e+01
2.367255195683451774e+01
2.362346707157215064e+01
2.357138647272447685e+01
2.352299815742538058e+01
2.347888019538360993e+01
2.344208821538390808e+01
2.555223917902661235e+00
2.501887569161435287e+00
2.531413485415644260e+00
2.730678887766893492e+00
3.219471957701749432e+00
4.122942828086483047e+00
5.529894138887973654e+00
7.456751688239648068e+00
9.829244832724361558e+00
1.251144102328195018e+01
1.532643227664591024e+01
1.810503956977414219e+01
2.072337847078360440e+01
2.308138452871800084e+01
2.513405136483962110e+01
2.685115158687463577e+01
2.822964563678910821e+01
2.928529270456829892e+01
3.004925905826696209e+01
3.055848592510042749e+01
3.086591786458798126e+01
3.101756626040884868e+01
3.105144080691118091e+01
3.101200151857463183e+01
3.092850100896501075e+01
3.081513310095775182e+01
3.069546360375107241e+01
3.057510885572236958e+01
3.046816055461331274e+01
3.036758211253907547e+01
3.028255223313205846e+01
3.021069723842707333e+01
2.554499918118934065e+00
2.487053138755752624e+00
2.546994215812050211e+00
2.861006387018677710e+00
3.595904812375291026e+00
4.919392756752347218e+00
6.943030557216442133e+00
9.668916324563628706e+00
1.297120587787418344e+01
1.663662617764251905e+01
2.040531562724949666e+01
2.404213455698632984e+01
2.737238231450524850e+01
3.028129003075638437e+01
3.272086300310441942e+01
3.467250424562410416e+01
3.615152298650664875e+01
3.720617493447468149e+01
3.789442545468807566e+01
3.827400318545159763e+01
3.841912224316359925e+01
3.839231127882456462e+01
3.826010353958925236e+01
3.805396217757384392e+01
3.781799758512421761e+01
3.757229642095612121e+01
3.733789175882634481e+01
3.712265350691138366e+01
3.693094720026376621e+01
3.676725420977712133e+01
3.663179963645871595e+01
3.651506822089152848e+01
2.586923332386800833e+00
2.503110799498569072e+00
2.597913418853662115e+00
3.042880885246056710e+00
4.058714687631325368e+00
5.856912466794922167e+00
8.565756399177299585e+00
1.215508200694777585e+01
1.643538856897056988e+01
2.109079230613563993e+01
2.577370162174734602e+01
3.017689935753902830e+01
3.407231388491687341e+01
3.734885161815014243e+01
3.995649951388879373e+01
4.191896005457279983e+01
4.329334926829447738e+01
4.414374870770409132e+01
4.456704306182780329e+01
4.465785997877062385e+01
4.451311612728068212e+01
4.420225498916835249e+01
4.380248664051140395e+01
4.337127507410654204e+01
4.293502772614228746e+01
4.251661426355427409e+01
4.214080047967123477e+01
4.180826440084673834e+01
4.152190467391127982e+01
4.128524173334130154e+01
4.108945584553000430e+01
4.092892966334758853e+01
2.643542017573036418e+00
2.545057198021015044e+00
2.678318810804595884e+00
3.260736778504320643e+00
4.562109194868368967e+00
6.833144075423300379e+00
1.020114082976395053e+01
1.459511871086465717e+01
1.973972015386310730e+01
2.521715538364756526e+01
3.058472920031186959e+01
3.546693707850607780e+01
3.962411737830588976e+01
4.294062935092979671e+01
4.539960462813611741e+01
4.706584345513851275e+01
4.804587814673743651e+01
4.844910297524696574e+01
4.841416845229103671e+01
4.806132514161419067e+01
4.749345313869885388e+01
4.681821457079256277e+01
4.609043762524892429e+01
4.538083973276916794e+01
4.471157591335816051e+01
4.410559260608111032e+01
4.357411277232392877e+01
4.312349557703239356e+01
4.273765026143342993e+01
4.243074011856099759e+01
4.217469543571569091e+01
4.196993397580598639e+01
2.711291947150787696e+00
2.606069048861285431e+00
2.783272554587613357e+00
3.495952446856628981e+00
5.053313415532477926e+00
7.726878142462148880e+00
1.162990382570392534e+01
1.663315469744315678e+01
2.237336133820462436e+01
2.833528606215049450e+01
3.400098588396682686e+01
3.895370431106867670e+01
4.294260282595170253e+01
4.588551198899272521e+01
4.782271367011271224e+01
4.887431946206277189e+01
4.919451048268255278e+01
4.894355134555569720e+01
4.828522335017181177e+01
4.738111143223004973e+01
4.632541428047827026e+01
4.523426904385702585e+01
4.417127704401109156e+01
4.317947259013932637e+01
4.228864002358766783e+01
4.151221479145181803e+01
4.084438114712968826e+01
4.028521074703551363e+01
3.982737639166329302e+01
3.945271166468209145e+01
3.915243398096772154e+01
3.891763991457504090e+01
2.776332955448901796e+00
2.683728034233812121e+00
2.915062035746435853e+00
3.748077656999077689e+00
5.512919849182887688e+00
8.482321017421984521e+00
1.273314128895283304e+01
1.807526196547412312e+01
2.406395706975611759e+01
3.010602383284174977e+01
3.562626453861356879e+01
4.020611562300018704e+01
4.361515062789272434e+01
4.581883273084214636e+01
4.692778512703140592e+01
4.711922224398507808e+01
4.660677953586654354e+01
4.559781076422531498e+01
4.426979996237448489e+01
4.279547485409654684e+01
4.127853735143943226e+01
3.981608175423553320e+01
3.845888708954628754e+01
3.724809704352630035e+01
3.619804278992223345e+01
3.529213371808761934e+01
3.453995413174931173e+01
3.391799295370283573e+01
3.341561937347544387e+01
3.301089544518347907e+01
3.268927371161525031e+01
3.243637507318661761e+01
2.841255247316242905e+00
2.788450938042129845e+00
3.095417371246753646e+00
4.049214731425518465e+00
5.981033569802561622e+00
9.143934170531403893e+00
1.357141625169255938e+01
1.900251381430278741e+01
2.492908493959166805e+01
3.069862027246628955e+01
3.573258436723684639e+01
3.960291559208948797e+01
4.214747556095333891e+01
4.339257407104908992e+01
4.351054321662876134e+01
4.276363956694057578e+01
4.139469189601768306e+01
3.965001325986492731e+01
3.772073588326438909e+01
3.576680622972791213e+01
3.389536330983366241e+01
3.217349739836238598e+01
3.064257676587349977e+01
2.931219747918759211e+01
2.818312138447349469e+01
2.723929613255029025e+01
2.646375815734564085e+01
2.583662894592132631e+01
2.532796510624153541e+01
2.492533362252008899e+01
2.461082674972693241e+01
2.436227220249378433e+01
2.928291765089507503e+00
2.954567762124949759e+00
3.370461937615502279e+00
4.464324300424127756e+00
6.552853341510960661e+00
9.851747634641107254e+00
1.434788077002992068e+01
1.971652325520188853e+01
2.539065665932348281e+01
3.069279976301023538e+01
3.504074056215593913e+01
3.805951514988871764e+01
3.962818973879393525e+01
3.985530109809266719e+01
3.900299573848657531e+01
3.736792652055076047e+01
3.524261566657620648e+01
3.289753773636373069e+01
3.051244100834166417e+01
2.824013094147284164e+01
2.616332502272055649e+01
2.432829620492144329e+01
2.274813047190601623e+01
2.140988565853612258e+01
2.030026077955710306e+01
1.939645996650983761e+01
1.866324791784350978e+01
1.807653145643585546e+01
1.761112610489243835e+01
1.724572406816155379e+01
1.696174849501197812e+01
1.674122206698268300e+01
3.083034855586303635e+00
3.229822740729935138e+00
3.798530076185180793e+00
5.068817202936733324e+00
7.332126664249106085e+00
1.076617874384321460e+01
1.530215341882135149e+01
2.055938732153564885e+01
2.593211077780441443e+01
3.072906446698700478e+01
3.437634869198971899e+01
3.654305595933944772e+01
3.718234004635532841e+01
3.647920511413881428e+01
3.475533185419661208e+01
3.237015817391796446e+01
2.964638536265061219e+01
2.685296451381058702e+01
2.417707112327286723e+01
2.174123853099045789e+01
1.959543195891190948e+01
1.777306588099177631e+01
1.624261893792849776e+01
1.498655460394297734e+01
1.397430458031645450e+01
1.316163946818253550e+01
1.251687401972529301e+01
1.200820540082740528e+01
1.161274419877606334e+01
1.130608511438122221e+01
1.106794389796703726e+01
1.088511577682764653e+01
3.352529315720909064e+00
3.659717850993648547e+00
4.422878975399958001e+00
5.912324248799100346e+00
8.388636178332905757e+00
1.198920016523666021e+01
1.659483937013546040e+01
2.177923664458754160e+01
2.690227339868323497e+01
3.126346124956479855e+01
3.429883570306665064e+01
3.572872244799028607e+01
3.556813034798065587e+01
3.406972773700487522e+01
3.162394254161097251e+01
2.862694522892604709e+01
2.544453368116791125e+01
2.233819276513849417e+01
1.948664642486426857e+01
1.698672467415564924e+01
1.486614703299914808e+01
1.311671889475768182e+01
1.169772865045034393e+01
1.056902750485431497e+01
9.680583801445683534e+00
8.985589245853361717e+00
8.446588610730616509e+00
8.030040088168465928e+00
7.712429165673237996e+00
7.467267673723592125e+00
7.281985668914227716e+00
7.139314199880650413e+00
3.761794183486251164e+00
4.255363646006257383e+00
5.241703575672936211e+00
6.976780011618545885e+00
9.698811533983551669e+00
1.350459507310809748e+01
1.822954275591107276e+01
2.341491244900037572e+01
2.838245175275902810e+01
3.242711617979583139e+01
3.499757202965247416e+01
3.584360425661923699e+01
3.502726588373334238e+01
3.287960874698196534e+01
2.983923725721376741e+01
2.635247335175499472e+01
2.280374843693209641e+01
1.946911933162312636e+01
1.650220352874205432e+01
1.398012554602922641e+01
1.191018324151894880e+01
1.025673883487345961e+01
8.959223421124251630e+00
7.955880396260550214e+00
7.187745025896000506e+00
6.605540482750534181e+00
6.165263060581905208e+00
5.833335285837931927e+00
5.584454254900695247e+00
5.397318076019320898e+00
5.256888492524126377e+00
5.151462085503313304e+00
4.291439245387795864e+00
4.974833721321263447e+00
6.186793677340959974e+00
8.172756384562875454e+00
1.114777864155441200e+01
1.517513147785351890e+01
2.005919094940778180e+01
2.530684177379924193e+01
3.021418124039422892e+01
3.405853121591933785e+01
3.629621258014277885e+01
3.669622570678628648e+01
3.537954871361220910e+01
3.270549420954505138e+01
2.917063048284085625e+01
2.528079682869153544e+01
2.142641402899783643e+01
1.789581110780031281e+01
1.484050473909502088e+01
1.230490690624753647e+01
1.028214292290600440e+01
8.710552584017086986e+00
7.511872055591995334e+00
6.612954607361482218e+00
5.946337847669472154e+00
5.454325090936160692e+00
5.093735192234541742e+00
4.829546195966028854e+00
4.635623903337945606e+00
4.494125853698953676e+00
4.389216908779404847e+00
4.312641792598790325e+00
4.876104356067075152e+00
5.729537422407995351e+00
7.145046851801122756e+00
9.354594988053252180e+00
1.255803689595820671e+01
1.679158626084632289e+01
2.183995813173059375e+01
2.717832251615515204e+01
3.208593280561655803e+01
3.581890215335544525e+01
3.783361001620615838e+01
3.790982912969558782e+01
3.619007547528258328e+01
3.309394602881675240e+01
2.915687002339083378e+01
2.492069425888174905e+01
2.080595120263722819e+01
1.710802408198505731e+01
1.396598022351152579e+01
1.141947735045630274e+01
9.428290239984161047e+00
7.915380045853212643e+00
6.795437990082930035e+00
5.976027080232335642e+00
5.386851201618898521e+00
4.962529447476837774e+00
4.661399844961021444e+00
4.446158257423384441e+00
4.294059656345719844e+00
4.184136745523450607e+00
4.106307959563292087e+00
4.050939646021726404e+00
5.421957258091983256e+00
6.412531185318468552e+00
7.987567238540990822e+00
1.037319800409370174e+01
1.375185085068303614e+01
1.815178504037480778e+01
2.332920041502206843e+01
2.875350591791294619e+01
3.367971624945389664e+01
3.734937044985040444e+01
3.920373656091881287e+01
3.903746588774125570e+01
3.701156531502066827e+01
3.357121453850871973e+01
2.930610203136683367e+01
2.478371132706752178e+01
2.045585257684275149e+01
1.661762072898578424e+01
1.340728788573161268e+01
1.085021609331445092e+01
8.886317674273399803e+00
7.427824950944285298e+00
6.369370468610549452e+00
5.617224450617144704e+00
5.087180458466112221e+00
4.717259506319571472e+00
4.462286303598768988e+00
4.285175615322153853e+00
4.162939132952178767e+00
4.078416048092130097e+00
4.019334232915743321e+00
3.978730409760369291e+00
5.856625908814229398e+00
6.938702772714306022e+00
8.619861503343001274e+00
1.111644157673776334e+01
1.460533757301020330e+01
1.910234083047919640e+01
2.436137572050403932e+01
2.983159567180216953e+01
3.476001860666795551e+01
3.837570987834568825e+01
4.011374663984885558e+01
3.976073991275735864e+01
3.749036609699359701e+01
3.378745207006436857e+01
2.925854776771853594e+01
2.451997472434533876e+01
2.002645541964165687e+01
1.609199722599595361e+01
1.284350285313579398e+01
1.029505712888635216e+01
8.375995176423115751e+00
6.975179595869441584e+00
5.980765210433395040e+00
5.289641759691345868e+00
4.817176259979960129e+00
4.496439984088577368e+00
4.281805211113321796e+00
4.138324162562591724e+00
4.041900506642042146e+00
3.977999627899295731e+00
3.934260478758025315e+00
3.905100095506440994e+00
6.127765633974894932e+00
7.260057047833932131e+00
8.992507792309272219e+00
1.153798070572692147e+01
1.506403442049732355e+01
1.958478914165085172e+01
2.485334199493553342e+01
3.031806725109763434e+01
3.521955439402023558e+01
3.878273958747420380e+01
4.041536003858558956e+01
3.991940255412627181e+01
3.746718049094240399e+01
3.356069785553979301e+01
2.884525915043862199e+01
2.394771265380236258e+01
1.935741484521010847e+01
1.537783760866613925e+01
1.213761259173187845e+01
9.632385053733045766e+00
7.776049282118830952e+00
6.452970805147566935e+00
5.536058671968480560e+00
4.914252524847442238e+00
4.503570887159018099e+00
4.234554466031631215e+00
4.060974576808651371e+00
3.949671908699130540e+00
3.878337076320894639e+00
3.833703526243267934e+00
3.804758666149767432e+00
3.786396706687781055e+00
6.228570162502494512e+00
7.373953866814642488e+00
9.108891595465333779e+00
1.163923676254482054e+01
1.513316641634311033e+01
1.960621226534979300e+01
2.481311318105455399e+01
3.021718937126196280e+01
3.505732336694943996e+01
3.855220829147953054e+01
4.010347927283751801e+01
3.949452064943616847e+01
3.691975618920947966e+01
3.287783121405245623e+01
2.804317277982916323e+01
2.306086206331861987e+01
1.843108469624673873e+01
1.446430750432342194e+01
1.127433262411730119e+01
8.850743885532645905e+00
7.091734463497147090e+00
5.866392484368340376e+00
5.043165780768690709e+00
4.503734860322786027e+00
4.162676352454498740e+00
3.950627012331928256e+00
3.822763378617505925e+00
3.746064065099735441e+00
3.701861202683989660e+00
3.676658306391963116e+00
3.662830519754305847e+00
3.655132410152215350e+00
6.178693410566038047e+00
7.303732109248372240e+00
8.998266807982938431e+00
1.146193490582894192e+01
1.485819303062224961e+01
1.921802340213504934e+01
2.430800885076156703e+01
2.960413057072278420e+01
3.435014590216385244e+01
3.776772649834026652e+01
3.924783386145833219e+01
3.856407928017771525e+01
3.591683322900529163e+01
3.180309349229385063e+01
2.692107339839148494e+01
2.191974450217258408e+01
1.731548323477413476e+01
1.341141440322698664e+01
1.032037220616685858e+01
8.013054037014011755e+00
6.377391158162274643e+00
5.271373726520262259e+00
4.556613169365321347e+00
4.112839025728955988e+00
3.849174010544037294e+00
3.699912194296131496e+00
3.620083717164436443e+00
3.581868005289714496e+00
3.565531963459360298e+00
3.561606187714051241e+00
3.563119106866504016e+00
3.567231901068567801e+00
6.008380956114057980e+00
7.087357198050847629e+00
8.704320808190757930e+00
1.105690308167729619e+01
1.431029543549371574e+01
1.849981708892127230e+01
2.341620158634430382e+01
2.856011079968892119e+01
3.318789193299946305e+01
3.651905508482903429e+01
3.794871724032377358e+01
3.723835422496040337e+01
3.456808220457715208e+01
3.045588719937806488e+01
2.558641341731399876e+01
2.063364146949473010e+01
1.610675864769998711e+01
1.230985152608234756e+01
9.352869574319329971e+00
7.189621670643068008e+00
5.697825269724163810e+00
4.727978990257166281e+00
4.131960411142336476e+00
3.789979818533702804e+00
3.609391068202239872e+00
3.526797539471090648e+00
3.498803246907762787e+00
3.500198101209821555e+00
3.513537126895374563e+00
3.531423787270942416e+00
3.549188775480723201e+00
3.565487866866233535e+00
5.750204742654778656e+00
6.760215500326289373e+00
8.274053530985343130e+00
1.047875904265357505e+01
1.354512948220817137e+01
1.752101462214340444e+01
2.222800268257162415e+01
2.718323786132167541e+01
3.167668026819811544e+01
3.492209652892461946e+01
3.632652163066367024e+01
3.562396085034572479e+01
3.298980813865226480e+01
2.893547469199771172e+01
2.414365274121507099e+01
1.929046067507882967e+01
1.488609263648026015e+01
1.123660652376536362e+01
8.436141809618806775e+00
6.435506631496838104e+00
5.101508872701664643e+00
4.274290767933600854e+00
3.803217694131768134e+00
3.565726853975041077e+00
3.471217808520079995e+00
3.456079979617495468e+00
3.480797578058282937e+00
3.521113426786472544e+00
3.564569055637605732e+00
3.605043750091720511e+00
3.638716739464837868e+00
3.666614746850807016e+00
