-94.73  62.48  99.257
-94.27  58.58  298.512
-83.56  53.47  167.984
-78.17  53.12  309.493
-76.93  56.06  115.647
-78.60  58.91  189.042
-78.04  62.18  538.130
-74.90  62.19  559.818
-72.78  61.97  1121.420
-69.73  59.53  330.296
-68.96  58.43  780.970
-63.77  59.21  15.881
-60.99  56.61  47.790
-60.35  53.80  324.536
-57.64  54.15  10.077
-56.66  51.04  70.112
-57.88  49.79  265.079
-58.67  48.39  97.702
-53.72  47.31  32.577
-54.89  49.42  32.322
-63.97  49.79  660.650
-68.37  48.46  248.372
-69.30  48.44  91.168
-71.00  46.88  134.771
-65.61  47.82  163.221
-61.73  47.44   8.895
-62.88  46.12   6.099
-60.77  46.11   2.793
-64.23  45.72   2.986
-63.26  44.70  24.322
-60.01  43.95  59.267
-65.85  43.82   5.532
-65.86  44.55  166.144
-66.62  45.10  73.795
