-1.03  60.34   0.998
-3.12  58.45   2.172
-4.26  57.87   5.937
-4.46  57.49   4.328
-5.36  58.05   2.281
-6.01  57.16   4.092
-5.80  57.58   1.394
-5.50  57.26   2.072
-5.85  56.91   5.052
-5.84  56.76   1.125
-1.98  57.66   2.705
-2.52  56.71   2.580
-3.20  56.38   4.720
-4.15  56.12   3.543
-6.34  55.81   6.236
-5.55  55.79   0.459
-5.04  55.87   1.660
-4.68  55.53   4.717
-1.92  55.69   1.485
-1.73  55.60   1.712
-1.59  55.34   1.375
-1.23  54.63   1.211
-4.45  54.89   3.010
-3.51  54.97   2.903
-3.18  54.90   2.196
-3.31  54.40   3.535
-4.41  54.37   2.816
-2.96  54.08   6.081
-2.99  53.69   1.507
-3.14  53.40   0.901
-3.76  53.30   3.161
-4.06  52.47   0.419
-0.66  53.65   1.315
-0.09  53.66   0.935
0.25  53.31   0.468
0.17  52.74   0.574
0.79  52.97   1.604
1.64  52.49   0.418
-4.93  51.61   0.092
-3.02  51.35   1.309
0.83  51.70   0.188
0.31  51.46   0.866
1.09  51.58   0.116
0.45  50.84   0.584
-1.35  50.80   0.177
-2.12  50.68   0.094
-3.68  50.32   1.431
3.71  53.35  10.277
2.08  53.21   8.487
-5.25  56.07   3.272
-6.14  53.32   0.907
-6.42  52.30   0.957
-9.54  54.32  43.145
-8.46  54.88   1.217
-7.91  55.16   1.617
-7.29  55.26   7.784
-6.85  55.15   5.505
-6.03  55.08   5.845
-5.64  54.55   5.158
-5.72  54.32   2.392
-6.14  53.99   4.278
36.60  68.98   0.338
29.06  70.31   0.510
19.78  69.95   8.863
19.06  69.80  14.515
16.02  69.17   5.922
16.00  68.60   1.532
14.33  68.21   0.446
11.45  64.91  40.894
9.88  63.77  27.975
11.46  63.85  103.963
10.85  63.64  75.636
8.98  63.54  19.918
6.22  62.67   0.355
6.44  62.64   4.762
6.20  62.30   4.520
5.70  62.26   2.117
5.00  60.80   3.915
5.09  60.30   3.477
5.29  60.21   9.749
5.20  59.58   6.474
5.67  59.38   1.344
5.52  59.00   2.456
5.60  58.50   3.541
6.72  58.00   3.794
9.67  58.82   0.740
9.35  58.95   9.671
10.61  60.18  100.246
10.75  60.00  84.529
10.86  59.72  116.205
10.96  59.36  46.490
11.20  58.60  22.086
12.29  58.45  40.013
12.48  58.18  50.620
13.61  58.09  82.358
11.70  57.70   5.045
12.00  57.35  13.728
12.55  56.20  21.145
12.98  55.75   0.821
15.12  56.17   3.805
15.75  56.13   4.621
16.27  57.22  16.099
18.64  57.43   6.544
16.46  59.23  10.147
17.49  59.35   3.699
16.71  60.74  12.854
17.52  63.13   6.588
21.24  65.87  31.232
24.67  66.54  32.122
26.47  64.77  31.092
21.40  62.30  13.345
21.86  61.13   8.839
22.00  60.50   9.078
20.00  60.20   4.183
23.49  59.99   1.902
27.71  60.27   3.797
25.52  60.37  10.078
28.22  60.34  27.624
28.40  59.50  10.720
24.69  59.39   2.256
18.12  54.58  18.529
13.46  54.56   0.651
11.57  56.70   0.265
10.59  55.81   0.105
8.30  55.40   0.032
12.00  55.00   0.090
8.62  53.88   4.674
7.60  53.69   0.317
15.52  77.03   1.024
14.31  78.32   3.754
16.54  78.53   4.574
11.60  78.90  11.525
18.64  80.05   5.885
28.00  80.17   2.322
22.00  79.42   2.792
22.00  78.59   4.887
23.00  78.22   4.780
21.53  77.91   6.130
23.00  77.36   4.621
25.17  76.60  11.140
29.06  78.73   9.709
54.18  80.19  56.363
54.98  80.25  41.957
57.33  80.53  23.863
60.28  80.35  34.813
57.80  80.10  44.474
59.10  80.12  42.978
58.80  79.99  42.031
68.90  76.40   3.368
69.05  76.74   7.797
67.20  76.91  19.799
66.00  76.75  11.609
62.30  76.25  17.506
7.05  53.14   0.605
4.76  52.50   0.147
4.60  51.80   0.142
4.00  51.50   0.325
5.35  52.78   1.004
2.82  51.11   0.246
1.63  50.43   0.448
0.15  49.49   4.269
-1.19  49.40   5.923
