1.300904404469402031e+00
1.298989812933996291e+00
1.301997936444393655e+00
1.317091269538019027e+00
1.347486941935682747e+00
1.393122471527106665e+00
1.452557308929784963e+00
1.519227402730807697e+00
1.586285327201509388e+00
1.648448898703784193e+00
1.704567346788963711e+00
1.752900521049156612e+00
1.789779233524632307e+00
1.823069722512290269e+00
1.853793378413833626e+00
1.879181916202084857e+00
1.901740246906947540e+00
1.924089220475629691e+00
1.942260775647463689e+00
1.958109899083724237e+00
1.971749596327502019e+00
1.982009301956010994e+00
1.991741764841365114e+00
1.999543100605670309e+00
2.003591095126753707e+00
2.007044371071454503e+00
2.009143723274434468e+00
2.014482438431929534e+00
2.015044448518235498e+00
2.015571045517249971e+00
2.016143177919543561e+00
2.015893858214871770e+00
1.279060996851662635e+00
1.281539588719565304e+00
1.288691048856577037e+00
1.309484231868096593e+00
1.347809823460187850e+00
1.404207799256828260e+00
1.471972690628034153e+00
1.549820996582069288e+00
1.627200688756201608e+00
1.699664341520275013e+00
1.763912199742660114e+00
1.818081952045644600e+00
1.865412781997778158e+00
1.908033326705593113e+00
1.944502750689092840e+00
1.978324044664051318e+00
2.010027267336420564e+00
2.037400043384283599e+00
2.062655526791192795e+00
2.082041748082302135e+00
2.098908344116060753e+00
2.112197152307496495e+00
2.122725974248026226e+00
2.129430989309478051e+00
2.137398335543643668e+00
2.140425973365904344e+00
2.142952699551397000e+00
2.145163063718956487e+00
2.147578568632432905e+00
2.148791494352856546e+00
2.148225529420698443e+00
2.149888351385815355e+00
1.253186869957740424e+00
1.260029819819930896e+00
1.274588139090395700e+00
1.300883757185051115e+00
1.348015883329930276e+00
1.411039777848527521e+00
1.489617410832903666e+00
1.576327057934083786e+00
1.663240556315896068e+00
1.746365805249407099e+00
1.819957071510412971e+00
1.884566866940795560e+00
1.941445279313406269e+00
1.991085186743211999e+00
2.037040278776205859e+00
2.078719477180341002e+00
2.115621158191276940e+00
2.149720438730385208e+00
2.179975622673293145e+00
2.203333946299223634e+00
2.223457130198829734e+00
2.238398348840287877e+00
2.249965729143041049e+00
2.259181360184601139e+00
2.263785168204556886e+00
2.268059319343758595e+00
2.270246581825069221e+00
2.272938066290444148e+00
2.273293418498127938e+00
2.274957961321748101e+00
2.274189891874933700e+00
2.274325768096640665e+00
1.225172014295570211e+00
1.235976181381942318e+00
1.253583526779771917e+00
1.289556066372391951e+00
1.342899025676729696e+00
1.414321232286031460e+00
1.500504168912289327e+00
1.594957091988642439e+00
1.691011490458468547e+00
1.780376529661038765e+00
1.862384419750630737e+00
1.936029704432942200e+00
1.999529896375534133e+00
2.056983370517682097e+00
2.110831661236732160e+00
2.159438205262537380e+00
2.203767881965210229e+00
2.241832992460425888e+00
2.275183211779762349e+00
2.300320541438573230e+00
2.320220431785389614e+00
2.336878118297211593e+00
2.347363891566064176e+00
2.356322372390067255e+00
2.361084392289263256e+00
2.365069159655206033e+00
2.364821140818404555e+00
2.366096724938490325e+00
2.365667245551767550e+00
2.365009436665899578e+00
2.366071589570027278e+00
2.363900261805378378e+00
1.196104947504848859e+00
1.209874823277121703e+00
1.233936371717875957e+00
1.273570903086794992e+00
1.331029832258372902e+00
1.408187429511422728e+00
1.499260304609292493e+00
1.596682571541593987e+00
1.698559857058466793e+00
1.793859148195078745e+00
1.879880365786985141e+00
1.958428829696404971e+00
2.028642590100962817e+00
2.091838199588938352e+00
2.151361863472876390e+00
2.204232699478877677e+00
2.251812692374429492e+00
2.292048957578985746e+00
2.325147285955192267e+00
2.351882060854617151e+00
2.371960987582803160e+00
2.386144064271294329e+00
2.394290385411485644e+00
2.399786585554759988e+00
2.401415905189670852e+00
2.402491723290355985e+00
2.401759508466857707e+00
2.400416455356254364e+00
2.398649724913339831e+00
2.397348057298914981e+00
2.396355663950130221e+00
2.395278079936634441e+00
1.170389379333701685e+00
1.186532151307599481e+00
1.213766625387880715e+00
1.256566255916744534e+00
1.316566561940131441e+00
1.393566816781276252e+00
1.483488911033122193e+00
1.581441832195246810e+00
1.682381298244374879e+00
1.776816071382348650e+00
1.864144967489109073e+00
1.944228677513523129e+00
2.015206934659959259e+00
2.080409247554435126e+00
2.141958884328583501e+00
2.195631217633273291e+00
2.244303240069873695e+00
2.284099559354173969e+00
2.314275148039702579e+00
2.338784273959430671e+00
2.355320428513490771e+00
2.364605448233414897e+00
2.370507174248053239e+00
2.371676681980641188e+00
2.371593339517078292e+00
2.368551309843999420e+00
2.364836923622266607e+00
2.362038604198679614e+00
2.359445439104548736e+00
2.354267749729907599e+00
2.350535981217277026e+00
2.348649536884383604e+00
1.152601836598688312e+00
1.170478724859273623e+00
1.199952497190485801e+00
1.243385602634643927e+00
1.299184092856512596e+00
1.371329764953711727e+00
1.454221349720783429e+00
1.545966875678937313e+00
1.638505427446857787e+00
1.726285069956511764e+00
1.810727956126258142e+00
1.886054449377744913e+00
1.955504074813651627e+00
2.019639421761771025e+00
2.077385338606601017e+00
2.128757956362203885e+00
2.174467389669086259e+00
2.210105517165343869e+00
2.236964136991998586e+00
2.255320772658220285e+00
2.268194548098358965e+00
2.273327901400083562e+00
2.272629361947411386e+00
2.270832245816820638e+00
2.266950714631132513e+00
2.260207885613434442e+00
2.254547614612255835e+00
2.248283875221412931e+00
2.243042953060466083e+00
2.237290256758750928e+00
2.232903520664785368e+00
2.229694162488737419e+00
1.144159649379507648e+00
1.163262527178151595e+00
1.193391484754220855e+00
1.231003359563456412e+00
1.281656264532453848e+00
1.340693099964427315e+00
1.411469157571421995e+00
1.486880241308548678e+00
1.566731433040358334e+00
1.644884045023637942e+00
1.718973542147265388e+00
1.788594355343064102e+00
1.853983840082405798e+00
1.913098762597380986e+00
1.969524395394373961e+00
2.017215025114626137e+00
2.058609636185084746e+00
2.091146186693441322e+00
2.112995023732817668e+00
2.128439862324447152e+00
2.136283264287337502e+00
2.137762805058097459e+00
2.134800795668284401e+00
2.129159971167262189e+00
2.123300682198526079e+00
2.115449519866635875e+00
2.107976520423612055e+00
2.102281970480469830e+00
2.096122552327977395e+00
2.090596665077977256e+00
2.086025882925833130e+00
2.081958510229728887e+00
1.143533122549338588e+00
1.164246682764191299e+00
1.189460715336076779e+00
1.220883323368649798e+00
1.257062955586608854e+00
1.301848334908776827e+00
1.353180512589567286e+00
1.410513510483875077e+00
1.472167893754678047e+00
1.539834596776314957e+00
1.605311521883955983e+00
1.671940434682866794e+00
1.734318743136596286e+00
1.793970262715625319e+00
1.846753120844132567e+00
1.892044001806588494e+00
1.929148412141838076e+00
1.957412355985653551e+00
1.975568364770139862e+00
1.986836111058815746e+00
1.990680757515620680e+00
1.989827272316446294e+00
1.984786327316538479e+00
1.978981587855914714e+00
1.972634927823490258e+00
1.964337108960387823e+00
1.957246804068845991e+00
1.950760982921575071e+00
1.944753171586565133e+00
1.940733643357948957e+00
1.936397870551373357e+00
1.932358889036651206e+00
1.149706037883695853e+00
1.166933393923217821e+00
1.186435940712950998e+00
1.207947326701662494e+00
1.229969134737387337e+00
1.254583357592931492e+00
1.284677658016762258e+00
1.322888585933733374e+00
1.373054217573025815e+00
1.429569121154645517e+00
1.492397506095219928e+00
1.553923616849212763e+00
1.615455229939084525e+00
1.671493885762106224e+00
1.720741144190611305e+00
1.762497883747242033e+00
1.797094523595632598e+00
1.820275814281628435e+00
1.837053729048714779e+00
1.846350247343037765e+00
1.850709723984052868e+00
1.850302495155806248e+00
1.847225210584804822e+00
1.844914163501644833e+00
1.841530938405914641e+00
1.838106862315564305e+00
1.835374412910199426e+00
1.834103523089502863e+00
1.831588629554607550e+00
1.830503676106547184e+00
1.829180437711805718e+00
1.828978176586958382e+00
1.159569544360475435e+00
1.173488162450170513e+00
1.186665961900708499e+00
1.196198149211977313e+00
1.202915176652827212e+00
1.208391979136755889e+00
1.217596548801706202e+00
1.240615784961170753e+00
1.278907749411131833e+00
1.331361760249141657e+00
1.390287215758461814e+00
1.451675316686804607e+00
1.511365450780736364e+00
1.567287329882290248e+00
1.615518402132563924e+00
1.656859988200634959e+00
1.690148255792946808e+00
1.715113503672945683e+00
1.732630946636414482e+00
1.747170989680962627e+00
1.757444075848799914e+00
1.765753288181508562e+00
1.772757916403989054e+00
1.778755730667697099e+00
1.784340290021170672e+00
1.788580105814795651e+00
1.792908501227827855e+00
1.796097533991253492e+00
1.799543485441609469e+00
1.801772053547447294e+00
1.803957083633432212e+00
1.805531615426632985e+00
1.179092055832673847e+00
1.189007370689107335e+00
1.194128944597653064e+00
1.192109528792124618e+00
1.180794468599299929e+00
1.168230124926969316e+00
1.160723640179898819e+00
1.171071792279404278e+00
1.203975525476169928e+00
1.253934036001901564e+00
1.315058213316211422e+00
1.379725957003675729e+00
1.442711549014742412e+00
1.499967873825307052e+00
1.549862050356424881e+00
1.591613150648683916e+00
1.625701173441476133e+00
1.651920045350336208e+00
1.673546462164021698e+00
1.691596914804701868e+00
1.706996254516486511e+00
1.720595312309930236e+00
1.733782367105517919e+00
1.745501443850576706e+00
1.756266564329216795e+00
1.766862054923656444e+00
1.775971943076631643e+00
1.784133764899504371e+00
1.791295573497731386e+00
1.796697765209242181e+00
1.801884229050180641e+00
1.805518686412980189e+00
1.211054848087254499e+00
1.215016066528583405e+00
1.210691735934230184e+00
1.197622461032360697e+00
1.172828019185626847e+00
1.143732068566159388e+00
1.120225980877424199e+00
1.119185404385645288e+00
1.147588045589329031e+00
1.197443624278394125e+00
1.260318005069873015e+00
1.326547848152065612e+00
1.390213688903472855e+00
1.446936687914648356e+00
1.494938910426056200e+00
1.533546546414374934e+00
1.565220350413147887e+00
1.590406130709347332e+00
1.612446870452792336e+00
1.631639301544913767e+00
1.650031314644574865e+00
1.667844434725974212e+00
1.686529419085970760e+00
1.704826363141019430e+00
1.723414010514506822e+00
1.741275514444507566e+00
1.757646853472256909e+00
1.772533416116284233e+00
1.786004673581267799e+00
1.797295210575472701e+00
1.806353801218937072e+00
1.814265211361313801e+00
1.253020306115377736e+00
1.250863915199121212e+00
1.239787046421659600e+00
1.216952012330710708e+00
1.183529628461392091e+00
1.143608783094761883e+00
1.107214366080432555e+00
1.093202876166260440e+00
1.113241091453128995e+00
1.156325993503956706e+00
1.213267743436577728e+00
1.274500388696154562e+00
1.333806893640211655e+00
1.385307818309475358e+00
1.427882910232116220e+00
1.461076438081220008e+00
1.487230089628456264e+00
1.509425830598076335e+00
1.529593943554417024e+00
1.549606205045086949e+00
1.571672025263155525e+00
1.595713875737745369e+00
1.622604402685392522e+00
1.651327859003891119e+00
1.680583186259853479e+00
1.709115392291612912e+00
1.736009624704164533e+00
1.759149404243668169e+00
1.779587055808191876e+00
1.796643525752258164e+00
1.809843271002256060e+00
1.821470681278407167e+00
1.302043001016838453e+00
1.295863933346109720e+00
1.281335829097375978e+00
1.257087592896863004e+00
1.222731942827922857e+00
1.180670544405511446e+00
1.137912301531516235e+00
1.110399704919842856e+00
1.115116711333247190e+00
1.140323994614020897e+00
1.180193862768116997e+00
1.227653121418590176e+00
1.276017834764331393e+00
1.317778879668657588e+00
1.350912000180072958e+00
1.376242510288328669e+00
1.395491266423692034e+00
1.412627299483300902e+00
1.430318174467235970e+00
1.451429126633853706e+00
1.477755267222531810e+00
1.510631297120716976e+00
1.547230975840681033e+00
1.586789633709324132e+00
1.626087070235104015e+00
1.663172125599166495e+00
1.696620164130259401e+00
1.725912989890534988e+00
1.749597869797475669e+00
1.770053594522713380e+00
1.786416818253247829e+00
1.797778801648325819e+00
1.351415729516805664e+00
1.347915712855496606e+00
1.336322664710059449e+00
1.316883091417753171e+00
1.286550758216552959e+00
1.246738025972196517e+00
1.201839909729883971e+00
1.165598699491073642e+00
1.154508267680375067e+00
1.159370709807178823e+00
1.175855578704746218e+00
1.204419312050263535e+00
1.237180932145034884e+00
1.266116449038086955e+00
1.286809150247111955e+00
1.300263517784932210e+00
1.309167105867591330e+00
1.318285371451537014e+00
1.330629099041360952e+00
1.350857120641178355e+00
1.379665301384253251e+00
1.416354894918355090e+00
1.458732055097480274e+00
1.503114302602901464e+00
1.545818916289107614e+00
1.586178021447080422e+00
1.622511228949315987e+00
1.653759370960671493e+00
1.679614186928209740e+00
1.699569461450691099e+00
1.715775590597856448e+00
1.728285614797168801e+00
1.402913853704039759e+00
1.403568517447171260e+00
1.398840055359589218e+00
1.385437151138311673e+00
1.360873731863360137e+00
1.324758849857170517e+00
1.283325777483850239e+00
1.243941273399928882e+00
1.215810987297681889e+00
1.202903623103169117e+00
1.206537554869577811e+00
1.231403924873155642e+00
1.257661353136164895e+00
1.273926375708207992e+00
1.278622384188675465e+00
1.274259446819503427e+00
1.265804773888066226e+00
1.258414324470373824e+00
1.257307617905543129e+00
1.267334992774607816e+00
1.287652637667493938e+00
1.318973851944848175e+00
1.355853929268269420e+00
1.396391955440148713e+00
1.436814803750252612e+00
1.473836398603884934e+00
1.507759403464422610e+00
1.535497438532313241e+00
1.559829430257464011e+00
1.577431128874789978e+00
1.591312351176070283e+00
1.602688910779686449e+00
1.447341555582870143e+00
1.453335994264344677e+00
1.455133713148358376e+00
1.449405237171753402e+00
1.432092729548286592e+00
1.405172362165971300e+00
1.376710401824712049e+00
1.341288496275944819e+00
1.308888399713565853e+00
1.315042504623655795e+00
1.348696737413062063e+00
1.380017680574094463e+00
1.395819868131299213e+00
1.394471159119775816e+00
1.378113451645322840e+00
1.351043905190548067e+00
1.318451279790104458e+00
1.286827564078498076e+00
1.261206210347020740e+00
1.245372305993219353e+00
1.242575633747245334e+00
1.252532289029217205e+00
1.272107096051912301e+00
1.296782546526031643e+00
1.324537456811872627e+00
1.351651631510828677e+00
1.377626227792900337e+00
1.398740604503980745e+00
1.416139693909540753e+00
1.429077572020901243e+00
1.440522268971313524e+00
1.446472194262460764e+00
1.478586276288074153e+00
1.490051054514411222e+00
1.498618056312237767e+00
1.500914669201693030e+00
1.498430574370239299e+00
1.497173979670263666e+00
1.491664712542213334e+00
1.479927380740918341e+00
1.485128646702892574e+00
1.529752412489087776e+00
1.581490589841652694e+00
1.612395533967647232e+00
1.617639158128837629e+00
1.600598037334875823e+00
1.565709002970444130e+00
1.519602080269657929e+00
1.466457362363807970e+00
1.413808375453063038e+00
1.366407999903795023e+00
1.328579974075255077e+00
1.301995579795887537e+00
1.286385800931420187e+00
1.279544791936884085e+00
1.279620698420722125e+00
1.284960212036301730e+00
1.291944903135471501e+00
1.301995308881780833e+00
1.310639906179933423e+00
1.318687332021749814e+00
1.325339533043035312e+00
1.330134110207238818e+00
1.333690674394170106e+00
1.494119095264569763e+00
1.512393688403922631e+00
1.531733994480384720e+00
1.555307860378198015e+00
1.587112611315270705e+00
1.619231435167717725e+00
1.645036522867000750e+00
1.675603647690103504e+00
1.725753897805640147e+00
1.802842242561138786e+00
1.863808244967584571e+00
1.889196773720680733e+00
1.883400141643300385e+00
1.853540121136547647e+00
1.803727324505086216e+00
1.739903651084844460e+00
1.667735344910521889e+00
1.596731569081625501e+00
1.531219656661455542e+00
1.475200859873318837e+00
1.431539529614768824e+00
1.399773122114045254e+00
1.378153943387335545e+00
1.364595956786684994e+00
1.356364327379090629e+00
1.351825612839669954e+00
1.348817115678662137e+00
1.347343380128552148e+00
1.345203535416453100e+00
1.344483997488165272e+00
1.342502248691559874e+00
1.340865192688612151e+00
1.517523795447154100e+00
1.553398370135568030e+00
1.598032785935980638e+00
1.652514181095865453e+00
1.713485864418049509e+00
1.777474304691269769e+00
1.844624041096100786e+00
1.919003765799610406e+00
2.007372143142864829e+00
2.098833401867444159e+00
2.155868424139968820e+00
2.173689961264765547e+00
2.160485327760619967e+00
2.120067077287934421e+00
2.055211289996701218e+00
1.973282021166513189e+00
1.882160234691774736e+00
1.792013655738451394e+00
1.709138521711334846e+00
1.638633430621067921e+00
1.581886028374682951e+00
1.538059759990935582e+00
1.505036490120162718e+00
1.481188969773758579e+00
1.464347359807592230e+00
1.451571099509657348e+00
1.442744172448362949e+00
1.436197688204363221e+00
1.431298362400264645e+00
1.426842036260477897e+00
1.423095150761974459e+00
1.420242856711497748e+00
1.611041372080397771e+00
1.659198310447029590e+00
1.720205694548682107e+00
1.793209940999189289e+00
1.877132493575782046e+00
1.969975471311803616e+00
2.069588679914669882e+00
2.170988534011762283e+00
2.280489479985355672e+00
2.372696697546187838e+00
2.422037799586281182e+00
2.434129459404965612e+00
2.415133436288375179e+00
2.364881703421245263e+00
2.285066080373502562e+00
2.184010392375526965e+00
2.073386939312849009e+00
1.963094304806271229e+00
1.862435937735111846e+00
1.776737548881934137e+00
1.707556563563435770e+00
1.652885760553893801e+00
1.610527309111525307e+00
1.578150877829471943e+00
1.553141886224205903e+00
1.534447797479212561e+00
1.520436792126307335e+00
1.509539570029584166e+00
1.501322788267352548e+00
1.494515780754830381e+00
1.489005399331635449e+00
1.484538878978758358e+00
1.739579222462931174e+00
1.796450733447019665e+00
1.866219037016780824e+00
1.950003364034891051e+00
2.047752386830802074e+00
2.156200764925809477e+00
2.269209548392145059e+00
2.387512057789807240e+00
2.506314826424357545e+00
2.591941202455462445e+00
2.636861583680950805e+00
2.646681986274586951e+00
2.622756092278288875e+00
2.561498745033180757e+00
2.464921143880589582e+00
2.343822851423916553e+00
2.212363294114587653e+00
2.082857316707301010e+00
1.964679514532290838e+00
1.863532909096793588e+00
1.781506707292086045e+00
1.715857905526186222e+00
1.664312584975392362e+00
1.624226104532017212e+00
1.592775316720696388e+00
1.568785637323457216e+00
1.550778707022525849e+00
1.536394991211781136e+00
1.525359903928270366e+00
1.517387419332519638e+00
1.510212834350533662e+00
1.504834203922317037e+00
1.860388548018257371e+00
1.919485456255631828e+00
1.992107538746229922e+00
2.078773469814987340e+00
2.179920112809329069e+00
2.291886654719351490e+00
2.411844247809681985e+00
2.544936241638612984e+00
2.662748691052329253e+00
2.741966838059584521e+00
2.785340019625483610e+00
2.795306453718866102e+00
2.766558935894718907e+00
2.691087544952778021e+00
2.575263232108375266e+00
2.434865377095494221e+00
2.284952275898284313e+00
2.138806920726422423e+00
2.006029808257295155e+00
1.891034469873762003e+00
1.796989224715288769e+00
1.721424818232582421e+00
1.661594965748402597e+00
1.613903775963400289e+00
1.577459315204370327e+00
1.548919458844306485e+00
1.527005919335886919e+00
1.510329803383255509e+00
1.497208625730100717e+00
1.487240255571475878e+00
1.479723723576340966e+00
1.473407340404923271e+00
1.943093325524650083e+00
2.000705596632185390e+00
2.069789200232290849e+00
2.152950880294915326e+00
2.250314148882193610e+00
2.360936250006786530e+00
2.493043066255027806e+00
2.629992497308363042e+00
2.741450955555509328e+00
2.819295757149866244e+00
2.865921191749109198e+00
2.877446476733628522e+00
2.839333184446435787e+00
2.747607588237495957e+00
2.615076046047213332e+00
2.457842069704860855e+00
2.293464987666719246e+00
2.134909846215206297e+00
1.989785384911053168e+00
1.864887924744252246e+00
1.761843065680342768e+00
1.678295498673966657e+00
1.611756006004074315e+00
1.558623551463475643e+00
1.517278828119852152e+00
1.484859181192711430e+00
1.459869600756024122e+00
1.440975678232154777e+00
1.425865608988468036e+00
1.414946127863144110e+00
1.406616509334327025e+00
1.399921442416363737e+00
1.974608882706106794e+00
2.025409317050073987e+00
2.087584418352967042e+00
2.162547117968226296e+00
2.254709379323442953e+00
2.372140714335911227e+00
2.508682940231179437e+00
2.639446069843594422e+00
2.748221278160075443e+00
2.830288326337486282e+00
2.883434411475159109e+00
2.892742062650241586e+00
2.844342916265215848e+00
2.740095812395921371e+00
2.595894396285100214e+00
2.428609848306127361e+00
2.255351474905650022e+00
2.088232328043799768e+00
1.936377033967685790e+00
1.803865403656108146e+00
1.693305591925810205e+00
1.603855622769297717e+00
1.531457016161320350e+00
1.474235159967892894e+00
1.429202500287888755e+00
1.393905341787273988e+00
1.366380702784734780e+00
1.345700674688237175e+00
1.329730382675399447e+00
1.317721899537737773e+00
1.308620210815610641e+00
1.301552814734584951e+00
1.948490966259064594e+00
1.992940934618442350e+00
2.046994836033823262e+00
2.117757719709567610e+00
2.211727595336962615e+00
2.330137006529743093e+00
2.459687780734665985e+00
2.585376697625739517e+00
2.696926995158601681e+00
2.787869591231309840e+00
2.846022716565853372e+00
2.850652024268239604e+00
2.795410761125909804e+00
2.684802420946819979e+00
2.536181750816911773e+00
2.367856052408618961e+00
2.192446810699411941e+00
2.021838844847197336e+00
1.865163900590260715e+00
1.727599680819301042e+00
1.612777503608487262e+00
1.518199762097312888e+00
1.442200128054131447e+00
1.380952731643204423e+00
1.332696374843952425e+00
1.294745376562009831e+00
1.265599852754262233e+00
1.243177383549258774e+00
1.226239260482286264e+00
1.213899261862086743e+00
1.204290449185417167e+00
1.196907153111669508e+00
