29.40  70.10   9.956  43.932     67.143  33.936    5.013   0.188
29.40  70.10   5.949   6.117     36.870  23.277    5.515   0.250
29.40  70.10   4.676   6.708     26.389  15.716    4.510   0.167
29.40  70.10   4.530   2.400     26.389  18.719    5.011   0.125
29.40  70.10   4.404   9.528     26.389  15.707    3.508   0.188
29.40  70.10   4.217   5.283     23.242  16.202    4.010   0.146
29.40  70.10   4.008   2.804     23.242  15.694    4.510   0.146
29.40  70.10   3.882   7.167     23.242  10.678    5.012   0.125
29.40  70.10   3.716   3.307     19.972  14.682    5.011   0.146
29.40  70.10   3.444   3.520     19.972  10.663    5.013   0.209
29.40  70.10   2.818   2.336     16.818   8.638    6.516   0.209
29.40  70.10   1.232   2.550      5.247   4.575    5.514   0.146
29.40  70.10   0.752   3.237      5.247   2.554    4.511   0.146
29.40  70.10   0.419   0.346      2.581   4.548    4.011   0.250
29.40  70.10   3.173   1.464     16.818  10.654    6.515   0.229
29.40  70.10   8.661  32.482     53.252  24.871    5.012   0.250
29.40  70.10   8.328  13.293     53.252  33.380    5.513   0.313
19.00  69.80  14.589  13.428     50.446  39.842    2.902   0.317
19.00  69.80  13.657   8.657     45.143  52.734    2.639   0.254
19.00  69.80  12.288   3.819     33.803  30.264    2.110   0.211
19.00  69.80  11.655   0.486     27.616  27.077    2.638   0.232
19.00  69.80   9.441  41.981     20.475   5.104    2.374   0.232
19.00  69.80   8.025  11.712     18.031   9.011    2.637   0.211
19.00  69.80   7.200   5.768     18.077  11.093    3.165   0.211
19.00  69.80   6.777   4.108     18.077  13.716    2.637   0.190
19.00  69.80   6.080   1.566     16.535  13.427    2.638   0.190
19.00  69.80   5.045   0.742     13.965  11.544    2.902   0.211
19.00  69.80   4.201   3.366     11.508   7.822    2.638   0.169
19.00  69.80   2.448   0.240      7.117   5.913    3.165   0.169
10.90  63.60  12.248   3.136     159.357  169.468    7.175   0.231
10.90  63.60  11.891   0.534     159.357  155.135    7.175   0.252
10.90  63.60  11.261   2.085     150.157  143.423    5.870   0.273
10.90  63.60  11.008  11.257     140.528  118.652    6.521   0.168
10.90  63.60  10.987  30.305     140.528  108.218    5.870   0.189
10.90  63.60   9.790  11.239     114.269  91.314    7.174   0.210
10.90  63.60   9.244   6.853     93.649  71.772    9.130   0.231
10.90  63.60   6.303   4.070     59.889  43.204    9.130   0.231
10.90  63.60   4.097   0.706     32.225  26.996    7.173   0.231
5.10  60.30  13.088  33.050     44.043  29.181    2.594   0.186
5.10  60.30  12.921  18.080     44.043  31.070    3.066   0.186
5.10  60.30  11.799   1.801     34.889  38.163    3.538   0.207
5.10  60.30   8.930  22.929     22.317   9.906    2.594   0.331
5.10  60.30   8.847  31.099     22.317   9.908    2.359   0.082
5.10  60.30   8.517  12.974     21.190  10.149    3.066   0.227
5.10  60.30   8.226  10.128     20.031  12.276    2.594   0.207
5.10  60.30   8.184  18.138     20.031  12.277    1.887   0.165
5.10  60.30  14.054  118.590     54.901  34.354    1.887   0.640
5.10  60.30  13.954  102.267     54.901  31.054    2.359   0.186
5.10  60.30  13.646  90.031     51.191  28.936    2.359   0.145
5.10  60.30  11.860   6.874     34.889  39.813    1.887   0.558
5.10  60.30  12.130   6.209     34.889  38.394    1.415   0.476
5.10  60.30  12.089   1.262     34.889  36.979    1.887   0.476
5.10  60.30  11.945   1.278     34.889  36.746    1.651   0.475
5.10  60.30  11.014   7.792     32.487  38.411    2.123   0.290
5.10  60.30  11.595   1.163     31.890  34.629    2.594   0.434
5.10  60.30  11.763   1.947     34.889  31.796    2.358   0.497
5.10  60.30  11.476   0.557     31.890  29.442    3.302   0.288
5.10  60.30  10.819   9.716     32.487  24.499    2.594   0.372
5.10  60.30  10.513  19.002     29.596  19.316    2.358   0.228
5.10  60.30  10.498  75.636     29.596  13.184    1.887   0.227
5.10  60.30  10.768  82.878     32.487  11.057    2.358   0.413
5.10  60.30  10.562  101.527     29.596  10.588    1.887   0.289
5.10  60.30  10.397  56.419     29.596  10.119    2.594   0.413
5.10  60.30  10.419  99.173     29.596   8.468    2.123   0.248
5.10  60.30  10.153  74.119     25.452   5.170    2.358   0.372
5.10  60.30   6.944   5.511     19.054  13.004    2.594   0.207
5.10  60.30   6.283   4.468     18.175  12.542    3.066   0.207
5.10  60.30   5.603   3.321     15.108  10.195    2.831   0.186
5.10  60.30   5.046   1.691     13.539   9.024    3.538   0.186
5.10  60.30   4.820   8.590     13.539   8.320    1.887   0.186
5.10  60.30   4.490   3.326     12.113   7.382    2.595   0.248
5.10  60.30   3.911   1.403     10.793   7.627    2.832   0.228
5.10  60.30   3.045   0.848      7.831   5.989    2.122   0.145
5.10  60.30   2.859   1.271      7.831   5.992    3.302   0.144
5.10  60.30   2.592   1.585      6.405   3.874    2.123   0.228
5.10  60.30   2.241   2.256      5.021   3.880    3.066   0.166
9.40  58.90  10.319   2.921     91.433  100.587    5.750   0.291
9.40  58.90  10.489   1.612     91.433  82.808    6.793   0.457
9.40  58.90  10.016  33.911     81.917  51.487    5.226   0.395
9.40  58.90   9.602  19.695     75.378  43.155    7.316   0.187
9.40  58.90   8.625  17.207     63.295  39.565    5.751   0.291
9.40  58.90   6.796   7.721     49.539  28.719    7.840   0.250
9.40  58.90   6.317   5.015     45.313  28.230    7.839   0.354
9.40  58.90   4.467   2.522     28.169  21.565    4.179   0.208
9.40  58.90   3.927   2.106     24.443  18.468    4.181   0.292
9.40  58.90   3.053   0.082     17.286  17.483    5.745   0.187
9.40  58.90   2.700   1.515     13.986  12.805    4.700   0.166
9.40  58.90   2.534   0.205     13.986  12.294    4.697   0.125
9.40  58.90   2.285   2.570     13.986  10.743    5.224   0.146
9.40  58.90   8.771  36.672     69.252  34.852    5.747   0.250
9.40  58.90   8.335  61.147     63.295  30.702    4.179   0.291
10.80  59.80  12.240   2.066     196.378  185.763    9.322   0.274
10.80  59.80  11.102   7.809     171.584  145.932    9.322   0.211
10.80  59.80  10.323  17.658     156.374  121.356    8.475   0.232
10.80  59.80   9.986  31.929     138.985  81.525   10.169   0.211
10.80  59.80   8.996  13.619     114.232  79.831    9.322   0.190
10.80  59.80   6.973  10.047     77.704  53.559    7.627   0.168
10.80  59.80   5.857   6.797     62.585  43.390    7.627   0.211
10.80  59.80   3.434   0.770     30.915  25.593    6.780   0.168
10.80  59.80  12.662   0.357     212.951  212.034    9.322   0.274
10.80  59.80  12.261   2.009     212.951  212.881    7.627   0.168
10.80  59.80  11.313  32.285     182.808  216.271    5.932   0.274
10.80  59.80  10.829   0.712     171.584  169.661    8.475   0.211
10.80  59.80  10.934   0.646     171.584  164.576    9.322   0.232
10.80  59.80  10.555   1.122     156.374  145.932   10.169   0.211
10.80  59.80   7.437  12.961     85.658  55.254    8.475   0.211
12.00  57.40  12.326   3.369     71.660  77.081    3.421   0.188
12.00  57.40  12.159   8.258     63.795  71.483    2.799   0.188
12.00  57.40  11.971   3.491     63.795  68.995    2.799   0.146
12.00  57.40  11.783   1.347     63.795  63.397    3.732   0.188
12.00  57.40  11.260   5.628     58.735  51.268    3.732   0.188
12.00  57.40  11.135  17.663     58.595  47.225    2.799   0.125
12.00  57.40  10.884  13.420     58.595  42.871    4.354   0.188
12.00  57.40  10.111  25.568     49.172  30.431    3.732   0.188
12.00  57.40   9.777  64.497     49.172  17.057    4.043   0.188
12.00  57.40   3.949   6.276     17.968  10.215    3.110   0.209
12.00  57.40   2.256   3.933     10.374   5.239    3.421   0.188
17.70  59.50  10.217  30.575     141.773  84.771   10.415   0.276
17.70  59.50  10.069  34.385     141.773  85.580    9.613   0.149
17.70  59.50   9.771  54.939     141.773  83.193    8.008   0.191
17.70  59.50   8.664  46.207     110.497  51.213    8.811   0.170
17.70  59.50   6.670  10.087     79.306  56.926    7.209   0.255
17.70  59.50   6.414  14.688     79.306  45.727    8.811   0.212
17.70  59.50   5.842  12.958     71.527  48.961    6.408   0.212
17.70  59.50   5.481  10.513     64.139  43.373    6.408   0.191
17.70  59.50   5.458  15.971     64.139  35.365    7.209   0.212
17.70  59.50   5.268  15.829     64.139  37.778    7.209   0.148
17.70  59.50   5.097  12.525     56.455  31.379    7.210   0.148
17.70  59.50   4.970  36.744     56.455  32.187    4.005   0.191
17.70  59.50   4.802   3.063     56.455  43.410    8.811   0.213
17.70  59.50   4.461   3.569     49.634  34.617    8.008   0.170
17.70  59.50   4.524   5.664     49.634  30.609    8.009   0.170
17.70  59.50   4.333   8.580     49.634  25.814    8.812   0.148
17.70  59.50   4.056   6.688     43.247  22.624    8.010   0.234
17.70  59.50   3.866   4.769     43.247  25.037    8.810   0.191
17.70  59.50   3.782   3.822     43.247  31.450    8.010   0.170
17.70  59.50   3.547   2.945     36.997  25.054    7.209   0.106
17.70  59.50   3.250   7.233     36.997  21.866    7.209   0.149
17.70  59.50   3.102   1.076     30.621  21.874   11.215   0.148
17.70  59.50   2.975   0.039     30.621  29.090    9.610   0.212
17.70  59.50   2.953   1.040     30.621  23.484    7.209   0.191
17.70  59.50   2.549   0.996     24.819  17.098    8.011   0.191
17.70  59.50   2.061   0.508     19.357  14.721    8.811   0.127
17.70  59.50   1.849   1.919     19.357  13.131    8.811   0.127
17.70  59.50   1.296   3.088     14.178   8.354    8.008   0.127
17.70  59.50   1.169   4.012      9.284   7.560    6.407   0.085
17.70  59.50   1.042   0.096      9.284  10.771    8.007   0.170
17.70  59.50   0.575   0.346      4.619   6.791    7.208   0.148
17.70  59.50   0.108   2.013      0.000   3.612    5.607   0.085
17.70  59.50   9.981  82.902     141.773  61.556    8.811   0.213
17.70  59.50   9.768  103.269     141.773  60.766    8.010   0.233
17.70  59.50   9.537  25.430     130.067  77.599   10.412   0.190
17.70  59.50   9.302  52.100     130.067  61.592    9.613   0.170
17.70  59.50   9.047  49.908     119.769  63.207    8.010   0.233
17.70  59.50  10.069  38.468     141.773  87.182    8.812   0.233
17.70  59.50   9.579  40.081     130.067  74.392    8.809   0.212
17.70  59.50   9.453  16.288     130.067  81.608   12.014   0.340
17.70  59.50   8.986  16.413     119.769  80.832    9.612   0.340
17.70  59.50   8.816  15.978     119.769  76.035   11.208   0.212
17.70  59.50   8.432  21.354     110.497  62.439   10.413   0.297
17.70  59.50   9.174  51.764     119.769  56.793    8.811   0.212
17.70  59.50   7.776  25.988     101.759  73.688    5.607   0.234
17.70  59.50   0.936   0.165      9.284   7.572   12.016   0.169
17.70  59.50   0.511   0.020      4.619   3.590    8.010   0.191
19.90  64.00   8.900   9.896     217.507  176.609   13.190   0.189
19.90  64.00   8.669   7.046     198.252  162.295   14.389   0.189
19.90  64.00   6.320  21.566     135.708  86.307   10.791   0.231
19.90  64.00   3.087   2.277     51.465  32.185   13.190   0.231
23.30  60.10   8.834  58.276     87.561  41.007    6.132   0.208
23.30  60.10   8.710  56.349     81.343  40.384    5.519   0.187
23.30  60.10   8.542  42.796     81.343  45.276    5.519   0.145
23.30  60.10   8.419  124.509     81.343  40.360    3.679   0.124
23.30  60.10   8.251  36.074     81.343  45.252    6.132   0.208
23.30  60.10   7.921  36.003     75.181  38.480    6.132   0.187
23.30  60.10   7.649  24.755     71.087  43.976    5.520   0.187
23.30  60.10   7.671  35.034     71.087  39.072    5.519   0.146
23.30  60.10   7.484  22.557     71.087  39.057    6.745   0.187
23.30  60.10   7.152  40.677     66.194  39.030    4.294   0.187
23.30  60.10   6.986  21.469     66.194  37.790    6.132   0.125
23.30  60.10   6.801  35.270     66.194  34.095    5.519   0.166
23.30  60.10   6.592  14.196     60.355  35.305    6.745   0.146
23.30  60.10   6.489  26.102     60.355  35.296    4.906   0.146
23.30  60.10   6.012  23.691     54.226  30.352    4.905   0.166
23.30  60.10   5.846  31.522     54.226  30.338    4.292   0.208
23.30  60.10   5.079  33.431     43.066  25.370    3.066   0.228
23.30  60.10   4.934  10.506     43.066  25.358    5.519   0.145
23.30  60.10   4.291   9.158     37.949  21.626    6.130   0.146
23.30  60.10   4.229   9.164     33.138  20.395    6.132   0.104
23.30  60.10   4.063   5.945     33.138  19.768    5.519   0.228
23.30  60.10   3.876  546.050     33.138  19.139    0.625   0.019
23.30  60.10   3.565   3.843     28.315  17.887    5.517   0.124
23.30  60.10   3.399   4.491     28.315  16.034    6.134   0.145
23.30  60.10   3.337   6.718     28.315  15.416    5.519   0.146
23.30  60.10   3.129   3.082     23.931  16.012    4.905   0.187
23.30  60.10   2.860   3.480     23.931  14.151    6.132   0.145
23.30  60.10   2.424   4.726     19.564  10.436    4.294   0.166
23.30  60.10   2.257   3.584     19.564  13.488    6.747   0.146
23.30  60.10   1.947   0.908     15.361   8.557    7.360   0.229
23.30  60.10   1.740   1.855     11.326   7.927    7.358   0.187
23.30  60.10   1.615   0.840     11.326   7.917    7.357   0.145
23.30  60.10   1.448   0.108     11.326  10.356    5.520   0.187
23.30  60.10   0.848   1.490      7.400   2.948    5.520   0.166
23.30  60.10   0.536   0.117      3.626   2.310    7.360   0.125
23.30  60.10   1.948   2.050     15.361   6.718    6.132   0.208
23.30  60.10   4.127   8.053     33.138  13.028    7.360   0.166
23.30  60.10   3.607   3.389     28.315  15.438    7.358   0.187
23.30  60.10   3.296   7.109     28.315  12.347    6.745   0.166
23.30  60.10   3.213   3.231     23.931  13.566    6.745   0.228
23.30  60.10   2.590   0.862     19.564  13.515    7.358   0.208
23.30  60.10   2.487   5.152     19.564   9.828    4.292   0.166
23.30  60.10   2.363   2.652     19.564   7.978    7.971   0.187
23.30  60.10   2.406   6.407     19.564   4.302    6.743   0.083
23.30  60.10   2.052   1.548     15.361   6.726    7.360   0.125
23.30  60.10   1.636   0.999     11.326   6.079    9.200   0.166
23.30  60.10   1.346   2.710     11.326   3.602    6.132   0.145
23.30  60.10   1.243   3.303      7.400   2.981    6.132   0.145
23.30  60.10   0.848   1.659      7.400   4.175    7.971   0.125
24.90  59.40   6.076  13.086     36.133  21.449    4.091   0.168
24.90  59.40   5.468   8.062     32.555  19.667    4.546   0.211
24.90  59.40   4.210   3.623     22.674  13.835    5.455   0.211
24.90  59.40   2.238   1.714     10.696   8.499    6.361   0.189
24.90  59.40   1.903   0.984     10.696   6.702    4.546   0.210
24.90  59.40   8.282  35.676     50.469  21.315    5.000   0.168
24.90  59.40   7.190  26.814     43.270  20.472    4.546   0.147
24.90  59.40   5.678   5.985     32.555  19.200    5.908   0.190
24.90  59.40   4.315   5.377     25.749  14.283    5.454   0.189
24.90  59.40   2.638   2.697     13.567   8.021    4.547   0.125
24.90  59.40   1.903   0.701     10.696   6.247    6.364   0.210
24.90  59.40   5.866  15.320     36.133  20.552    4.091   0.148
24.90  59.40   5.299   8.691     32.555  20.132    4.999   0.127
24.90  59.40   5.152   7.369     28.989  19.686    3.637   0.168
24.90  59.40   4.437   1.300     25.749  21.548    4.091   0.127
24.90  59.40   4.147   2.717     22.674  14.748    5.454   0.189
24.90  59.40   1.819   0.983     10.696   7.616    6.364   0.210
10.70  57.70   5.645  13.415     26.240  13.235    3.738   0.127
10.70  57.70   5.561   8.013     26.240  13.913    4.418   0.127
10.70  57.70   5.455   9.746     26.240  13.571    4.078   0.148
10.70  57.70   5.286  16.767     26.240  13.567    3.398   0.127
10.70  57.70   5.138  12.266     23.168  13.224    3.058   0.106
10.70  57.70   4.968   8.193     23.168  11.521    4.078   0.169
10.70  57.70   4.820   8.365     23.168  12.197    4.078   0.169
10.70  57.70   4.694  12.428     20.552  10.835    3.058   0.127
10.70  57.70   4.524  10.029     20.552   9.812    3.398   0.127
10.70  57.70   4.377  20.518     20.552   8.449    2.718   0.148
10.70  57.70   4.208   8.568     18.030   5.387    4.758   0.169
10.70  57.70   4.017  13.621     18.030   6.742    3.059   0.233
10.70  57.70   3.827  11.673     18.030   5.718    3.738   0.190
10.70  57.70   3.763  26.882     18.030   6.057    2.379   0.191
10.70  57.70   3.552   8.267     15.426   5.712    3.398   0.169
10.70  57.70   3.383   8.659     15.426   5.708    3.398   0.169
10.70  57.70   3.192   6.820     12.866   4.684    3.398   0.190
10.70  57.70   2.663   2.990     10.437   5.012    4.078   0.148
10.70  57.70   2.452   2.977     10.437   5.347    3.059   0.106
10.70  57.70   2.198   2.427      8.101   5.341    2.380   0.190
10.70  57.70   2.071   1.443      8.101   4.659    3.059   0.169
10.70  57.70   1.775   2.460      8.101   4.992    3.738   0.169
10.70  57.70   1.648   0.977      5.881   4.310    3.398   0.169
10.70  57.70   1.500   0.405      5.881   3.287    4.078   0.127
