5.052052981827655742e+01
5.075482672939541118e+01
5.099790711259544906e+01
5.123783358846419844e+01
5.149242409494854655e+01
5.180547231683735276e+01
5.219342441945471478e+01
5.269802850424898821e+01
5.330233018949827795e+01
5.402548697224990804e+01
5.482409154712015464e+01
5.566672450395871863e+01
5.652536232502848179e+01
5.736615982627043309e+01
5.815696151729910213e+01
5.886586000081948811e+01
5.949565659527281980e+01
6.003133525541309723e+01
6.048581821820751969e+01
6.087439768699325526e+01
6.118610771522404690e+01
6.144371965542246272e+01
6.166303207076624915e+01
6.184238541503457043e+01
6.197679175287321840e+01
6.209606133390910543e+01
6.218440509495019342e+01
6.227077691541335014e+01
6.233171157462420808e+01
6.237498186317124294e+01
6.241307045523123520e+01
6.244353368171868368e+01
4.928587293230671662e+01
4.957829049600237425e+01
4.987209988332733701e+01
5.020125483255246479e+01
5.057148347708365321e+01
5.103237143057478420e+01
5.160633332839061893e+01
5.232549580075432516e+01
5.318179912681026167e+01
5.415661066742373464e+01
5.522326927105314098e+01
5.634161950924362827e+01
5.745544655476389551e+01
5.854497275891701236e+01
5.954972851643393028e+01
6.046323299695236386e+01
6.125974645192545154e+01
6.194157971204626278e+01
6.251888193600146337e+01
6.299061955552590319e+01
6.337906664877445451e+01
6.369939121349429456e+01
6.396422024917246318e+01
6.416715801949854381e+01
6.433742551157189382e+01
6.447175361467104437e+01
6.458648254381816400e+01
6.467386302263420816e+01
6.474396200595276696e+01
6.479929559971974129e+01
6.484222529069941743e+01
6.488114037003215628e+01
4.789282858727975167e+01
4.816630178504475879e+01
4.846604660056645741e+01
4.882154893922027128e+01
4.925517547500283655e+01
4.981395712630692429e+01
5.053656744062361383e+01
5.143687949774459867e+01
5.249829298966752589e+01
5.371341702544598462e+01
5.502878768748803395e+01
5.638320323892084929e+01
5.773262423961013212e+01
5.902501412736266673e+01
6.022325432351632912e+01
6.129217544419928032e+01
6.221805004173283749e+01
6.300149060350124586e+01
6.365942792781249437e+01
6.418985681366604013e+01
6.462086551848069860e+01
6.496887974840628033e+01
6.524301302045073214e+01
6.545977340672757805e+01
6.562822274067913497e+01
6.576731206461519719e+01
6.587940066983850329e+01
6.597032224999905736e+01
6.603379330504229472e+01
6.609530869642182438e+01
6.613923195078577066e+01
6.617278814760972239e+01
4.645087400831839375e+01
4.663266504802779622e+01
4.687421794164246336e+01
4.717366693605346484e+01
4.758763664896495982e+01
4.817581222706890287e+01
4.896204911823973305e+01
4.997654253620214604e+01
5.118253532802375361e+01
5.255526519695623477e+01
5.402606170546182796e+01
5.553943856264853451e+01
5.703068563571843441e+01
5.843942906085187872e+01
5.973380778931230850e+01
6.087021632425887674e+01
6.184453871420347326e+01
6.265273952212929487e+01
6.330147886824718739e+01
6.382212392006347557e+01
6.423223958499167452e+01
6.454920043030777776e+01
6.478954997216845868e+01
6.497657404951283411e+01
6.512012669390902886e+01
6.522866832846844432e+01
6.531421899426018740e+01
6.537824444887304765e+01
6.543280975188525872e+01
6.547397836977444285e+01
6.551419533654417648e+01
6.553680273942823931e+01
4.504864566907124868e+01
4.508185033052998136e+01
4.516755008364877000e+01
4.532575302681444640e+01
4.562431861259629784e+01
4.613079570951965991e+01
4.687868452368061156e+01
4.788040508801292106e+01
4.911962279068722381e+01
5.052994526574261869e+01
5.203442938099916404e+01
5.357086465425081201e+01
5.505796950027947645e+01
5.645136379784958081e+01
5.769534834260332445e+01
5.876309279337363733e+01
5.965193897434246395e+01
6.036074320950272920e+01
6.090928468701729770e+01
6.132281013630737476e+01
6.162057736219461646e+01
6.183137772120738163e+01
6.198215519260902084e+01
6.207563267057401646e+01
6.214848889883133154e+01
6.219189220557979780e+01
6.222639560142732051e+01
6.225206640835755678e+01
6.226826073952930329e+01
6.228349451653986790e+01
6.229918368507797766e+01
6.231028319663430892e+01
4.378103851759494347e+01
4.360278142085840614e+01
4.345358778734281202e+01
4.337403138489365517e+01
4.344259480689894559e+01
4.373587864058102070e+01
4.431856790018944281e+01
4.517961961935191084e+01
4.630119589192297980e+01
4.759572468202097184e+01
4.898665636697559478e+01
5.038199479736870501e+01
5.170671751930061077e+01
5.291065387445522106e+01
5.394911535235549138e+01
5.480111900129075053e+01
5.546234912184751664e+01
5.594862995668408701e+01
5.628117359598995506e+01
5.649071389134243759e+01
5.660127895072413651e+01
5.663823941147305163e+01
5.664141675152845323e+01
5.660947411205842883e+01
5.656973786220177658e+01
5.652459128609270067e+01
5.648039653838586105e+01
5.644667965960071143e+01
5.641567438165748882e+01
5.638770900596189506e+01
5.636851767154329451e+01
5.635584498149738408e+01
4.271135996896923359e+01
4.226313859518965899e+01
4.179612831087691660e+01
4.138363061914603946e+01
4.110907565346438730e+01
4.107745018012688121e+01
4.134615171623412522e+01
4.194307491770262430e+01
4.281393545230142195e+01
4.386505123162578457e+01
4.500440310920148335e+01
4.612624598597246006e+01
4.715370053052514265e+01
4.803854058025346774e+01
4.874759062389537689e+01
4.926538580380873356e+01
4.960768563481686755e+01
4.979045736066434813e+01
4.983662106103709277e+01
4.978203164937225722e+01
4.966348677970432135e+01
4.950271493313450577e+01
4.932499579875424445e+01
4.915221164267369858e+01
4.899333400079242296e+01
4.884546797533544549e+01
4.872461093110997865e+01
4.862056999253977807e+01
4.853605592492024101e+01
4.847055438448390419e+01
4.842009725954764576e+01
4.837799982312382951e+01
4.182729397666928861e+01
4.105551629643507994e+01
4.022020875893819181e+01
3.938695127866091639e+01
3.867628710291785410e+01
3.820680681443494109e+01
3.806957992200345586e+01
3.829314808402100567e+01
3.882271252093341474e+01
3.955964027200651856e+01
4.037759618512689741e+01
4.116427174357146868e+01
4.183975926446542815e+01
4.236364128353722691e+01
4.270246795243755145e+01
4.286630644051190586e+01
4.286998271861206433e+01
4.274193329346459791e+01
4.251256343945794214e+01
4.221853115376059407e+01
4.189219224571183275e+01
4.155774141441298042e+01
4.123961486218127703e+01
4.094753047977848581e+01
4.069585702123766424e+01
4.047306576737052097e+01
4.029171179429381056e+01
4.014341805582921552e+01
4.002561547636475581e+01
3.992921249537182149e+01
3.985264569132345258e+01
3.979529796414499287e+01
4.103597857611778466e+01
3.990918335814988893e+01
3.864471358489210928e+01
3.734095266467391383e+01
3.613448960021043632e+01
3.516015711870689842e+01
3.455485387407522779e+01
3.435447174962515504e+01
3.452197961071781407e+01
3.493321554282897523e+01
3.544600409994500723e+01
3.593618519735361616e+01
3.630533040381405385e+01
3.651778089093242130e+01
3.656281475107444123e+01
3.644501888349854113e+01
3.619597333369969050e+01
3.584730206469469493e+01
3.543713078243129644e+01
3.499666842032785752e+01
3.455665674697557677e+01
3.414011128647290860e+01
3.376307778232560963e+01
3.343466683817482021e+01
3.315236803524850018e+01
3.291803056428843632e+01
3.272920034448859639e+01
3.257706558475534564e+01
3.245182598512314343e+01
3.236009441352882021e+01
3.228615701957156858e+01
3.222792674284272607e+01
4.019157982941955964e+01
3.869172895056367167e+01
3.698989003629772299e+01
3.518271151618883152e+01
3.342848380879654968e+01
3.193748363259102163e+01
3.084714238025902944e+01
3.024094426323340912e+01
3.008108747253729831e+01
3.023352500759904871e+01
3.053763097192463505e+01
3.083799198532328134e+01
3.103201546631661856e+01
3.107416781570949738e+01
3.095722717295517867e+01
3.070861872376689661e+01
3.035431317790013139e+01
2.993835937943227421e+01
2.949357111771711004e+01
2.905455848936407293e+01
2.864219305918506464e+01
2.827116356751868409e+01
2.795489956290855105e+01
2.769009624905466183e+01
2.747656181621839977e+01
2.730550673401365813e+01
2.717363292679442210e+01
2.707228094625143910e+01
2.699505318547773669e+01
2.693524288008522305e+01
2.689518094297667616e+01
2.685997321664647330e+01
3.917138198846883768e+01
3.729670520104416909e+01
3.514873901905966136e+01
3.284818635332967318e+01
3.057662533489305545e+01
2.857673309937341344e+01
2.705157808730677615e+01
2.610050927006092891e+01
2.570231410310984543e+01
2.571550551823038333e+01
2.594415975908701455e+01
2.620728259553532880e+01
2.638129388201317127e+01
2.641270684754946885e+01
2.630175135228767758e+01
2.607355544441635686e+01
2.577888428410124533e+01
2.545141655715117324e+01
2.512597718230185606e+01
2.483430871903395598e+01
2.458862106665896619e+01
2.439425653678111772e+01
2.425111054209082795e+01
2.415622168878980602e+01
2.409668620162013397e+01
2.406215291679813362e+01
2.405089867462832487e+01
2.405353382268999241e+01
2.406247361182898103e+01
2.407632168811784368e+01
2.409247768783183474e+01
2.410718245986568320e+01
3.789772991786195178e+01
3.567698877015609327e+01
3.312557155446301493e+01
3.037231873149201178e+01
2.763881690606415731e+01
2.520607966742578654e+01
2.332269462959414241e+01
2.213908522522851641e+01
2.163113963838446097e+01
2.164209482577448540e+01
2.194475900094836973e+01
2.231487489323292195e+01
2.260865124210852883e+01
2.276108861855393783e+01
2.277605143369502017e+01
2.269312174852808894e+01
2.256094830485659841e+01
2.243524105649388289e+01
2.233524439905112402e+01
2.229761149316278690e+01
2.231118522739194177e+01
2.237963715034597101e+01
2.249506431231132098e+01
2.263926210139957718e+01
2.279275755452211527e+01
2.295505433848326859e+01
2.310372821179618086e+01
2.324465929462520108e+01
2.336979762313321629e+01
2.347353617290260885e+01
2.356607230686708832e+01
2.364150563273404160e+01
3.636461133514605137e+01
3.384522083160779715e+01
3.096480241053831861e+01
2.784618606174182887e+01
2.475119840725187359e+01
2.199954881841883747e+01
1.989729783026849219e+01
1.861058301055129505e+01
1.813399718794502036e+01
1.827967517713555523e+01
1.877151910315780015e+01
1.935127562860371953e+01
1.984136123171402843e+01
2.017281031380127487e+01
2.035719005625265154e+01
2.044988405523877262e+01
2.051864014990594143e+01
2.061978099142279675e+01
2.078590991022560530e+01
2.102922707054039009e+01
2.134388842090152494e+01
2.171144357789721013e+01
2.211096399820438663e+01
2.251641822930755410e+01
2.291576151419802443e+01
2.328542871938977044e+01
2.361285071258238943e+01
2.390188205013749823e+01
2.415108109335361419e+01
2.435883485422720440e+01
2.452757763024240134e+01
2.466707855562964369e+01
3.455283782780140456e+01
3.182719209234303293e+01
2.871784601547359372e+01
2.537177727848013475e+01
2.205809915599939686e+01
1.914553232957060303e+01
1.697374872872704543e+01
1.574210499073805281e+01
1.543044912658432288e+01
1.581392203072196700e+01
1.656903184968523490e+01
1.738485432280935328e+01
1.806034341177847580e+01
1.852953933743209802e+01
1.882721374803360703e+01
1.904039766581721693e+01
1.925120595062323758e+01
1.953192063303620429e+01
1.991346599304202769e+01
2.040549198301905065e+01
2.099128410891218977e+01
2.163385680651536447e+01
2.230208282328636216e+01
2.295992365686675285e+01
2.358345945593020332e+01
2.414741300402621604e+01
2.464977745480222637e+01
2.507592442052481729e+01
2.543824341005117873e+01
2.573816246675500352e+01
2.597519571856374299e+01
2.617358225408971606e+01
3.248898667228215942e+01
2.966690518525842180e+01
2.646508316869841337e+01
2.303132537785507594e+01
1.967207951023979362e+01
1.678085315840240099e+01
1.471845004891843445e+01
1.368944588398915130e+01
1.365729795936579727e+01
1.434137654137054874e+01
1.535517457549940268e+01
1.634704907124266171e+01
1.710688234477475689e+01
1.758078826003194450e+01
1.784685398569167347e+01
1.803277802717908074e+01
1.825046290776327140e+01
1.859299783358701319e+01
1.909247502213021619e+01
1.974969955762828988e+01
2.052878520782104843e+01
2.139184703701675616e+01
2.227168043969665234e+01
2.313926599816593210e+01
2.394854301680727815e+01
2.467764296029375970e+01
2.531404843460891740e+01
2.586098902512684816e+01
2.631169877588437700e+01
2.668320739265102404e+01
2.698054789800846009e+01
2.721545121190980510e+01
3.019003679454193190e+01
2.739191766047430221e+01
2.424217657884583232e+01
2.090169650096955678e+01
1.769147332697974306e+01
1.500941872642752806e+01
1.323040970162495356e+01
1.254965459476920309e+01
1.287910609203266077e+01
1.388168982267083251e+01
1.509873564364608889e+01
1.614236940957865585e+01
1.680263384653092018e+01
1.707792889481087428e+01
1.710490954466995106e+01
1.706540394336318656e+01
1.711651279732141973e+01
1.737201331121873693e+01
1.785657918384741549e+01
1.857117200570346682e+01
1.945742937751370150e+01
2.044993712969053234e+01
2.148337730312037408e+01
2.249837263087216144e+01
2.344327615398934128e+01
2.429507727380511639e+01
2.504143025727504579e+01
2.567107161093264622e+01
2.618979819015300237e+01
2.661017143371351068e+01
2.694930772841955502e+01
2.721280871093012976e+01
2.774597629945580124e+01
2.509663929012580397e+01
2.214491800539151711e+01
1.907273727521569739e+01
1.619674116057766966e+01
1.391968334906191984e+01
1.259898002318887045e+01
1.239296068047545418e+01
1.315193052546518615e+01
1.445851354552637780e+01
1.578699321696234747e+01
1.672834490543124275e+01
1.709015739976587156e+01
1.694826985289329357e+01
1.651602184241879456e+01
1.605362682164698995e+01
1.576846081540589850e+01
1.578586106513169973e+01
1.613939581056288830e+01
1.680816589323964294e+01
1.771316108599550176e+01
1.877081605847367385e+01
1.988984304410726978e+01
2.099902312142642913e+01
2.203696886305768032e+01
2.297461883056238463e+01
2.379329913392932738e+01
2.448029162847271678e+01
2.504875416022286316e+01
2.550684057383923431e+01
2.587126361851709078e+01
2.615472925391078363e+01
2.528909069968240431e+01
2.290781300599759263e+01
2.030164450230648043e+01
1.766079022226221440e+01
1.530078162696915456e+01
1.360819886833360215e+01
1.290410833521907286e+01
1.328631248222148109e+01
1.452752831354331420e+01
1.612132669985278000e+01
1.748108617218768046e+01
1.817284092156500819e+01
1.806143902670175194e+01
1.731310744318272299e+01
1.624890404790185627e+01
1.520814926162357850e+01
1.445713402578996742e+01
1.413637131509957356e+01
1.427261938134349606e+01
1.482585312395271693e+01
1.569399245506273566e+01
1.676238437792282454e+01
1.792514481259776105e+01
1.908918015831485349e+01
2.019272506855242710e+01
2.119063417091420121e+01
2.205800480396976937e+01
2.279216909494897436e+01
2.339501994640286142e+01
2.388031618043931914e+01
2.426318902525712318e+01
2.456294133648131961e+01
2.302898421000664442e+01
2.101490069668818350e+01
1.887867580057780614e+01
1.680697729164795717e+01
1.511506355089390041e+01
1.415579690111430722e+01
1.419966292308777156e+01
1.526654825686964045e+01
1.702888020800164171e+01
1.888963794103770155e+01
2.021119749237699637e+01
2.055114106775088700e+01
1.985637419316140395e+01
1.838096321423644497e+01
1.657055667458684312e+01
1.487207496436321996e+01
1.358523627223898167e+01
1.287356901755754812e+01
1.276024708601415014e+01
1.316503884506129651e+01
1.396518994434125283e+01
1.502088205697623735e+01
1.620355717684209296e+01
1.740914354973057243e+01
1.855579552774236518e+01
1.959819558650820071e+01
2.050568143249109454e+01
2.127536417856734019e+01
2.190887786044642027e+01
2.241818569834520147e+01
2.282020224220006810e+01
2.313540575429733437e+01
2.118742497588418061e+01
1.962562429363893202e+01
1.804088057920499111e+01
1.664189789239426176e+01
1.572636671539416575e+01
1.560394742086725905e+01
1.648029188201998707e+01
1.827959986504703949e+01
2.058094626114369063e+01
2.269084554300988188e+01
2.391721144922325237e+01
2.384868615443981099e+01
2.248955392542809406e+01
2.024109478360252012e+01
1.765499676753317004e+01
1.527060804479109457e+01
1.344234448497303092e+01
1.234040410710573887e+01
1.197115695490696297e+01
1.222673171241371470e+01
1.295654783017367073e+01
1.399510195400012513e+01
1.518552044224528430e+01
1.641930253431523568e+01
1.760046558922350712e+01
1.868091489942212391e+01
1.962434282983511835e+01
2.042529587490480480e+01
2.108560578599939461e+01
2.161471920494644294e+01
2.203687442224553550e+01
2.236060029042222652e+01
1.994590380230342319e+01
1.890933816793085143e+01
1.792621705320936698e+01
1.725647143157005203e+01
1.716323631688199569e+01
1.791666284316231383e+01
1.964208437591738843e+01
2.217481328511531657e+01
2.498504787042260489e+01
2.729765287890079861e+01
2.838790352934817207e+01
2.786821855561155914e+01
2.584327780137364883e+01
2.281164824676787717e+01
1.946896187887274010e+01
1.642809871906012376e+01
1.409063203756131877e+01
1.263269972122070861e+01
1.203292597060721114e+01
1.216048015189207021e+01
1.282861268833971558e+01
1.384743461994134250e+01
1.504920182279428431e+01
1.630111341008220904e+01
1.751138409076445868e+01
1.862223164670512787e+01
1.959210134193749298e+01
2.042070059736402143e+01
2.110097100348129118e+01
2.165117305404423220e+01
2.208653882243308786e+01
2.242559924639049385e+01
1.956988103957290548e+01
1.898111024068014530e+01
1.861212530254708852e+01
1.866207361375933971e+01
1.938259167607836631e+01
2.098027762897865856e+01
2.351297795905509247e+01
2.670103848736937024e+01
2.994063456738767925e+01
3.238756395735484972e+01
3.329523586605670005e+01
3.231414742111876848e+01
2.963303658316667821e+01
2.588627031575611070e+01
2.184696983392517566e+01
1.822826452317952572e+01
1.545636269115219541e+01
1.369855986628634881e+01
1.291758424892262447e+01
1.294624423640940236e+01
1.357177095924003396e+01
1.458487253701457576e+01
1.580017531836531219e+01
1.707324428072593747e+01
1.830845591952611429e+01
1.944042804021601611e+01
2.043578629613870135e+01
2.128329947473990913e+01
2.197999322222782226e+01
2.254234343526518813e+01
2.299034675156297070e+01
2.333840340821557291e+01
1.998508290908971929e+01
1.987906827928228637e+01
2.008451315439952012e+01
2.081084196087211780e+01
2.226957001270637093e+01
2.462083269452210388e+01
2.783312815981851074e+01
3.155543531853992079e+01
3.510763997099672906e+01
3.760917850951851449e+01
3.829011725592876303e+01
3.686486361008132917e+01
3.360287676261666689e+01
2.921611150473257013e+01
2.461106973447578739e+01
2.052589388112638602e+01
1.742121388662259207e+01
1.545381654759062862e+01
1.456009713203718903e+01
1.454247079714641622e+01
1.516420114689118925e+01
1.619124729836319077e+01
1.742926249617774914e+01
1.873252218522393164e+01
1.999251193411509675e+01
2.114863470524044686e+01
2.216606498459000107e+01
2.302656050578935165e+01
2.373910976987643906e+01
2.431741539325003387e+01
2.477070396645301997e+01
2.512570558071572435e+01
2.122685608672672686e+01
2.155884518065241906e+01
2.228100083020692423e+01
2.358918704853559944e+01
2.567075770793166001e+01
2.861939927343012968e+01
3.234339132047122689e+01
3.643261645384472303e+01
4.015755088248197069e+01
4.261492906168772521e+01
4.306386655486260651e+01
4.123374304786874944e+01
3.749308777299520301e+01
3.263256597142667204e+01
2.760338006367322450e+01
2.320242111508751393e+01
1.989758080774842952e+01
1.783417137858662471e+01
1.691573574020424431e+01
1.691972904977430048e+01
1.758436881571459054e+01
1.866261365591014609e+01
1.994789510790279863e+01
2.129554630151698191e+01
2.259485468861082680e+01
2.377912449268374928e+01
2.481847871915936210e+01
2.570258557570453561e+01
2.642972584922150858e+01
2.701336587819162105e+01
2.747883603548217479e+01
2.783774443459003933e+01
2.322227095850874079e+01
2.393042777161684498e+01
2.508852155210551871e+01
2.685975118913471960e+01
2.940301652990288162e+01
3.276716065703826075e+01
3.680789170569268265e+01
4.107721729788251253e+01
4.483035019847259406e+01
4.716596987452507506e+01
4.737404880921106098e+01
4.522316219725664865e+01
4.114210741313078756e+01
3.595988611661615408e+01
3.069894721072432731e+01
2.614904221395775252e+01
2.279778142674889096e+01
2.076266339864938359e+01
1.991536297329351157e+01
2.001690230021781858e+01
2.078115576217153304e+01
2.195145782425489855e+01
2.331692593852120865e+01
2.472504006541254284e+01
2.607708285139819893e+01
2.730152095569274096e+01
2.837306131401579634e+01
2.928149515017512527e+01
3.002572709302960519e+01
3.062363446699576031e+01
3.109745429929897753e+01
3.146314503839987253e+01
2.586572602381544073e+01
2.687748735276232992e+01
2.835954251645745217e+01
3.046130926577080800e+01
3.329581571982627963e+01
3.687211996714571427e+01
4.102087910078890332e+01
4.528776523152501454e+01
4.891937960275539865e+01
5.107250692232074130e+01
5.105041162661641607e+01
4.869446453529504026e+01
4.442022653943618593e+01
3.910891101236830281e+01
3.379494932616889713e+01
2.927912583243032785e+01
2.602016026709654994e+01
2.411964357984679808e+01
2.343771178860148297e+01
2.370132285669363625e+01
2.461244794193459029e+01
2.591104296075032920e+01
2.737930409373780094e+01
2.887179225123988502e+01
3.028725653451325783e+01
3.156384414835069308e+01
3.267427570557174477e+01
3.360670280699782353e+01
3.437295177916735156e+01
3.498850214971299977e+01
3.546961312686121914e+01
3.584101918039649348e+01
2.901659678152801192e+01
3.024292736421203998e+01
3.194093561034753037e+01
3.422462215909033034e+01
3.717674306662037509e+01
4.077900087645378591e+01
4.484655284990741109e+01
4.893100642655906540e+01
5.234231076121163539e+01
5.425242426125927864e+01
5.404832943013241930e+01
5.156642671295642799e+01
4.726135289748300039e+01
4.200542048046848009e+01
3.680800068076776199e+01
3.247553468130448806e+01
2.943029210518900740e+01
2.776431858185962653e+01
2.730740005345165855e+01
2.777703710269433302e+01
2.887004568871189747e+01
3.031322221933516659e+01
3.190183323490965961e+01
3.348486028277581283e+01
3.496862022709363771e+01
3.629686892202835224e+01
3.744291884605042497e+01
3.840521106879396740e+01
3.919113880404690775e+01
3.982237855582034314e+01
4.031307034125121191e+01
4.068938257926517821e+01
