1.780960536246861281e+01
1.791664404239176989e+01
1.798576934353446788e+01
1.801507837046523264e+01
1.801515891818197446e+01
1.799828429754711578e+01
1.797789836184290380e+01
1.796429756030111946e+01
1.795940755825925805e+01
1.796638058048116449e+01
1.797940813947994343e+01
1.799716149554481959e+01
1.801967780965567556e+01
1.804133550833287813e+01
1.806392693450495202e+01
1.808611896911704164e+01
1.810629239059396411e+01
1.812367863014364744e+01
1.813937243847732361e+01
1.815137195653070989e+01
1.816069934593582857e+01
1.816729050594730310e+01
1.817077263510711660e+01
1.817265486229935689e+01
1.817265518031558713e+01
1.817210320877873286e+01
1.817109671185829356e+01
1.816898794614424162e+01
1.816710273982274160e+01
1.816640934556499332e+01
1.816426044646190618e+01
1.816306751913246131e+01
1.751650400717593925e+01
1.762677369333802702e+01
1.770547155327056288e+01
1.775693489266629044e+01
1.779128355839236164e+01
1.782201775663736498e+01
1.786257738842136078e+01
1.791930498575343478e+01
1.799265322503223175e+01
1.807881455535193638e+01
1.817415702456396431e+01
1.827211518453954753e+01
1.837023999612870639e+01
1.846428811312317464e+01
1.855294602661275860e+01
1.863511784955261419e+01
1.871037809767341997e+01
1.877651862718971287e+01
1.883138274778086796e+01
1.887561275672834071e+01
1.891074123193681800e+01
1.893614495171557266e+01
1.895401861552855038e+01
1.896648741346083256e+01
1.897407641449613180e+01
1.897665744195488458e+01
1.897712676366486662e+01
1.897744236219503478e+01
1.897631825994102073e+01
1.897580812894668156e+01
1.897498545617423815e+01
1.897248661144037385e+01
1.721721314221255028e+01
1.733549370576637827e+01
1.743486666067334312e+01
1.752325337666807670e+01
1.761362940587864401e+01
1.772058749654073750e+01
1.785808102101902861e+01
1.802805106711570460e+01
1.822791403195189019e+01
1.844814956466068523e+01
1.867946591963626446e+01
1.891097724036834649e+01
1.913582421163984648e+01
1.934936447808825477e+01
1.954782667388029793e+01
1.972822161016185305e+01
1.988909226877563796e+01
2.002587812129102929e+01
2.014042112787204175e+01
2.023248657341567380e+01
2.030121277074322705e+01
2.035214861089426819e+01
2.038678853481359710e+01
2.040939155240510061e+01
2.042517433926990478e+01
2.043197026220883217e+01
2.043287101194438193e+01
2.043321872648715853e+01
2.043099483078472645e+01
2.042811118802918458e+01
2.042537393700292014e+01
2.042145293367829950e+01
1.690877376982696489e+01
1.704041535901221494e+01
1.717010181771200195e+01
1.731008166241213786e+01
1.748085069150772952e+01
1.770088403211655148e+01
1.798004529337053015e+01
1.832126393868173153e+01
1.871372706798254981e+01
1.913984645938131735e+01
1.957923928875910491e+01
2.001364129084440435e+01
2.043093695407468502e+01
2.082195800847146216e+01
2.118000288737556502e+01
2.149897359444220868e+01
2.177505907183551770e+01
2.200741170513654410e+01
2.219637389251000315e+01
2.234183254713122579e+01
2.244985651095267087e+01
2.252597265786604197e+01
2.257563930349401460e+01
2.260546180430722174e+01
2.261908162205373074e+01
2.262430679536886302e+01
2.262299936623881536e+01
2.261815180242209422e+01
2.261013396723798152e+01
2.260292343644536572e+01
2.259389376626297974e+01
2.258880114691420715e+01
1.658228171495521508e+01
1.672791797345933418e+01
1.689549259256267533e+01
1.710455416189304856e+01
1.738202222946451059e+01
1.775275894601422522e+01
1.823133237038673471e+01
1.881292322565041175e+01
1.947713545933688906e+01
2.019408986838663722e+01
2.092613437406849641e+01
2.164344688264694483e+01
2.232457628779281222e+01
2.294889847953513851e+01
2.351046884263117676e+01
2.400173650756612886e+01
2.441308957840945837e+01
2.475247511857935478e+01
2.501736621689880735e+01
2.521284233480859172e+01
2.535154138916362498e+01
2.543954099495282151e+01
2.548938649589501892e+01
2.551411092339739284e+01
2.551815283990098493e+01
2.551137155080056829e+01
2.549362154334808039e+01
2.547436535368279564e+01
2.545318208055651965e+01
2.543332901670001434e+01
2.541561118269774866e+01
2.539835582052808505e+01
1.622614747154785775e+01
1.638389136914405597e+01
1.659135835660923064e+01
1.687988791646178655e+01
1.728899127910922218e+01
1.785214048699828737e+01
1.858700686908924382e+01
1.948436354936739434e+01
2.050417102414951742e+01
2.160057845681815536e+01
2.270900933643186193e+01
2.378475121196927589e+01
2.478638111425738444e+01
2.568788157245030845e+01
2.647875015881826499e+01
2.715008105902093405e+01
2.769949429558029408e+01
2.812958901240538978e+01
2.844934271986565477e+01
2.867135706327094269e+01
2.881038266839448170e+01
2.888693084550106605e+01
2.891402828851186158e+01
2.890678973794481976e+01
2.887904765402629437e+01
2.883657476142044018e+01
2.878921641901111173e+01
2.873953951907847681e+01
2.869513299279760687e+01
2.865540812623641997e+01
2.861801609229965138e+01
2.858735805192262447e+01
1.582868141686061847e+01
1.598901558619188812e+01
1.623234654551709610e+01
1.660668639866956653e+01
1.716648297457636829e+01
1.795779064260955238e+01
1.900228106481311130e+01
2.028068008444561343e+01
2.173484506883443146e+01
2.328176004454962467e+01
2.483321699385107451e+01
2.630960869144221448e+01
2.766270556173061479e+01
2.885079897461838883e+01
2.985781243977709565e+01
3.068519673992904728e+01
3.132827969153460401e+01
3.180758354837947266e+01
3.213441474558921129e+01
3.233411907719660405e+01
3.242743028333870825e+01
3.244723880529510041e+01
3.240958750610748496e+01
3.233430190336844845e+01
3.224302452918907136e+01
3.214386555680717805e+01
3.204481761689971364e+01
3.195131814951727378e+01
3.186595067319102981e+01
3.179286733259210962e+01
3.172976753997755495e+01
3.167770800836521872e+01
1.538662086743157786e+01
1.553594898875008568e+01
1.580619651749774413e+01
1.626261039032055677e+01
1.698048829244446978e+01
1.802039086640541399e+01
1.940967895610925353e+01
2.111448710145895546e+01
2.304364685270999047e+01
2.508122052255612644e+01
2.709521763684549711e+01
2.897545949984981561e+01
3.065141054902634465e+01
3.207992285386349351e+01
3.324570778836673668e+01
3.415232801284378894e+01
3.481590712086874362e+01
3.526087422058031962e+01
3.551795840648347991e+01
3.561716474111775455e+01
3.560212805286587923e+01
3.550441276736162166e+01
3.534969123551153558e+01
3.516998374486745860e+01
3.498295455650054464e+01
3.479507916480134355e+01
3.462210719292191641e+01
3.446291946846147169e+01
3.432850268993212239e+01
3.420944986321656955e+01
3.411124316119003907e+01
3.403008543121934792e+01
1.490337033397934619e+01
1.502655746430791694e+01
1.530694102954029745e+01
1.583312597873380057e+01
1.670122590745360824e+01
1.798977791280494287e+01
1.972404544894994771e+01
2.185510941935877582e+01
2.425427624792135717e+01
2.675944395413275601e+01
2.918997695572706164e+01
3.140844183525899780e+01
3.332047947894263729e+01
3.488426637485157755e+01
3.609511442565191430e+01
3.696331676474115824e+01
3.752655144610282889e+01
3.782622628499192530e+01
3.791191761128063575e+01
3.783000320085420753e+01
3.762711710901663764e+01
3.734864816218761518e+01
3.703672544061945615e+01
3.670935266468950431e+01
3.639217101175226077e+01
3.609407464806337629e+01
3.582815374652674478e+01
3.559399915511014711e+01
3.539129421540601328e+01
3.522331359236832071e+01
3.508525172940552039e+01
3.496999997331110421e+01
1.438653048845046634e+01
1.446900618859183574e+01
1.474285032675353868e+01
1.531540632022694659e+01
1.630729410990769779e+01
1.781266751249694380e+01
1.985534604637054557e+01
2.235855768581273750e+01
2.515937180052546296e+01
2.803556978103895148e+01
3.077001035342847857e+01
3.319014785297804337e+01
3.518749306824765455e+01
3.672863455097243701e+01
3.781713395646122677e+01
3.849805160694020856e+01
3.882706050498156003e+01
3.886346187951158271e+01
3.867138546000784771e+01
3.831995436469030381e+01
3.787227794555280269e+01
3.736328530597091913e+01
3.684661815756894043e+01
3.635027199086352567e+01
3.588695355233156903e+01
3.546623271381390907e+01
3.510103570568541187e+01
3.478465319907794395e+01
3.451748479985140960e+01
3.429864037475232408e+01
3.411862977860374002e+01
3.397174518703978663e+01
1.384114461171761512e+01
1.387093260749206003e+01
1.411625391039162736e+01
1.470761950646239136e+01
1.578344206572339381e+01
1.744880965815975671e+01
1.972076776156816180e+01
2.249594054397753951e+01
2.556598815258754342e+01
2.866184687343695003e+01
3.152238816881562400e+01
3.395352888768454136e+01
3.584956701787159972e+01
3.718470761419207804e+01
3.798787564303758302e+01
3.832470833501956520e+01
3.828906058172988480e+01
3.795369660494864661e+01
3.741130169139048434e+01
3.674060173174274269e+01
3.599790063870005952e+01
3.524811429873994939e+01
3.451803348084045808e+01
3.384554610973997768e+01
3.323860066387734946e+01
3.270170699262637015e+01
3.224364563692373764e+01
3.185697737496101212e+01
3.153184259756312358e+01
3.126997733626525289e+01
3.105417705312497034e+01
3.088169928549090670e+01
1.326075964796230267e+01
1.323080077857990666e+01
1.343416482651226218e+01
1.401333596757970668e+01
1.512342568397008158e+01
1.687412749131766532e+01
1.927323477100046389e+01
2.218714548175632117e+01
2.536530691125333092e+01
2.849361005022062798e+01
3.128841096995142834e+01
3.353680602131505850e+01
3.513978415209964368e+01
3.609670385162246475e+01
3.646842557962983022e+01
3.635421626217248559e+01
3.586456756928352263e+01
3.510852002558277718e+01
3.418118097857151838e+01
3.318078033451286757e+01
3.215602637135588537e+01
3.117401829600816043e+01
3.026151092241805074e+01
2.944027935005655650e+01
2.871886131898713046e+01
2.809938839969480640e+01
2.757359991075480821e+01
2.713525829171647530e+01
2.677603062450461380e+01
2.648370248450198261e+01
2.624802922661652715e+01
2.606342002916752776e+01
1.263191432098062705e+01
1.254217657085240667e+01
1.269282901392798202e+01
1.323530550034255349e+01
1.433333872438688772e+01
1.609763421290394803e+01
1.851592139532345982e+01
2.143026653778673563e+01
2.455598325657743786e+01
2.754568885156919578e+01
3.009080652686430923e+01
3.199145232557109964e+01
3.316047953720129726e+01
3.362573940861763333e+01
3.348387938324214019e+01
3.286463259787817037e+01
3.190874300710293454e+01
3.073882380100101486e+01
2.946435216304871219e+01
2.817836277088428432e+01
2.693504848488762349e+01
2.578400796122822669e+01
2.474607208532284730e+01
2.383959425804076204e+01
2.306266857603158726e+01
2.240071746690857779e+01
2.185492124908590839e+01
2.140341172239435608e+01
2.103811203853909007e+01
2.074303974822078445e+01
2.050790573056757893e+01
2.032230299724876588e+01
1.193558013232789961e+01
1.179384757485420820e+01
1.189038748839769610e+01
1.238210180112020353e+01
1.343099922635738253e+01
1.514582792908024445e+01
1.749759062582692337e+01
2.030040374296687133e+01
2.324405882927597489e+01
2.595829730879109931e+01
2.814182497809942518e+01
2.958838243107384613e+01
3.025200650943867942e+01
3.018440500827066231e+01
2.952030081862339728e+01
2.842641967697074179e+01
2.705470393400929652e+01
2.554979455156769319e+01
2.401691718740001491e+01
2.254330357572899501e+01
2.118010796287975595e+01
1.996039485358511456e+01
1.889751530221579046e+01
1.798452329818166362e+01
1.722153708083102330e+01
1.658653801093273472e+01
1.606680151194202821e+01
1.564733507157530390e+01
1.530880807785311504e+01
1.503902274442540410e+01
1.482593542504181094e+01
1.465690920671943331e+01
1.116106016626910957e+01
1.098138081014332812e+01
1.103276826971230484e+01
1.147067150261575463e+01
1.245570344995428158e+01
1.408182430712349031e+01
1.631188608383528305e+01
1.893552047224018509e+01
2.162238965234820753e+01
2.399603504392489484e+01
2.575301608121960939e+01
2.672280528606269456e+01
2.687462305414511476e+01
2.630437894924419595e+01
2.518574650304586626e+01
2.370074683963828122e+01
2.202229908562430438e+01
2.030365104336527438e+01
1.864157137630402516e+01
1.711073384468009806e+01
1.575087428710391535e+01
1.457751904549723854e+01
1.358645208627219070e+01
1.276051593035449194e+01
1.208505494490759169e+01
1.154103735614405224e+01
1.110355869038259868e+01
1.075495765647859514e+01
1.047950980310517188e+01
1.026269551360774379e+01
1.009344524316718328e+01
9.961550318643315194e+00
1.031606947277452946e+01
1.011749784621631498e+01
1.014010604293531870e+01
1.053457013127252218e+01
1.145512275941692515e+01
1.298737352113288779e+01
1.507669607409462387e+01
1.749741957020031791e+01
1.991131914968205052e+01
2.194000236257194558e+01
2.328910282017916700e+01
2.380756414946116806e+01
2.350425945370551872e+01
2.251382452553981040e+01
2.103613644594888754e+01
1.928029069191075351e+01
1.742787445233396326e+01
1.562721487744930471e+01
1.397090907045533292e+01
1.251504327765840685e+01
1.127453340541876337e+01
1.025467117090791369e+01
9.424368909208224565e+00
8.764956540089306358e+00
8.248037622947954617e+00
7.844532504880608492e+00
7.531099853947947231e+00
7.289638246217049478e+00
7.104220205734240068e+00
6.962247961751353742e+00
6.852412210297514683e+00
6.768521494177957898e+00
9.438565416239248052e+00
9.238921310673806175e+00
9.250485216438148584e+00
9.620504318914983699e+00
1.049287320064944851e+01
1.194359185165109949e+01
1.390532804373805575e+01
1.614494012929070621e+01
1.831282178088190449e+01
2.003555050722894748e+01
2.102811853376331186e+01
2.117048244740675145e+01
2.050276616754066694e+01
1.919045859263039588e+01
1.746597918960663520e+01
1.555360262038013985e+01
1.364935090785045979e+01
1.188660636932657688e+01
1.034823199956467299e+01
9.068221530789532636e+00
8.043282604406719827e+00
7.250758422513769119e+00
6.652179721094300113e+00
6.211981559069472247e+00
5.893511212933391974e+00
5.665302584448705936e+00
5.503473007900627323e+00
5.388843952431563444e+00
5.308143822918380828e+00
5.250297883564680745e+00
5.209229456902685129e+00
5.179715963777282717e+00
8.593554276059107266e+00
8.403987635237518461e+00
8.417876096104057737e+00
8.777442275999874255e+00
9.619773041596019425e+00
1.101155897738970957e+01
1.287541582824918862e+01
1.497187627531225296e+01
1.694349324288451086e+01
1.842353703400164733e+01
1.913996346330784348e+01
1.898869879334706212e+01
1.804359378164795658e+01
1.650760154893413301e+01
1.463300001073639933e+01
1.266241889255791442e+01
1.079489540068041187e+01
9.158296632893534905e+00
7.814147151224981158e+00
6.775252094758400290e+00
6.018622186886745773e+00
5.500083984123208758e+00
5.166525216004583143e+00
4.969662104247428047e+00
4.867173551093991968e+00
4.826643076701241597e+00
4.823156930611063764e+00
4.839762490817872909e+00
4.865545349730902913e+00
4.893909910726636170e+00
4.921065557854444883e+00
4.945560744405111286e+00
7.855732566151723439e+00
7.676060721775147755e+00
7.694946748670814962e+00
8.049559983469583457e+00
8.872408234606295352e+00
1.022153991332635847e+01
1.201475177410673822e+01
1.400602444071868469e+01
1.583251016510362952e+01
1.712995145897822979e+01
1.763953387208227852e+01
1.727498665665941502e+01
1.613966089008762239e+01
1.445579645988195772e+01
1.250308926558292910e+01
1.054528453094509111e+01
8.774874067771921915e+00
7.313202262605262405e+00
6.206631676240128570e+00
5.441757136735846601e+00
4.975481776643788656e+00
4.743453720042417388e+00
4.679724002831843421e+00
4.726889206961940815e+00
4.838029051448596185e+00
4.978969947928088224e+00
5.125920973457736451e+00
5.266276053774593180e+00
5.391742025912301450e+00
5.499373768907369175e+00
5.588579257051357274e+00
5.661672763095577210e+00
7.286413701044099689e+00
7.106020101542363854e+00
7.119833004148955702e+00
7.462732516656394033e+00
8.263107814829028896e+00
9.573828609167037484e+00
1.130812669480856947e+01
1.321682121481358685e+01
1.493775126969742573e+01
1.610334173039037609e+01
1.646372501269250321e+01
1.594986492158546554e+01
1.468109305089453187e+01
1.291196589633046621e+01
1.093837721280423381e+01
9.036794301763245940e+00
7.401560220484666885e+00
6.144465979491327445e+00
5.291954015840715009e+00
4.811996364168298790e+00
4.637005943832448018e+00
4.686206692239395899e+00
4.882083605972264984e+00
5.159480451650162003e+00
5.468874338688824110e+00
5.775712889298499242e+00
6.059107869701093385e+00
6.309636029046096439e+00
6.521645255620718729e+00
6.697141215594736074e+00
6.840338902791632592e+00
6.953543173262821675e+00
6.908414304828720098e+00
6.711147502508022278e+00
6.704160572623945491e+00
7.020232711359046363e+00
7.784154388213158526e+00
9.048409097847088134e+00
1.072155015063601091e+01
1.255614692226137663e+01
1.418847672379670577e+01
1.525398555854532745e+01
1.550442482299302505e+01
1.488539593339958600e+01
1.353554793902935671e+01
1.172514268927142034e+01
9.772755539364947452e+00
7.962278488504622054e+00
6.490850194030906906e+00
5.455729391789638782e+00
4.866611477997659030e+00
4.670551747172280166e+00
4.779734266808721266e+00
5.098630262113444722e+00
5.538787020128659755e+00
6.027981450637091676e+00
6.516636466476819045e+00
6.972196520300331102e+00
7.373812748372648329e+00
7.719211645237399111e+00
8.004130126728577821e+00
8.237818449006283572e+00
8.423974896792472578e+00
8.570563145795219384e+00
6.707984900981519338e+00
6.478478760137513781e+00
6.434361863671786530e+00
6.706016168915220454e+00
7.416626531724322291e+00
8.616836709739741806e+00
1.021969692740194269e+01
1.197384585748930341e+01
1.352139327706609429e+01
1.449978470692093602e+01
1.466677584249215016e+01
1.397777072764046657e+01
1.258082291331128566e+01
1.077147771566297862e+01
8.875598823721437824e+00
7.189077290393834474e+00
5.902771436247902237e+00
5.105316488906151307e+00
4.786859909980750061e+00
4.874135800968932841e+00
5.260950703165043763e+00
5.837375490703791137e+00
6.506532401689683276e+00
7.191859659173041486e+00
7.843349976329876405e+00
8.429517206417278530e+00
8.936226209566664025e+00
9.361510091884577278e+00
9.709210835924702465e+00
9.988360088739401732e+00
1.021049715701573035e+01
1.038360780253184856e+01
6.645900796643948283e+00
6.374472279222493931e+00
6.281277841618798874e+00
6.494502557356439887e+00
7.135817194028850174e+00
8.255830084948186709e+00
9.769932346580256777e+00
1.143401378988683703e+01
1.289361030107998829e+01
1.379376384596392313e+01
1.389215588784082200e+01
1.315794181539179242e+01
1.174978112205253211e+01
9.971575412289189089e+00
8.166662014416647963e+00
6.631241141989806742e+00
5.554731894696786298e+00
5.009693377527345781e+00
4.969478985158910511e+00
5.340425791688710788e+00
6.000007112413705102e+00
6.823829535293596926e+00
7.708400159583439937e+00
8.576597182192685409e+00
9.375017639678954851e+00
1.007995015247488269e+01
1.067922737915142761e+01
1.117325277949018414e+01
1.157335120935515427e+01
1.189382779629696074e+01
1.214433038019435962e+01
1.233809775405371312e+01
6.682097266210284658e+00
6.364821997751593408e+00
6.216172013333414625e+00
6.362557847290775115e+00
6.922167319793942397e+00
7.947057090448860883e+00
9.357499836925272874e+00
1.091883365870163480e+01
1.228546905737562156e+01
1.310909630837596396e+01
1.315671479184165626e+01
1.239775360090750489e+01
1.100790773401092792e+01
9.293524728758173481e+00
7.608717695076848031e+00
6.249557702902716727e+00
5.400860268310625045e+00
5.121740835237648781e+00
5.365101541648561678e+00
6.019742655847817758e+00
6.945300748814963399e+00
8.009599767343562604e+00
9.098161323444237780e+00
1.013686808060211497e+01
1.107227753085661703e+01
1.188260990707541431e+01
1.256134880809950971e+01
1.311933826082823451e+01
1.356427168530388805e+01
1.391619945330756103e+01
1.419143410004881289e+01
1.440247464018426093e+01
6.791600438744406887e+00
6.427797328248382236e+00
6.222367248506087911e+00
6.296597227467441549e+00
6.766123371162213296e+00
7.684572150407781521e+00
8.979488732411386565e+00
1.042853578874102460e+01
1.169695563300016161e+01
1.244908684322364500e+01
1.245630773703549465e+01
1.169368740421403885e+01
1.034553653059059997e+01
8.722328423923539020e+00
7.184088544646116681e+00
6.022298781359738840e+00
5.416342379089766013e+00
5.409254061807622804e+00
5.938063185847918923e+00
6.870929152527346595e+00
8.055739002367504398e+00
9.347167562852277456e+00
1.062992846434335625e+01
1.182504981535275590e+01
1.288687198162538650e+01
1.379323964829139726e+01
1.454695285852800524e+01
1.515753931798280796e+01
1.564182224850604896e+01
1.602183912774862762e+01
1.631527722436569050e+01
1.654118532038324219e+01
6.969044842503064885e+00
6.559573233079482257e+00
6.296660488082129525e+00
6.295246357821321581e+00
6.667781540398427964e+00
7.469558163995326794e+00
8.637418783781530607e+00
9.965076492874583636e+00
1.113194397355157150e+01
1.181495759360508835e+01
1.179453380683736263e+01
1.105201432567898046e+01
9.766997669106794788e+00
8.260004623302693361e+00
6.885364569935403800e+00
5.936295404690340227e+00
5.578656771432353167e+00
5.843729830901660982e+00
6.650329129392732241e+00
7.851695677511503213e+00
9.282023017891432914e+00
1.078853375641355683e+01
1.225175673489826522e+01
1.359188152342921008e+01
1.476851914111089314e+01
1.576197201830336425e+01
1.657989384068730132e+01
1.723843274111692736e+01
1.775584912068041277e+01
1.816043192525379979e+01
1.847022363126430733e+01
1.870761405498150864e+01
7.223668151974388607e+00
6.770127244473470363e+00
6.447786987173120821e+00
6.366113655547973593e+00
6.633604277358776891e+00
7.308324152974797983e+00
8.340792410679130242e+00
9.538359060875356121e+00
1.060237259705013280e+01
1.121910615129036692e+01
1.118404431034397106e+01
1.047549192022963638e+01
9.275011249160158400e+00
7.901433025202527105e+00
6.705311459205317348e+00
5.973752474359002029e+00
5.862841381906407356e+00
6.391204901505791014e+00
7.462877019707384818e+00
8.917203207073482574e+00
1.057445497354032327e+01
1.227831651756828002e+01
1.390519395351337195e+01
1.537864573965051740e+01
1.665635901627581106e+01
1.772776510535320327e+01
1.860286003148438283e+01
1.929983915186543797e+01
1.984781169778819176e+01
2.027319527184589987e+01
2.059641845311028163e+01
2.084338317744780511e+01
