127.65  51.07  13.036  383.602     18.927   1.300    0.900   0.234
127.65  51.07   4.113   1.929      0.375   1.300    0.900   0.121
127.65  51.07   1.484   1.196      0.332   1.300    0.900   0.079
127.65  51.07   8.016  51.364     -5.149   1.300    0.900   0.138
127.65  51.07  13.600  6801.178     28.340   3.600    0.300   0.161
127.65  51.07   9.933  1781.647     -9.063   3.600    0.300   0.235
127.65  51.07   9.830  1781.924     -9.063   3.600    0.300   0.284
127.65  51.07   7.694  499.682     -3.082   3.600    0.300   0.102
127.65  51.07  12.906  2610.508     18.927   3.600    0.300   0.141
127.65  51.07   9.601  1717.500     -8.826   3.600    0.300   0.072
127.65  51.07   8.348  1273.340     -7.101   3.600    0.300   0.161
127.65  51.07   2.232  121.609      0.366   3.600    0.300   0.100
127.65  51.07  12.254  1236.803      9.601  -95.900    3.000   0.904
127.65  51.07  12.320  1239.641      9.601  -96.000    3.000   0.238
127.65  51.07  11.461  835.403     -8.591  -95.300    3.000   0.245
127.65  51.07  12.365  1227.656      9.601  -95.500    3.000   0.252
127.65  51.07  12.085  960.093     -2.647  -95.600    3.000   0.318
125.78  49.27   1.798   2.401     -0.316   1.100    1.400   0.172
125.78  49.27   1.938   1.297     -0.316   1.100    1.400   0.117
125.78  49.27   1.988   1.029     -0.316   1.100    1.400   0.159
125.78  49.27   0.779   4.415     -0.141   1.100    1.400   0.116
125.78  49.27   0.147   1.862      0.000   1.300    1.400   0.147
125.78  49.27   0.399   2.063     -0.069   1.300    1.400   0.097
125.78  49.27   0.397   1.884     -0.069   1.300    1.400   0.107
125.78  49.27   0.426   1.418     -0.069   1.300    1.400   0.109
125.78  49.27   0.475   0.979     -0.069   1.300    1.400   0.164
125.78  49.27   0.494   0.958     -0.069   1.300    1.400   0.163
125.78  49.27   0.589   1.980     -0.069   1.300    1.400   0.087
125.78  49.27   0.422   0.527     -0.069   0.100    1.100   0.110
125.78  49.27   4.537  76.728     -2.331   3.800    0.700   0.289
125.78  49.27   5.601  133.367     -3.680   4.400    0.700   0.277
125.78  49.27   0.239   1.132      0.000  -0.400    1.100   0.239
125.78  49.27   0.245   1.033      0.000  -0.200    1.100   0.245
125.78  49.27   0.418   0.692     -0.069   0.100    0.700   0.103
125.78  49.27   0.418   1.113     -0.069  -0.800    1.100   0.100
125.78  49.27   0.422   0.514     -0.069   0.000    1.100   0.108
125.78  49.27   0.586   1.230     -0.069  -0.200    1.100   0.078
125.78  49.27   2.542   5.200     -0.545   1.950    1.100   0.180
125.78  49.27   0.147   3.699      0.000   1.150    0.700   0.147
125.78  49.27   0.175   2.413      0.000   0.550    1.100   0.119
125.78  49.27   0.422   4.642     -0.069   1.350    0.700   0.106
125.78  49.27   0.484   3.046     -0.069   1.150    0.700   0.150
125.78  49.27   0.484   2.569     -0.069   1.050    0.700   0.150
125.78  49.27   0.606   3.148     -0.069   0.550    1.100   0.063
125.78  49.27   0.621   3.211     -0.069   0.450    1.100   0.070
125.78  49.27   0.484   1.220     -0.069   0.700    0.700   0.150
125.78  49.27   1.355  13.024     -0.099   3.750    1.100   0.164
125.78  49.27   6.795  80.296     -7.386   2.450    1.100   0.356
125.78  49.27   7.030  73.608     -7.386   2.050    1.100   0.239
125.78  49.27   6.896  76.905     -7.386   2.250    1.100   0.260
125.78  49.27  13.008  131.354     -11.371  -46.900    3.100   0.283
125.78  49.27  12.251  89.027     -17.747  -46.900    3.100   0.324
125.78  49.27  12.596  88.596     -17.747  -46.900    3.100   0.240
125.78  49.27  12.582  88.545     -17.747  -46.900    3.100   0.251
125.78  49.27  12.885  131.610     -11.371  -46.900    3.100   0.227
125.78  49.27   1.440   4.379     -0.099   2.050    1.100   0.080
125.78  49.27   0.486  71.394     -0.069   5.000    0.600   0.167
125.78  49.27   0.634  73.219     -0.069   5.000    0.600   0.099
125.78  49.27   0.646  27.535     -0.069   3.000    0.600   0.125
125.78  49.27   1.092  47.892     -0.141   4.000    0.600   0.177
125.78  49.27   1.638  47.058     -0.099   4.000    0.600   0.221
125.78  49.27   3.011  64.261     -0.810   4.000    0.600   0.232
125.78  49.27   4.535  111.349     -2.331   4.000    0.600   0.294
125.78  49.27   1.357  47.351     -0.099   4.000    0.600   0.172
125.78  49.27   1.639  47.058     -0.099   4.000    0.600   0.224
125.78  49.27   2.131  59.613     -0.316   4.300    0.600   0.203
125.78  49.27   6.304  340.213     -5.500   5.500    0.600   0.097
125.78  49.27   6.497  323.998     -5.500   5.300    0.600   0.141
125.78  49.27   7.916  639.570     -12.644   0.000    0.500   0.243
125.78  49.27   5.181  188.481     -2.929   5.300    0.600   0.287
125.78  49.27   5.458  190.514     -3.680   4.600    0.600   0.148
125.78  49.27  13.063  133.401     -11.371  -46.000    3.000   0.159
125.78  49.27  13.331  190.758     -4.736  -46.000    3.000   0.135
125.78  49.27   0.273  67.180     -0.069   4.800    0.600   0.198
125.78  49.27  13.434  848.155     -4.736   4.000    0.300   0.154
125.78  49.27   8.384  133.094     -15.614  -8.700    0.600   0.205
125.78  49.27   9.018  216.715     -18.033  -9.200    0.600   0.378
125.78  49.27   2.909   9.401     -0.810   1.000    0.600   0.165
125.78  49.27  15.560  1658.443     49.434  25.000    0.600   0.346
125.78  49.27   5.805  84.745     -4.500   1.000    0.600   0.228
125.78  49.27  15.451  7065.589     49.434  -1.000    0.600   0.367
125.78  49.27  14.688  8040.333     30.900   4.000    0.300   0.487
125.78  49.27   6.662  126.268     -5.500   1.200    0.600   0.130
125.78  49.27   5.271  57.262     -3.680   0.800    0.600   0.186
125.78  49.27   3.212  11.600     -0.810   1.200    0.600   0.343
125.78  49.27   4.824  43.078     -2.929   1.000    0.600   0.389
124.58  49.57  12.553  137.317     36.384  23.500    1.100   0.150
124.58  49.57  13.194   7.259     48.354  45.500    1.100   0.267
124.58  49.57   1.617   1.776      1.866   0.550    1.100   0.199
124.58  49.57   6.566  36.806      7.668   1.000    1.100   0.275
124.58  49.57  11.966  439.131     22.151  -0.900    1.100   0.571
124.58  49.57   3.279   3.283      4.292   2.450    1.100   0.320
124.58  49.57   0.717   1.697      0.560   0.100    1.100   0.175
124.58  49.57   0.736   2.017      0.560   0.100    1.100   0.173
124.58  49.57   0.956   0.965      1.156   0.100    1.100   0.212
124.58  49.57   0.450   0.246      0.560   0.100    1.100   0.189
124.58  49.57   0.638   0.692      0.560   0.100    1.100   0.193
124.58  49.57   1.585   2.702      1.866   0.100    1.100   0.238
124.58  49.57  12.995  2184.958     48.354  76.400    0.600   0.202
124.58  49.57  12.077  42882.906     22.151  146.400    0.600   0.457
124.58  49.57   3.369   0.650      4.292   4.000    0.600   0.204
124.58  49.57   9.711  39.345      6.696   3.000    0.600   0.178
124.58  49.57  13.652  22169.678     60.663  150.000    0.600   0.493
124.58  49.57  12.965  7409.245     48.354  100.000    0.600   0.262
124.58  49.57  13.068  2441.434     48.354  78.000    0.600   0.264
124.58  49.57  12.145  1580.058     22.151  46.000    0.600   0.425
124.58  49.57  11.495  181.749     14.089   6.000    0.600   0.311
124.58  49.57   9.153  89.201      5.661   0.000    0.600   0.370
124.58  49.57   5.521   6.067      6.478   5.000    0.600   0.469
124.58  49.57   8.777   8.753      5.661   4.000    0.600   0.214
124.58  49.57   0.586   5.869      0.560   2.000    0.600   0.262
124.58  49.57   0.646   6.354      0.560   1.900    0.600   0.125
124.58  49.57   1.445   8.398      1.866   3.600    0.600   0.267
124.58  49.57   2.651   0.641      3.057   3.000    0.600   0.191
124.58  49.57   2.441   2.521      3.057   4.000    0.600   0.269
124.58  49.57   4.639   7.555      5.307   3.700    0.600   0.225
124.58  49.57   0.661  18.984      0.560   3.000    0.600   0.103
124.58  49.57   0.813  12.133      1.156   3.000    0.600   0.114
124.58  49.57   0.923   2.073      1.156   2.000    0.600   0.247
124.58  49.57   8.672  93.892      5.514  -20.600    2.700   0.292
124.58  49.57   9.843  113.876      8.182  -20.600    2.700   0.318
124.58  49.57  13.303  680.497     60.663  76.300    0.600   0.172
124.58  49.57  11.624  1762.531     14.089  -11.100    0.600   0.411
124.58  49.57  14.327  2765.091     114.483  146.360    0.606   0.493
124.58  49.57  13.731  407.542     60.663  48.434    0.606   0.301
124.58  49.57   3.497  30.096      4.292   1.000    0.600   0.111
124.58  49.57   3.563  56.207      4.292  -0.200    0.600   0.154
124.58  49.57  13.832  2022.931     79.985  53.000    0.600   0.359
124.58  49.57  14.106  2022.823     79.985  53.000    0.600   0.319
124.58  49.57  13.322  7999.641     60.663   7.000    0.600   0.304
124.58  49.57  14.188  13617.106     79.985  150.000    0.600   0.761
124.58  49.57  13.658  1645.530     60.663  85.000    0.600   0.280
124.58  49.57   3.981  96.136      4.883  -1.000    0.600   0.247
124.58  49.57   7.168  277.782      7.476  -2.500    0.600   0.146
124.58  49.57  13.816  1113.209     79.985  100.000    0.600   0.290
124.58  49.57  13.513  741.360     60.663  77.000    0.600   0.225
124.58  49.57  13.540  123.362     60.663  54.000    0.600   0.227
124.58  49.57  12.905  4983.119     48.354   6.000    0.600   0.213
124.58  49.57  12.905  4983.119     48.354   6.000    0.600   0.213
124.58  49.57  12.678  3677.919     36.384   0.000    0.600   0.216
124.58  49.57  12.995  6494.716     48.354   0.000    0.600   0.248
124.58  49.57   8.114  107.525      6.210   0.000    0.600   0.180
124.58  49.57  13.642  52.519     60.663  65.000    0.600   0.270
124.58  49.57  13.903  9664.459     79.985  21.000    0.600   0.824
124.58  49.57  10.963  4306.529     14.374  -25.000    0.600   0.245
124.58  49.57  14.004  5873.880     79.985  34.000    0.600   0.769
124.58  49.57  14.250  17993.359     114.483  34.000    0.600   0.659
124.58  49.57  13.889  14393.988     79.985   8.000    0.600   0.372
124.58  49.57  11.537  4244.287     14.089  -25.000    0.600   0.309
122.81  48.98   8.169  275.852      5.804  -10.800    1.000   0.406
122.81  48.98   2.077  20.344      2.500  -2.000    1.000   0.252
122.81  48.98   0.384   2.001      0.572   0.200    1.000   0.085
122.81  48.98   4.646  39.922      5.407  -1.500    1.100   0.207
122.81  48.98   4.630  64.565      5.407  -2.600    1.000   0.192
122.81  48.98   0.389   1.928      0.572   0.100    1.000   0.085
122.81  48.98   0.261   2.212      0.572  -0.600    1.000   0.261
122.81  48.98   4.965  79.148      5.996  -2.900    1.000   0.339
122.81  48.98   3.346  31.038      4.425  -0.900    1.000   0.094
122.81  48.98   4.104  51.907      5.001  -2.200    1.000   0.466
122.81  48.98   4.479  53.390      5.407  -1.900    1.000   0.550
122.81  48.98   5.785  109.420      7.046  -3.400    1.000   0.392
122.81  48.98   5.426  88.361      6.499  -2.900    1.000   0.454
122.81  48.98   5.936  119.852      7.046  -3.900    1.000   0.339
122.81  48.98   4.104  51.907      5.001  -2.200    1.000   0.466
122.81  48.98   3.718  32.753      4.425  -1.100    1.000   0.146
122.81  48.98   1.871   9.262      2.500  -0.500    1.000   0.252
122.81  48.98   1.903  13.439      2.500  -1.000    1.000   0.088
122.81  48.98   2.147  13.895      2.500  -1.100    1.000   0.151
122.81  48.98   0.500   0.557      0.572  -0.100    0.900   0.163
122.81  48.98   0.818   4.176      1.175  -0.200    0.900   0.135
122.81  48.98   4.152  46.863      5.001  -2.500    1.100   0.253
122.81  48.98   4.688  75.976      5.407  -4.100    1.100   0.166
122.81  48.98   2.838  26.881      3.868   1.000    0.600   0.081
122.81  48.98   8.497  581.084      4.963  -9.500    0.600   0.081
122.81  48.98   8.541  621.958      4.963  -10.000    0.600   0.590
122.81  48.98   8.807  767.620      4.913  -11.700    0.600   0.198
122.81  48.98   4.194  96.829      5.001  -0.900    0.600   0.628
122.81  48.98   5.066  173.287      5.996  -1.900    0.600   0.202
122.81  48.98   6.905  342.337      7.299  -3.800    0.600   0.261
122.81  48.98   6.306  352.282      7.589  -3.600    0.600   0.091
122.81  48.98  13.276  29706.827     56.586  160.000    0.600   0.432
122.81  48.98  13.773  15.513     76.723  79.000    0.600   0.215
122.81  48.98  10.816   0.730     12.497  12.000    0.600   0.893
122.81  48.98  12.966  536.426     43.896  30.000    0.600   0.212
122.81  48.98  13.230  8434.987     43.896  99.000    0.600   0.341
122.81  48.98   4.082  72.575      5.001  -0.100    0.600   0.152
122.81  48.98   3.763  87.704      5.001  -0.500    0.600   0.124
122.81  48.98   1.855  13.370      2.500   0.400    0.600   0.138
122.81  48.98   3.310  11.396      4.425   1.100    1.000   0.325
122.81  48.98   2.131   1.525      2.500   1.900    0.600   0.181
122.81  48.98   2.280   6.348      3.133   1.900    0.600   0.150
122.81  48.98   9.261  776.915      5.722  -11.000    0.600   0.624
122.81  48.98  13.307  246.832     56.586  66.000    0.600   0.234
122.81  48.98   0.311   2.511      0.572   1.450    0.600   0.311
122.81  48.98   0.987   0.088      1.175   1.000    0.600   0.255
122.81  48.98   0.344   3.026      0.572   1.500    0.600   0.196
122.81  48.98   0.719   1.957      0.572   1.000    0.600   0.182
122.81  48.98   7.500  792.330      6.889  -10.000    0.600   0.067
122.81  48.98  14.640  4683.470     112.939  154.000    0.600   0.728
122.81  48.98  13.653  3289.985     56.586  91.000    0.600   0.287
122.81  48.98   2.558  111.504      3.133  -3.200    0.600   0.179
122.81  48.98   1.750  65.849      2.500  -2.300    0.600   0.183
122.81  48.98  14.432  5121.472     112.939  70.000    0.600   0.681
122.81  48.98  14.100  381.785     76.723  65.000    0.600   0.714
122.81  48.98  14.532  11713.964     112.939  48.000    0.600   0.731
122.81  48.98  14.470  15185.895     112.939  39.000    0.600   1.350
122.81  48.98  13.444   5.556     56.586  58.000    0.600   0.718
122.81  48.98  11.694  5585.893     11.843  -33.000    0.600   0.670
122.81  48.98  13.392  5472.704     56.586  12.200    0.600   0.517
122.81  48.98  14.365  16018.557     112.939  37.000    0.600   1.242
122.81  48.98  13.402  2949.935     56.586  24.000    0.600   0.185
122.81  48.98  13.566  3133.525     56.586  23.000    0.600   0.288
122.81  48.98  13.925  15509.972     76.723   2.000    0.600   0.318
122.81  48.98  13.701  8583.280     56.586   1.000    0.600   0.339
123.44  48.54  13.624  225.460     17.417  -2.100    1.300   0.505
123.44  48.54  13.419  96.079     17.417  38.000    2.100   0.697
123.44  48.54  14.434  113.779     60.398  38.000    2.100   0.441
123.44  48.54  13.838  95.119     32.560  53.000    2.100   0.264
123.44  48.54  13.646  513.703     17.417  65.000    2.100   0.267
123.44  48.54  14.447  48.372     60.398  75.000    2.100   0.355
123.44  48.54  14.182  19.082     32.560  23.000    2.200   0.407
123.44  48.54  14.004  18.881     32.560  23.000    2.200   0.266
123.44  48.54   3.647  18.409      1.890  -1.900    0.900   0.178
123.44  48.54   1.970   5.685      1.238  -0.900    0.900   0.145
123.44  48.54   0.986   5.497      0.594   2.000    0.600   0.190
123.44  48.54   0.725   9.684      0.292   2.000    0.600   0.179
123.44  48.54   2.980   0.107      1.811   2.000    0.600   0.227
123.44  48.54   4.509  13.730      1.777   4.000    0.600   0.272
123.44  48.54  13.564  360.147     17.417  30.700    0.700   0.219
123.44  48.54   2.015   1.515      1.238   0.500    0.600   0.291
123.44  48.54   2.441   0.775      1.487   2.000    0.600   0.281
123.44  48.54   2.614   0.962      1.487   2.000    0.600   0.235
123.44  48.54   2.755   1.386      1.811   2.000    0.600   0.216
123.44  48.54   6.309  12.098      0.996  -1.400    0.700   0.309
123.44  48.54  10.514  124.445     -9.209  -1.400    0.700   0.716
123.44  48.54   7.625   1.538     -1.698  -1.000    0.600   0.288
123.44  48.54   7.110   4.127     -0.228  -1.400    0.600   0.197
123.44  48.54   1.734   3.821      0.922   0.000    0.594   0.197
123.44  48.54  12.636  894.131      0.797  60.600    2.000   0.810
123.44  48.54  12.411  697.117      0.797  53.600    2.000   0.325
123.44  48.54  12.935  807.069      8.887  65.700    2.000   0.166
123.44  48.54   0.258   1.117      0.292   0.000    0.600   0.258
123.44  48.54   1.500   2.360      0.922   0.000    0.600   0.199
123.44  48.54   3.337  12.381      1.890   0.000    0.600   0.104
123.44  48.54   3.801  15.435      1.946   0.000    0.600   0.089
123.44  48.54   7.766   2.559     -3.925  -3.200    2.000   0.150
123.44  48.54   9.098   5.000     -7.626  -3.200    2.000   0.307
123.44  48.54   8.576   2.277     -6.103  -3.200    2.000   0.185
123.44  48.54  10.129   8.877     -9.062  -3.200    2.000   0.239
123.44  48.54  13.438  171.680     17.417   1.700    1.200   0.172
123.44  48.54  13.318  172.845     17.417   1.700    1.200   0.160
123.44  48.54  13.039  35.906      8.887   1.700    1.200   0.217
123.44  48.54   1.794  156.210      1.238  -5.000    0.500   0.273
123.44  48.54   1.108  125.574      0.594  -5.000    0.500   0.170
123.44  48.54   2.580  168.503      1.487  -5.000    0.500   0.202
123.44  48.54   6.692  676.624      0.996  -12.000    0.500   0.188
123.44  48.54   6.545  675.636      0.996  -12.000    0.500   0.193
123.44  48.54   6.677  676.548      0.996  -12.000    0.500   0.180
123.44  48.54   6.782  556.567     -0.228  -12.000    0.500   0.145
123.44  48.54   6.559  675.625      0.996  -12.000    0.500   0.282
123.44  48.54  14.964  772.788     79.078  20.700    2.100   0.651
123.44  48.54   3.527   7.537      1.890  -1.400    1.200   0.197
123.44  48.54  14.472  2652.071     60.398  -1.400    1.200   0.445
123.44  48.54  14.957  1905.176     79.078  26.700    1.200   0.605
123.44  48.54  14.802  1833.239     79.078  27.700    1.200   0.569
123.44  48.54  14.268  119.137     60.398  38.600    2.000   0.392
123.44  48.54  14.358   0.092     60.398  60.600    2.000   0.495
123.44  48.54  14.690  11.718     60.398  53.600    2.000   0.467
123.44  48.54  14.520   7.030     60.398  65.700    2.000   0.448
123.44  48.54   9.094  281.760     -7.626  -32.800    1.500   0.286
123.44  48.54  14.704  4705.979     60.398  -42.500    1.500   0.441
123.44  48.54   5.824   6.299      1.337  -3.200    2.000   0.164
123.44  48.54   4.418  89.555      1.777  -3.900    0.600   0.421
123.44  48.54   4.003   6.723      1.946  -3.240    2.000   0.274
124.51  48.26   2.408   1.833     -0.876  -0.300    1.000   0.075
124.51  48.26   1.161   3.019     -0.256   0.300    1.000   0.098
124.51  48.26   0.626   4.516     -0.121   0.500    1.000   0.062
124.51  48.26   1.121   0.404     -0.256  -0.200    0.700   0.192
124.51  48.26   1.225   8.771     -0.256  -0.200    0.700   0.076
124.51  48.26   1.661   0.516     -0.370  -0.100    0.700   0.267
124.51  48.26   0.640   1.423     -0.121   0.700    0.700   0.640
124.51  48.26   0.538   0.018     -0.121  -0.200    0.700   0.538
124.51  48.26   0.802   1.756     -0.256  -1.100    0.800   0.247
124.51  48.26   0.987   0.011     -0.256  -0.200    0.700   0.192
124.51  48.26   1.029   1.129     -0.256  -1.100    0.800   0.234
124.51  48.26   1.053   0.049     -0.256  -0.200    0.700   0.257
124.51  48.26   1.718   4.922     -0.370  -0.400    1.000   0.099
124.51  48.26   2.322   5.474     -0.876  -0.200    0.400   0.110
124.51  48.26   1.050  33.343     -0.256   3.200    0.600   0.122
124.51  48.26   1.264  39.836     -0.370   1.300    0.300   0.080
124.51  48.26   0.414  37.191     -0.121   3.500    0.600   0.098
122.66  47.89   2.036   7.269      0.631  -1.500    0.800   0.087
122.66  47.89   0.869   7.399      0.325  -1.400    0.800   0.079
122.66  47.89   2.562  11.494      0.699  -2.000    0.800   0.181
122.66  47.89   4.643  31.364     -0.054  -4.500    0.800   0.206
122.66  47.89   4.745  35.212     -0.054  -4.500    0.800   0.117
122.66  47.89   3.214  10.816      0.778  -1.500    0.800   0.130
122.66  47.89   4.035   7.898      0.413  -2.100    0.900   0.109
122.66  47.89   4.038  10.600      0.413  -2.500    0.900   0.108
122.66  47.89   0.147   3.250      0.000  -0.600    0.400   0.147
122.66  47.89   0.154   2.562      0.000  -0.500    0.400   0.154
122.66  47.89   0.230   3.250      0.000  -0.600    0.400   0.230
122.66  47.89   1.526   4.911      0.469  -1.300    0.800   0.183
122.66  47.89   2.617  10.617      0.699  -1.800    0.800   0.126
122.66  47.89   1.692  26.630      0.469  -1.500    0.400   0.124
122.66  47.89   1.170  17.366      0.325  -1.200    0.400   0.101
122.66  47.89   2.539  56.245      0.699  -2.300    0.400   0.182
122.66  47.89   0.669   9.196      0.167  -0.900    0.400   0.117
122.66  47.89   2.596   4.709      0.699  -1.800    1.200   0.157
122.66  47.89   3.325   6.869      0.625  -2.400    1.200   0.244
122.66  47.89   3.650   9.219      0.625  -2.900    1.200   0.195
122.66  47.89   4.963   7.815     -0.448  -3.800    1.200   0.312
122.66  47.89   5.322   9.840     -1.026  -4.700    1.200   0.262
122.66  47.89   5.616  11.135     -1.026  -5.000    1.200   0.283
122.66  47.89   5.822  10.632     -1.694  -5.400    1.200   0.171
122.66  47.89   0.657   2.382      0.167  -0.100    1.100   0.103
122.66  47.89   2.279   9.363      0.699  -1.600    0.800   0.210
122.66  47.89   1.486   3.860      0.469  -1.100    0.800   0.132
122.66  47.89   0.142   3.250      0.000   1.200    0.800   0.142
122.66  47.89   3.115   4.529      0.778  -1.700    1.200   0.223
122.66  47.89   0.605   2.473      0.167  -0.400    1.200   0.070
122.66  47.89   0.841   2.207      0.325  -0.200    1.200   0.112
122.66  47.89   3.384   5.814      0.625  -2.200    1.200   0.222
122.66  47.89   0.141   1.735      0.000   0.600    0.700   0.141
122.66  47.89   0.971   4.165      0.325  -1.100    0.700   0.202
122.66  47.89   1.094   1.706      0.325  -0.500    0.700   0.167
122.66  47.89   0.657   4.251      0.167   1.000    0.600   0.103
122.66  47.89   1.398   0.679      0.469   0.400    0.600   0.125
122.66  47.89   2.138   2.030      0.631  -0.100    0.600   0.187
122.66  47.89   6.346  50.840     -2.558  -4.600    0.600   0.025
122.66  47.89   0.150  12.111      0.000   2.000    0.600   0.150
122.66  47.89   0.484   9.342      0.167   2.000    0.600   0.168
122.66  47.89   0.344  10.008      0.167   2.000    0.600   0.191
122.66  47.89  14.646  415.379     25.227  13.000    0.600   0.410
122.66  47.89  13.626  3200.141     -8.941  25.000    0.600   0.384
123.91  46.63   0.216   2.051      0.000  -0.900    0.878   0.216
123.91  46.63   0.214   2.569      0.000  -1.100    0.878   0.214
123.91  46.63   0.642   3.346     -0.409  -1.100    0.878   0.086
123.91  46.63   0.980   0.027     -0.877  -1.000    0.878   0.241
123.91  46.63   1.128   0.693     -0.877  -1.000    0.878   0.156
123.91  46.63   1.573   0.434     -1.412  -0.900    0.878   0.237
123.91  46.63   1.601   0.450     -1.412  -1.000    0.878   0.209
123.91  46.63   1.619   0.571     -1.412  -1.000    0.878   0.202
123.91  46.63   1.734   3.713     -1.412  -1.700    0.878   0.123
123.91  46.63   1.908   0.587     -2.024  -1.500    0.878   0.191
123.91  46.63   0.409   0.763     -0.409  -0.700    0.900   0.112
123.91  46.63   0.135   1.174      0.000  -0.500    1.200   0.135
123.91  46.63   0.240   1.694      0.000  -1.000    1.200   0.240
123.91  46.63   1.714   2.440     -1.412  -2.200    1.200   0.151
123.91  46.63   1.745   3.632     -1.412  -1.600    1.200   0.129
123.91  46.63   1.758   1.121     -2.024  -2.100    1.200   0.230
123.91  46.63   2.958   0.170     -3.524  -3.100    1.200   0.199
123.91  46.63   1.488   0.435     -1.412  -2.200    1.200   0.197
123.91  46.63   3.450   1.489     -4.529  -3.100    1.200   0.186
123.91  46.63   1.520   0.015     -1.412  -1.400    1.200   0.166
123.91  46.63   1.536   0.107     -1.412  -1.100    1.200   0.179
123.91  46.63   1.613   0.336     -1.412  -1.500    1.200   0.198
123.91  46.63   0.251   1.574     -0.409  -1.100    0.900   0.251
123.91  46.63   0.255   0.984     -0.409  -0.200    0.900   0.255
123.91  46.63   0.399   1.519     -0.409  -1.200    1.200   0.097
123.91  46.63   0.413   3.684     -0.409  -1.100    0.400   0.103
123.91  46.63   0.470   0.376     -0.409  -0.700    0.500   0.154
123.91  46.63   1.409   1.043     -1.412  -2.000    0.900   0.116
123.91  46.63   1.412   0.571     -1.412  -1.500    1.200   0.117
123.91  46.63   1.875   0.562     -2.024  -2.000    0.900   0.168
123.91  46.63   1.974   2.743     -2.024  -1.200    0.500   0.147
123.91  46.63   1.982   0.018     -2.024  -2.000    0.400   0.151
123.91  46.63   3.687  31.878     -4.529  -2.300    0.400   0.206
123.91  46.63   4.638   1.259     -7.137  -6.700    0.500   0.196
123.91  46.63   4.651   7.534     -7.137  -4.500    1.000   0.198
123.91  46.63   5.098  88.760     -8.664  -4.900    0.400   0.211
123.91  46.63   3.228   1.536     -3.524  -2.700    1.200   0.222
123.91  46.63   3.257  16.464     -4.529  -3.000    0.400   0.178
123.91  46.63   0.405   2.105     -0.409  -1.000    0.500   0.113
123.91  46.63   1.098   0.406     -0.877  -0.700    1.000   0.160
123.91  46.63   1.541   0.334     -1.412  -0.900    1.000   0.153
123.91  46.63   2.150   0.792     -2.024  -1.800    0.500   0.195
123.91  46.63   4.637   7.307     -7.137  -4.000    1.200   0.199
123.91  46.63   6.593   1.151     -14.732  -13.500    1.200   0.300
123.91  46.63   8.343  89.075     -32.269  -21.000    1.200   0.167
123.91  46.63   8.770  32.379     -37.337  -30.000    1.300   0.316
123.91  46.63   8.933   3.273     -37.337  -35.000    1.300   0.326
123.91  46.63  10.094  17.994     -47.495  -53.000    1.300   0.382
123.91  46.63   0.139   1.379      0.000  -0.800    1.300   0.139
123.91  46.63   0.147   1.379      0.000  -0.800    1.300   0.147
123.91  46.63   1.571   0.214     -1.412  -1.500    1.300   0.155
123.91  46.63   1.675   1.655     -1.412  -1.600    1.300   0.137
123.91  46.63   1.800   1.214     -2.024  -1.600    1.300   0.190
123.91  46.63   2.537   0.336     -2.706  -2.000    1.300   0.181
123.91  46.63   2.704   0.899     -2.706  -2.600    1.300   0.216
123.91  46.63   3.188   1.422     -3.524  -2.500    1.300   0.209
123.91  46.63   3.223   1.229     -3.524  -3.000    1.300   0.215
123.91  46.63   3.264   3.086     -4.529  -3.000    1.300   0.180
123.91  46.63   3.369   2.616     -4.529  -2.600    1.300   0.204
123.91  46.63   3.537   1.443     -4.529  -3.000    1.300   0.152
123.91  46.63   4.166   1.571     -5.664  -4.300    1.300   0.242
123.91  46.63   4.917   6.755     -8.664  -5.300    1.300   0.344
123.91  46.63   0.387   2.354     -0.409   0.100    1.300   0.076
123.91  46.63   0.405   4.351     -0.409   1.500    1.000   0.113
123.91  46.63   1.177   4.158     -0.877  -0.500    0.600   0.091
123.91  46.63   1.641   5.395     -1.412  -0.500    1.000   0.066
123.91  46.63   1.750   5.118     -1.412  -0.500    1.000   0.120
123.91  46.63   1.941   6.535     -2.024  -0.500    0.600   0.199
123.91  46.63   2.188   3.292     -2.024  -1.500    0.600   0.118
123.91  46.63   2.255   3.877     -2.706  -1.000    1.100   0.202
123.91  46.63   2.666   4.186     -2.706  -0.700    1.100   0.178
123.91  46.63   2.882   6.461     -3.524  -1.000    1.100   0.107
123.91  46.63   3.102   4.004     -3.524  -1.600    1.100   0.105
123.91  46.63   3.402  10.550     -4.529  -2.000    1.100   0.043
123.91  46.63   3.402  10.550     -4.529  -2.000    1.100   0.043
123.91  46.63   3.406   8.967     -4.529  -2.000    1.100   0.049
123.91  46.63   3.442   3.872     -4.529  -2.400    1.100   0.164
123.91  46.63   3.482   3.084     -4.529  -2.600    1.100   0.210
123.91  46.63   3.971   8.284     -5.664  -2.500    1.100   0.252
123.91  46.63   0.141   1.062      0.000  -0.300    1.200   0.141
123.91  46.63   0.153   1.062      0.000  -0.300    1.200   0.153
123.91  46.63   0.429   0.396     -0.409  -0.300    1.200   0.114
123.91  46.63   1.637   0.429     -1.412  -1.100    1.200   0.228
123.91  46.63   1.647   0.463     -1.412  -1.200    1.200   0.225
123.91  46.63   2.086   0.628     -2.024  -1.200    1.200   0.215
123.91  46.63   1.075   0.915     -0.877  -1.600    0.900   0.145
123.91  46.63   0.478   1.232     -0.409  -1.400    0.900   0.158
123.91  46.63   0.493   0.774     -0.409  -1.200    0.900   0.159
123.91  46.63   1.835   1.676     -2.024  -1.100    0.900   0.209
123.91  46.63   2.517   2.448     -2.706  -1.300    0.900   0.199
123.91  46.63   2.709   1.949     -2.706  -1.700    0.900   0.250
123.91  46.63   0.143   4.160      0.000  -1.600    0.900   0.143
123.91  46.63   0.211   5.000      0.000  -1.800    0.900   0.211
123.91  46.63   0.488   2.063     -0.409  -1.700    0.900   0.165
123.91  46.63   0.586   4.037     -0.409  -1.800    0.900   0.067
123.91  46.63   0.802   5.626     -0.877  -2.300    0.900   0.112
123.91  46.63   1.013   5.568     -0.877  -3.000    0.900   0.221
123.91  46.63   1.149   6.578     -0.877  -3.000    0.900   0.148
123.91  46.63   1.236   4.976     -0.877  -2.300    0.900   0.150
123.91  46.63   1.343   4.362     -1.412  -3.100    0.900   0.171
123.91  46.63   0.211   1.000      0.000   0.000    1.278   0.211
123.91  46.63   0.139   1.000      0.000   0.000    1.278   0.139
123.91  46.63   1.536   3.573     -1.412  -3.100    0.900   0.155
123.91  46.63   0.132   1.198      0.000  -0.400    0.900   0.132
123.91  46.63   0.231   2.494      0.000  -1.100    0.900   0.231
123.91  46.63   0.241   2.494      0.000  -1.100    0.900   0.241
123.91  46.63   0.405   1.297     -0.409  -1.100    0.900   0.113
123.91  46.63   0.408   2.428     -0.409  -1.500    0.900   0.093
123.91  46.63   1.502   0.141     -1.412  -1.900    1.300   0.192
123.91  46.63   1.630   3.293     -1.412  -1.900    0.500   0.085
123.91  46.63   1.643   0.726     -1.412  -1.900    0.900   0.218
123.91  46.63   1.718   2.043     -1.412  -1.800    0.900   0.160
123.91  46.63   1.750   5.241     -1.412  -1.900    0.500   0.120
123.91  46.63   1.873   0.282     -2.024  -1.900    1.300   0.243
123.91  46.63   2.256   1.896     -2.706  -1.900    1.200   0.203
123.91  46.63   2.554   0.395     -2.706  -2.200    0.900   0.192
123.91  46.63   2.567   0.412     -2.706  -2.200    0.900   0.218
123.91  46.63   2.610   0.519     -2.706  -2.200    0.900   0.243
123.91  46.63   2.657   1.021     -2.706  -2.200    0.900   0.187
123.91  46.63   2.971   2.172     -3.524  -2.200    0.900   0.347
123.91  46.63   2.991   2.167     -3.524  -2.200    0.900   0.207
123.91  46.63   3.095   2.348     -3.524  -2.200    0.900   0.224
123.91  46.63   3.228   1.081     -3.524  -3.600    0.900   0.221
123.91  46.63   3.385   3.420     -4.529  -2.900    0.900   0.303
123.91  46.63   3.478   1.093     -4.529  -3.600    0.900   0.133
123.91  46.63   3.598   1.768     -4.529  -2.900    1.300   0.220
123.91  46.63   4.183   3.679     -5.664  -3.200    1.300   0.619
123.91  46.63   6.045   9.745     -12.415  -9.000    1.100   0.138
123.91  46.63   3.109  19.514     -3.524   0.000    0.800   0.334
123.91  46.63   0.373  35.346     -0.409  -3.300    0.500   0.091
123.91  46.63   4.361   9.014     -7.137  -8.600    0.500   0.207
123.91  46.63   4.491   6.383     -7.137  -8.400    0.500   0.308
123.92  45.42   0.485   0.540     -0.529   0.200    1.000   0.159
123.92  45.42   0.780   4.221     -1.131  -0.100    1.000   0.123
123.92  45.42   1.030   0.421     -1.131  -0.500    1.000   0.199
123.92  45.42   1.250   2.434     -1.131  -1.000    1.000   0.161
123.92  45.42   1.980   0.359     -2.588  -2.000    1.000   0.168
123.92  45.42   0.143   1.324      0.000  -0.500    1.000   0.138
123.92  45.42   0.141   1.490      0.000  -0.700    1.000   0.141
123.92  45.42   0.150   1.360      0.000  -0.600    1.000   0.150
123.92  45.42   0.248   1.040      0.000  -0.200    1.000   0.248
123.92  45.42   0.256   0.938     -0.529  -0.700    1.000   0.256
123.92  45.42   0.403   1.072     -0.529  -0.700    1.000   0.095
123.92  45.42   0.604   1.851     -0.529  -0.800    1.000   0.078
123.92  45.42   0.576  101.339     -0.529  -0.500    0.700   0.007
123.92  45.42   1.098   0.735     -1.131  -0.700    0.700   0.164
123.92  45.42   1.117   1.129     -1.131  -1.000    1.000   0.111
123.92  45.42   1.117   1.129     -1.131  -1.000    1.000   0.111
123.92  45.42   1.123   1.760     -1.131  -0.600    0.700   0.113
123.92  45.42   1.183   3.381     -1.131  -1.000    1.000   0.100
123.92  45.42   1.238  17.451     -1.131  -1.000    1.000   0.057
123.92  45.42   0.136   1.250      0.000  -0.500    1.000   0.136
123.92  45.42   0.135   1.490      0.000  -0.700    1.000   0.135
123.92  45.42   0.141   1.490      0.000  -0.700    1.000   0.141
123.92  45.42   0.416   1.320     -0.529  -1.400    1.000   0.112
123.92  45.42   0.584   1.698     -0.529  -1.300    1.000   0.080
123.92  45.42   0.607   2.504     -0.529  -1.400    1.000   0.081
123.92  45.42   0.614   2.384     -0.529  -0.800    1.000   0.075
123.92  45.42   0.633   4.441     -0.529  -2.000    1.000   0.088
123.92  45.42   0.735   4.032     -0.529  -2.000    1.000   0.172
123.92  45.42   0.848   2.012     -1.131  -1.500    1.000   0.111
123.92  45.42   1.240   2.204     -1.131  -1.200    1.000   0.162
123.92  45.42   1.454   2.045     -1.803  -3.200    1.000   0.152
123.92  45.42   1.520   0.172     -1.803  -2.200    1.000   0.166
123.92  45.42   1.532   0.071     -1.803  -2.000    1.000   0.176
123.92  45.42   1.597   0.451     -1.803  -1.400    1.000   0.179
123.92  45.42   1.597   2.241     -1.803  -3.200    1.000   0.179
123.92  45.42   1.926   1.818     -2.588  -1.300    1.000   0.185
123.92  45.42   2.067   1.490     -2.588  -1.400    1.000   0.238
123.92  45.42   0.429   0.409     -0.529  -0.700    1.000   0.115
123.92  45.42   0.614   2.447     -0.529  -0.800    1.000   0.074
123.92  45.42   0.504   1.191     -0.529  -1.500    0.900   0.025
123.92  45.42   1.429   0.714     -1.803  -2.000    0.500   0.095
123.92  45.42   1.507   0.445     -1.803  -2.400    0.900   0.098
123.92  45.42   1.545   0.538     -1.803  -2.400    0.900   0.144
123.92  45.42   1.626   3.589     -1.803  -2.400    0.900   0.071
123.92  45.42   1.726   6.220     -1.803  -2.400    0.900   0.094
123.92  45.42   1.794   7.529     -2.588  -2.900    0.900   0.075
123.92  45.42   1.802   7.828     -2.588  -2.900    0.900   0.071
123.92  45.42   1.962   0.355     -2.588  -2.900    0.900   0.077
123.92  45.42   2.152   0.987     -2.588  -2.600    0.900   0.153
123.92  45.42   2.232   8.271     -2.588  -2.600    0.500   0.081
123.92  45.42   0.408   0.981     -0.529  -0.200    0.800   0.102
123.92  45.42   0.471   0.649     -0.529   0.100    0.800   0.163
123.92  45.42   0.705   1.091     -0.529  -0.600    0.800   0.197
123.92  45.42   1.138   1.203     -1.131  -0.600    0.800   0.158
123.92  45.42   1.179   2.593     -1.131  -0.800    0.800   0.115
123.92  45.42   1.351   0.921     -1.803  -1.500    0.800   0.169
123.92  45.42   1.599   0.785     -1.803  -1.200    0.800   0.211
123.92  45.42   1.766   3.339     -2.588  -1.800    0.800   0.152
123.92  45.42   2.100   0.365     -2.588  -2.300    0.800   0.206
123.92  45.42   2.998   2.591     -4.488  -3.200    0.800   0.206
123.92  45.42   3.465  11.026     -5.653  -3.000    0.800   0.220
123.92  45.42   3.584   5.489     -5.653  -3.800    0.800   0.241
123.92  45.42   0.318   1.175     -0.529  -0.300    0.800   0.174
123.92  45.42   0.433   0.397     -0.529  -0.300    0.800   0.118
123.92  45.42   0.614   2.316     -0.529  -0.600    1.000   0.075
123.92  45.42   0.785   3.398     -1.131  -1.200    0.800   0.117
123.92  45.42   2.661   1.074     -3.452  -2.800    1.000   0.200
123.92  45.42   2.842   3.399     -4.488  -3.400    0.800   0.127
123.92  45.42   2.958   2.645     -4.488  -3.200    0.800   0.179
123.92  45.42   2.958   2.258     -4.488  -3.300    0.800   0.179
123.92  45.42   3.124   2.246     -4.488  -3.400    0.800   0.198
123.92  45.42   3.201   3.163     -4.488  -3.500    0.800   0.157
123.92  45.42   3.603   0.814     -5.653  -4.900    1.000   0.206
123.92  45.42   3.619   1.658     -5.653  -4.500    1.000   0.208
123.92  45.42   1.781   1.891     -2.588  -2.200    1.000   0.166
123.92  45.42   2.580   0.284     -3.452  -3.100    1.000   0.202
123.92  45.42   1.611   0.959     -1.803  -2.600    1.000   0.195
123.92  45.42   1.883   0.970     -2.588  -3.300    1.000   0.172
123.92  45.42   2.576   0.574     -3.452  -4.100    1.000   0.193
123.92  45.42   3.210   1.587     -4.488  -3.600    1.000   0.235
123.92  45.42   4.111   2.629     -6.968  -5.400    1.000   0.268
123.92  45.42   4.743   3.066     -8.646  -7.300    1.000   0.217
123.92  45.42   6.022  16.644     -14.679  -10.600    1.000   0.251
123.92  45.42   6.468  32.459     -17.294  -11.600    1.000   0.166
123.92  45.42   0.141   1.318      0.000  -0.200    0.500   0.132
123.92  45.42   0.141   1.198      0.000  -0.100    0.500   0.132
123.92  45.42   1.555   0.916     -1.803  -2.500    0.800   0.139
123.92  45.42   1.615   2.547     -1.803  -2.500    0.800   0.086
123.92  45.42   1.696   3.332     -1.803  -2.500    0.800   0.122
123.92  45.42   0.142   1.090      0.000  -0.300    1.000   0.142
123.92  45.42   0.239   1.010      0.000   0.100    1.000   0.239
123.92  45.42   0.251   1.176     -0.529  -0.100    1.000   0.251
123.92  45.42   0.255   1.326     -0.529   0.100    1.000   0.255
123.92  45.42   0.264   0.983     -0.529  -0.100    1.000   0.264
123.92  45.42   0.419   0.513     -0.529  -0.500    1.000   0.113
123.92  45.42   0.582   1.302     -0.529  -1.100    1.000   0.083
123.92  45.42   0.989   0.869     -1.131  -0.200    1.000   0.189
123.92  45.42   1.098   1.432     -1.131  -0.100    1.000   0.161
123.92  45.42   1.343   1.900     -1.803  -0.800    1.000   0.166
123.92  45.42   1.617   1.935     -1.803  -0.500    1.000   0.240
123.92  45.42   1.663   2.023     -1.803  -0.600    1.000   0.215
123.92  45.42   2.080   1.515     -2.588  -1.400    1.000   0.247
123.92  45.42   0.141   1.360      0.000  -0.600    1.000   0.141
123.92  45.42   0.346   0.680     -0.529  -0.400    1.000   0.189
123.92  45.42   0.478   0.126     -0.529  -0.200    1.000   0.159
123.92  45.42   0.245   1.010      0.000  -0.100    1.000   0.245
123.92  45.42   0.404   0.902     -0.529  -0.400    1.000   0.102
123.92  45.42   1.502   0.253     -1.803  -1.300    1.000   0.193
123.92  45.42   1.775   3.226     -2.588  -1.400    1.000   0.167
123.92  45.42   3.051   3.988     -4.488  -2.500    1.000   0.266
123.92  45.42   0.260   7.342     -0.529   1.000    0.600   0.260
123.92  45.42   0.938   1.309     -1.131  -0.500    0.600   0.137
123.92  45.42   0.473   6.497     -0.529   1.000    0.600   0.319
123.92  45.42   1.821  16.285     -2.588  -1.500    0.300   0.101
123.92  45.42   0.867   4.782     -1.131  -0.100    0.500   0.182
123.92  45.42   1.652   9.233     -1.803   0.000    0.600   0.337
123.92  45.42   0.142   2.000      0.000   0.600    0.600   0.142
123.92  45.42   2.567  72.297     -3.452  -7.700    0.500   0.188
123.92  45.42   0.410   6.792     -0.529  -2.000    0.600   0.102
123.92  45.42   3.510  11.637     -5.653  -7.700    0.600   0.638
123.92  45.42   5.880  17.089     -14.679  -12.200    0.600   0.836
123.92  45.42   8.745  851.387     -36.806  -19.300    0.600   0.749
123.92  45.42   9.334  1077.426     -48.394  -28.700    0.600   0.812
124.15  43.74   0.423   0.642     -0.430   0.100    1.100   0.119
124.15  43.74   0.726   1.846     -0.430   0.100    1.100   0.177
124.15  43.74   1.157   1.320     -0.920  -0.400    1.100   0.149
124.15  43.74   1.240   2.850     -0.920  -1.200    1.100   0.143
124.15  43.74   1.591   0.246     -1.479  -1.400    1.100   0.184
124.15  43.74   2.909   1.767     -3.700  -2.400    1.100   0.150
124.15  43.74   3.371   1.634     -4.699  -3.500    1.100   0.193
124.15  43.74   3.476   0.679     -4.699  -3.800    1.100   0.224
124.15  43.74   3.893   1.257     -5.841  -4.700    1.100   0.253
124.15  43.74   4.211   1.133     -5.841  -5.400    1.100   0.214
124.15  43.74   0.929   1.241     -0.920  -1.500    0.600   0.128
124.15  43.74   2.606   0.838     -2.822  -2.500    0.600   0.143
124.15  43.74   2.858   2.589     -3.700  -4.000    0.600   0.092
124.15  43.74   0.144   1.132      0.000   0.400    1.100   0.144
124.15  43.74   0.485   0.337     -0.430   0.200    1.100   0.159
124.15  43.74   0.742   1.948     -0.430  -0.300    1.100   0.174
124.15  43.74   1.413   0.555     -1.479  -1.100    1.100   0.133
124.15  43.74   2.176   1.118     -2.118  -1.800    1.100   0.173
124.15  43.74   2.678   0.977     -2.822  -2.600    1.100   0.184
124.15  43.74   3.050   0.095     -3.700  -3.500    1.100   0.199
124.15  43.74   3.354   2.202     -4.699  -4.000    1.100   0.108
124.15  43.74   5.160   7.210     -8.888  -6.000    1.100   0.283
124.15  43.74   0.148   5.000      0.000  -1.000    0.500   0.148
124.15  43.74   0.156   1.360      0.000  -0.300    0.500   0.156
124.15  43.74   0.216   1.360      0.000  -0.300    0.500   0.216
124.15  43.74   0.249   1.360      0.000  -0.300    0.500   0.249
124.15  43.74   0.361   3.986     -0.430  -0.100    0.500   0.073
124.15  43.74   0.382   2.670     -0.430  -0.800    0.500   0.081
124.15  43.74   0.393   1.914     -0.430  -0.700    0.500   0.084
124.15  43.74   0.520   1.676     -0.430  -0.700    0.500   0.017
124.15  43.74   0.817   6.543     -0.920  -1.700    0.500   0.090
124.15  43.74   0.877   2.518     -0.920  -1.200    0.500   0.083
124.15  43.74   0.879   5.273     -0.920  -1.800    0.500   0.082
124.15  43.74   0.880   5.144     -0.920  -1.800    0.500   0.084
124.15  43.74   0.957   5.640     -0.920  -2.100    0.500   0.162
124.15  43.74   1.026   4.733     -0.920  -2.000    0.500   0.097
124.15  43.74   1.016   0.397     -0.920  -1.200    0.500   0.053
124.15  43.74   1.429   2.194     -1.479  -2.100    0.500   0.088
124.15  43.74   1.440   2.106     -1.479  -2.100    0.500   0.080
124.15  43.74   1.450   1.430     -1.479  -2.000    0.500   0.085
124.15  43.74   1.469   1.307     -1.479  -2.000    0.500   0.066
124.15  43.74   1.466   1.297     -1.479  -2.000    0.500   0.074
124.15  43.74   1.552   1.230     -1.479  -2.000    0.500   0.139
124.15  43.74   1.616   3.755     -1.479  -2.100    0.500   0.078
124.15  43.74   1.629   7.986     -1.479  -2.600    0.500   0.075
124.15  43.74   1.635   5.542     -1.479  -2.600    0.500   0.188
124.15  43.74   1.639   7.423     -1.479  -2.600    0.500   0.089
124.15  43.74   1.925   3.078     -2.118  -2.800    0.500   0.069
124.15  43.74   2.002   2.450     -2.118  -2.900    0.500   0.106
124.15  43.74   2.046   2.689     -2.118  -2.900    0.500   0.094
124.15  43.74   2.046   0.825     -2.118  -2.500    0.500   0.094
124.15  43.74   2.182   2.677     -2.118  -2.500    0.500   0.126
124.15  43.74   2.247   9.399     -2.118  -2.900    0.500   0.093
124.15  43.74   0.137   1.009      0.000   0.200    2.100   0.137
124.15  43.74   0.428   0.844     -0.430   0.200    1.100   0.100
124.15  43.74   0.146   1.132      0.000   0.400    1.100   0.146
124.15  43.74   0.504   0.233     -0.430   0.100    1.100   0.174
124.15  43.74   0.252   1.245     -0.430  -1.000    1.100   0.252
124.15  43.74   0.251   1.261     -0.430  -1.000    1.100   0.251
124.15  43.74   0.428   0.785     -0.430  -1.000    1.100   0.100
124.15  43.74   0.637   2.916     -0.430  -1.000    1.100   0.085
124.15  43.74   0.410   0.782     -0.430  -0.500    1.100   0.102
124.15  43.74   0.466   0.049     -0.430  -0.500    1.100   0.160
124.15  43.74   0.981   0.016     -0.920  -1.000    1.100   0.187
124.15  43.74   1.133   0.645     -0.920  -1.400    1.100   0.197
124.15  43.74   1.405   0.934     -1.479  -1.000    1.100   0.110
124.15  43.74   1.480   1.237     -1.479  -2.700    1.100   0.293
124.15  43.74   1.669   1.734     -1.479  -2.100    1.100   0.142
124.15  43.74   1.681   1.990     -1.479  -2.100    1.100   0.140
124.15  43.74   1.698   2.876     -1.479  -2.100    1.100   0.123
124.15  43.74   2.086   0.301     -2.118  -1.700    1.100   0.215
124.15  43.74   2.421   0.209     -2.822  -3.200    1.100   0.264
124.15  43.74   2.526   0.140     -2.822  -3.200    1.100   0.178
124.15  43.74   2.554   0.387     -2.822  -2.200    1.100   0.206
124.15  43.74   2.716   0.876     -2.822  -2.400    1.100   0.253
124.15  43.74   2.804   0.789     -3.700  -4.200    1.100   0.258
124.15  43.74   2.858   1.903     -3.700  -4.200    1.100   0.109
124.15  43.74   3.096   0.214     -3.700  -3.500    1.100   0.226
124.15  43.74   3.100   0.268     -3.700  -3.400    1.100   0.229
124.15  43.74   3.322   0.759     -4.699  -4.200    1.100   0.238
124.15  43.74   3.753   6.942     -5.841  -4.200    1.100   0.114
124.15  43.74   3.851   1.148     -5.841  -4.900    1.100   0.231
124.15  43.74   4.329   5.409     -7.333  -4.900    1.100   0.238
124.15  43.74   4.636   3.916     -7.333  -5.300    1.100   0.192
124.15  43.74   1.139   1.904     -0.920  -1.900    0.900   0.165
124.15  43.74   1.232   3.583     -0.920  -1.900    0.900   0.149
124.15  43.74   1.567   1.119     -1.479  -2.400    0.900   0.249
124.15  43.74   1.633   1.391     -1.479  -2.400    0.900   0.227
124.15  43.74   1.708   2.851     -1.479  -2.400    0.900   0.154
124.15  43.74   2.531   0.068     -2.822  -3.000    0.900   0.181
124.15  43.74   2.542   0.091     -2.822  -3.000    0.900   0.181
124.15  43.74   2.567   0.166     -2.822  -3.000    0.900   0.188
124.15  43.74   2.561   0.136     -2.822  -3.000    0.900   0.196
124.15  43.74   2.901   0.420     -3.700  -3.600    0.900   0.155
124.15  43.74   0.141   1.669      0.000  -0.900    1.100   0.141
124.15  43.74   0.139   1.405      0.000  -0.700    1.100   0.139
124.15  43.74   0.334   1.043     -0.430  -0.900    1.100   0.179
124.15  43.74   0.425   0.585     -0.430  -0.900    1.100   0.117
124.15  43.74   1.056   0.206     -0.920  -0.900    1.100   0.122
124.15  43.74   0.135   1.826      0.000  -1.000    1.100   0.135
124.15  43.74   3.042   3.226     -3.700  -2.100    0.900   0.165
124.15  43.74   3.470  10.304     -4.699  -3.100    0.500   0.103
124.15  43.74   4.008  15.074     -5.841  -3.900    0.500   0.140
124.15  43.74   4.615  20.294     -7.333  -5.100    0.500   0.194
124.15  43.74   5.147  31.862     -8.888  -6.100    0.500   0.168
124.15  43.74   6.304  279.904     -15.204  -6.900    0.500   0.097
124.15  43.74   6.558  213.616     -15.204  -7.900    0.500   0.117
124.15  43.74   1.259   7.957     -1.479  -1.000    0.900   0.087
124.15  43.74   1.613   1.222     -1.479  -0.700    0.900   0.164
124.15  43.74   0.149   1.309      0.000  -0.500    0.900   0.149
124.15  43.74   7.111  371.216     -18.760  -7.200    0.600   0.564
124.15  43.74  11.428  3136.890     -76.903  -54.500    0.400   1.480
124.15  43.74   3.458  11.732     -4.699  -1.300    1.000   0.098
124.15  43.74   3.336  13.850     -4.699  -1.300    1.000   0.108
124.15  43.74   6.620  1068.848     -15.204  -5.400    0.300   0.123
124.15  43.74   5.093  453.651     -8.888  -2.500    0.300   0.201
124.15  43.74   1.435  68.700     -1.479   1.000    0.300   0.101
124.15  43.74   0.546   5.866     -0.430   1.500    0.800   0.214
124.15  43.74   0.802  12.278     -0.920   1.500    0.800   0.112
124.15  43.74   2.344  23.029     -2.822   1.000    0.800   0.350
124.15  43.74   2.969  69.500     -3.700  -1.200    0.300   0.172
124.15  43.74   1.575  48.260     -1.479   0.600    0.300   0.153
124.15  43.74   4.540  417.933     -7.333  -1.200    0.300   0.244
124.15  43.74   6.326  1629.996     -15.204  -3.100    0.300   0.116
124.15  43.74   2.425  295.705     -2.822  -9.700    0.400   0.276
124.15  43.74   5.382   1.169     -10.709  -10.300    0.400   0.337
124.15  43.74   5.887  70.259     -12.749  -9.400    0.400   0.285
124.15  43.74   7.377  660.407     -22.876  -12.600    0.400   0.202
124.15  43.74   8.296  1403.555     -33.882  -18.900    0.400   0.249
124.15  43.74   9.512  1466.980     -45.320  -30.000    0.400   0.387
124.12  40.84   0.310   1.071     -0.250  -1.000    0.900   0.310
124.12  40.84   0.823   1.708     -0.541  -1.000    0.900   0.147
124.12  40.84   1.250   1.444     -0.878  -1.700    0.900   0.320
124.12  40.84   1.246   3.224     -0.541  -1.300    0.900   0.155
124.12  40.84   1.079   1.384     -0.541  -1.500    0.900   0.160
124.12  40.84   1.095   1.239     -0.541  -1.500    0.900   0.295
124.12  40.84   1.179   5.051     -0.541  -2.000    0.900   0.115
124.12  40.84   1.075   1.654     -0.541  -1.600    0.900   0.145
124.12  40.84   0.415   1.615     -0.250  -1.100    0.900   0.100
124.12  40.84   0.581   2.314     -0.250  -1.200    0.900   0.073
124.12  40.84   1.155   3.872     -0.541  -2.000    0.900   0.139
124.12  40.84   0.140   2.235      0.000  -1.000    0.900   0.140
124.12  40.84   0.230   1.790      0.000  -0.800    0.900   0.230
124.12  40.84   0.140   1.444      0.000  -0.600    0.900   0.140
124.12  40.84   0.145   4.160      0.000  -1.600    0.900   0.145
124.12  40.84   0.140   1.605      0.000  -0.700    0.900   0.140
124.12  40.84   0.250   1.695     -0.250  -1.000    0.900   0.250
124.12  40.84   1.478   4.620     -0.878  -2.800    0.900   0.088
124.12  40.84   1.606   6.361     -0.878  -2.800    0.900   0.079
124.12  40.84   1.478   5.106     -0.878  -2.900    0.900   0.088
124.12  40.84   3.353   7.538     -2.953  -4.500    0.700   0.090
124.12  40.84   2.668  13.466     -1.716  -4.200    0.700   0.180
124.12  40.84   1.353   7.207     -0.878  -1.400    0.700   0.057
124.12  40.84   1.186   8.428     -0.541  -2.800    1.000   0.102
124.12  40.84   3.958   6.866     -3.703  -6.300    1.000   0.122
124.12  40.84   1.442   1.487     -0.878  -2.000    1.000   0.122
124.12  40.84   0.842   2.723     -0.541  -1.400    1.000   0.113
124.12  40.84   1.728  11.906     -0.878  -4.000    1.000   0.155
124.12  40.84   1.262  13.053     -0.878  -2.800    0.900   0.082
124.12  40.84   0.212   2.235      0.000  -1.000    0.900   0.212
124.12  40.84   0.606   4.761     -0.250  -1.500    0.900   0.063
124.12  40.84   0.143   1.098      0.000  -0.200    1.000   0.139
124.12  40.84   2.533   1.765     -1.716  -2.900    0.900   0.179
124.12  40.84   1.790  12.475     -1.272  -3.900    1.000   0.089
124.12  40.84   2.795  21.102     -2.303  -4.200    1.000   0.049
124.12  40.84   2.542   8.375     -1.716  -4.600    1.000   0.177
124.12  40.84   2.542   3.557     -1.716  -3.400    0.900   0.179
124.12  40.84   2.889  14.832     -2.303  -6.100    1.000   0.172
124.12  40.84   3.508  12.230     -2.953  -6.100    0.900   0.105
124.12  40.84   1.851   4.171     -1.272  -2.700    0.900   0.116
124.12  40.84   2.247  21.313     -1.272  -4.700    0.900   0.095
124.12  40.84   1.437   5.572     -0.878  -2.900    0.900   0.087
124.12  40.84   1.681   6.093     -0.878  -2.700    0.900   0.129
124.12  40.84   2.022   3.333     -1.272  -2.900    0.900   0.091
124.12  40.84   3.586  12.881     -2.953  -6.100    0.900   0.105
124.12  40.84   0.234   8.840      0.000   1.400    0.500   0.234
124.12  40.84   0.896   6.993     -0.541   0.700    0.500   0.114
124.12  40.84   0.611   8.624     -0.250   1.000    0.500   0.072
124.12  40.84   2.704   7.834     -1.716  -0.400    0.500   0.214
124.12  40.84   0.145  10.000      0.000   1.500    0.500   0.145
124.12  40.84   4.188   8.812     -3.703  -6.000    1.000   0.100
121.85  37.92   3.619  38.760     -1.053  -8.500    1.200   0.241
121.85  37.92   4.409  10.673     -1.986  -7.200    1.600   0.398
121.85  37.92   6.636  13.145     -5.261  -9.600    1.200   0.509
121.85  37.92   6.652  31.945     -5.261  -12.000    1.200   0.238
121.85  37.92   7.008  11.377     -7.352  -11.400    1.200   0.657
121.85  37.92   7.376   6.440     -9.939  -12.400    1.000   0.200
121.85  37.92   7.723   1.123     -9.939  -9.800    1.100   0.211
121.85  37.92   9.148  13.084     -21.605  -25.200    1.000   0.369
121.85  37.92   9.263  17.861     -25.739  -21.600    1.000   0.277
121.85  37.92   9.282  34.934     -25.739  -19.300    1.100   0.266
121.85  37.92  10.400   7.774     -35.364  -40.100    1.700   0.835
121.85  37.92   6.412  43.532     -5.261  -9.200    0.600   0.133
121.85  37.92   6.438  24.295     -5.261  -8.200    0.600   0.114
121.85  37.92   6.537  24.032     -5.261  -8.200    0.600   0.181
121.85  37.92   6.168  33.021     -4.135  -7.500    0.600   0.134
121.85  37.92   0.889   4.881     -0.141  -1.400    0.600   0.161
121.85  37.92   1.155   7.028     -0.141  -1.600    0.600   0.147
121.85  37.92   1.213  11.493     -0.141  -2.000    0.600   0.155
121.85  37.92   1.187  14.434     -0.141  -2.200    0.600   0.115
121.85  37.92   1.026   5.147     -0.141  -1.500    0.600   0.231
121.85  37.92   2.095  12.777     -0.374  -2.500    0.600   0.204
121.85  37.92   3.150  29.558     -0.770  -4.000    0.600   0.196
121.85  37.92   3.018  28.980     -0.770  -4.000    0.600   0.218
121.85  37.92   3.271  27.246     -1.053  -4.100    0.600   0.190
121.85  37.92   3.453  33.080     -1.053  -4.500    0.600   0.179
121.85  37.92   3.651  44.024     -1.053  -5.000    0.600   0.175
121.85  37.92   3.768  37.712     -1.388  -5.000    0.600   0.191
121.85  37.92   3.683  46.355     -1.053  -5.100    0.600   0.199
121.85  37.92   3.850  49.770     -1.388  -5.600    0.600   0.213
121.85  37.92   3.932  54.168     -1.388  -5.800    0.600   0.212
121.85  37.92   3.971  54.079     -1.388  -5.800    0.600   0.244
121.85  37.92   4.045  54.117     -1.388  -5.800    0.600   0.199
121.85  37.92   4.242  65.214     -1.388  -6.200    0.600   0.255
121.85  37.92   4.061  64.436     -1.388  -6.200    0.600   0.174
121.85  37.92   4.168  64.806     -1.388  -6.200    0.600   0.238
121.85  37.92   4.043  72.632     -1.388  -6.500    0.600   0.196
121.85  37.92   4.199  73.456     -1.388  -6.500    0.600   0.213
121.85  37.92   4.210  88.440     -1.388  -7.000    0.600   0.214
121.85  37.92   4.306  73.500     -1.986  -7.100    0.600   0.211
121.85  37.92   4.167  91.123     -1.388  -7.100    0.600   0.236
121.85  37.92   4.314  73.439     -1.986  -7.100    0.600   0.210
121.85  37.92   3.494  73.597     -1.053  -6.200    0.600   0.145
121.85  37.92   3.521  73.611     -1.053  -6.200    0.600   0.159
121.85  37.92   5.083  49.688     -2.577  -6.800    0.600   0.208
121.85  37.92   5.367  49.228     -3.306  -7.500    0.600   0.222
121.85  37.92   5.486  56.119     -3.306  -7.800    0.600   0.162
121.85  37.92   5.492  56.113     -3.306  -7.800    0.600   0.168
121.85  37.92   5.774  48.136     -4.135  -8.200    0.600   0.151
121.85  37.92   6.014  52.923     -4.135  -8.500    0.600   0.259
121.85  37.92   6.152  66.766     -4.135  -9.000    0.600   0.149
121.85  37.92   6.154  72.193     -4.135  -9.200    0.600   0.159
121.85  37.92   4.527  44.771     -1.986  -6.000    0.600   0.280
121.85  37.92   4.742  50.587     -1.986  -6.200    0.600   0.216
121.85  37.92   4.635  52.180     -1.986  -6.300    0.600   0.195
121.85  37.92   5.221  48.024     -2.577  -6.700    0.600   0.244
121.85  37.92   5.307  32.528     -3.306  -6.700    0.600   0.267
121.85  37.92   5.756  28.337     -4.135  -7.200    0.600   0.163
121.85  37.92   5.912  29.723     -4.135  -7.400    0.600   0.259
121.85  37.92   6.196  32.409     -4.135  -7.500    0.600   0.200
121.85  37.92   3.649  55.523     -1.053  -5.500    0.600   0.195
121.85  37.92   3.812  49.595     -1.388  -5.600    0.600   0.332
121.85  37.92   6.327  24.007     -5.261  -8.100    0.600   0.136
121.85  37.92   6.472  24.022     -5.261  -8.200    0.600   0.161
121.85  37.92   5.789  28.268     -4.135  -7.200    0.600   0.143
121.85  37.92   4.729  49.560     -1.986  -6.200    0.600   0.481
121.85  37.92   4.462  54.137     -1.986  -6.400    0.600   0.362
121.85  37.92   4.465  64.384     -1.986  -6.800    0.600   0.567
121.85  37.92   4.876  49.664     -2.577  -6.800    0.600   0.337
121.85  37.92   5.633  53.838     -3.306  -7.700    0.600   0.301
121.85  37.92   6.582  24.068     -5.261  -8.200    0.600   0.298
