5.037371063595481502e+01
5.061469748557433945e+01
5.086573880901069344e+01
5.111428822019298934e+01
5.138335604957811142e+01
5.172940096927671050e+01
5.216415302523835607e+01
5.276580330981341405e+01
5.345551231580829921e+01
5.428999797581514031e+01
5.522209941917417808e+01
5.617304946165845081e+01
5.709752694194493472e+01
5.798215253078986109e+01
5.885761804381960616e+01
5.959824979712108473e+01
6.023848791430261684e+01
6.082386479880040042e+01
6.128722174741361783e+01
6.167152356798941781e+01
6.200398849433576487e+01
6.226076108571677281e+01
6.251994958627123111e+01
6.272169367693392417e+01
6.284287725949375414e+01
6.295006382967230252e+01
6.304050821962759699e+01
6.320153673162238306e+01
6.320283482809997366e+01
6.327435310580393235e+01
6.332462567403214848e+01
6.334180451764448350e+01
4.914172769050928480e+01
4.943700910598747100e+01
4.973102817239395534e+01
5.006691331976392689e+01
5.045823670131730410e+01
5.095486484202390898e+01
5.158477639856046437e+01
5.241253601288386932e+01
5.337748158308539104e+01
5.451651592846849326e+01
5.568897252051271352e+01
5.689539364776742048e+01
5.809643191393448092e+01
5.930178191737417848e+01
6.033458183328061608e+01
6.129519945529622049e+01
6.215720429731686636e+01
6.289578772452818356e+01
6.349607830861815216e+01
6.398413450992726581e+01
6.438687626483530835e+01
6.475321009878521750e+01
6.503409930494299829e+01
6.522352740942677940e+01
6.543541167537730985e+01
6.554974846608834582e+01
6.567920209131685283e+01
6.575799704826651748e+01
6.586021768253343112e+01
6.595429974464610723e+01
6.592885949638312582e+01
6.600981484269989608e+01
4.776330301207898543e+01
4.803237637569289831e+01
4.833204853355981356e+01
4.868723097356816254e+01
4.913884397042549779e+01
4.972150876367355465e+01
5.051558987862332373e+01
5.151093806173763312e+01
5.269699327545431089e+01
5.408502464347417060e+01
5.551173778824759353e+01
5.699474026633965451e+01
5.846496032083368277e+01
5.981017871871901548e+01
6.107362653460633339e+01
6.223835968449207456e+01
6.319877688488242740e+01
6.400934068780074426e+01
6.476678663774954714e+01
6.530737788192936932e+01
6.576326990081714996e+01
6.614025908159412381e+01
6.646462467278084318e+01
6.672021005044594233e+01
6.685248994973918002e+01
6.701347894896281332e+01
6.711947564518824549e+01
6.719628300246448305e+01
6.730523889576898000e+01
6.736648160678512909e+01
6.739416224988593740e+01
6.741001337456467013e+01
4.635041140620271705e+01
4.651875685494925960e+01
4.675409318412684456e+01
4.704829078257874642e+01
4.747229884258180022e+01
4.808961233156185955e+01
4.894139161910128166e+01
5.006160313147895380e+01
5.139690875221888433e+01
5.291240360608291127e+01
5.450514456870401148e+01
5.615824830637780707e+01
5.772544074783435519e+01
5.922049929250804468e+01
6.060023016908119331e+01
6.182433917415753655e+01
6.285497440377808687e+01
6.374928300863567188e+01
6.441433237559942881e+01
6.500175398851051511e+01
6.541276148149108849e+01
6.579783764664938417e+01
6.603038220087803722e+01
6.622603694228962468e+01
6.640033697032103532e+01
6.651893741032576202e+01
6.658903514994197792e+01
6.663750298759576651e+01
6.670067068932557675e+01
6.671454599395893581e+01
6.678642455630291863e+01
6.681312802401311046e+01
4.498633220990006265e+01
4.500084686169868320e+01
4.507185711857089672e+01
4.521874665187981179e+01
4.552059292822830372e+01
4.604718514296313003e+01
4.686323657088698269e+01
4.794096895946917414e+01
4.933227341680214550e+01
5.085507253952194873e+01
5.248406957379874882e+01
5.413685743220273849e+01
5.571939909235891975e+01
5.720515313558680504e+01
5.850327644693408757e+01
5.962027932232955862e+01
6.057575932886354053e+01
6.136506245698110007e+01
6.191932005199316791e+01
6.240284913895911245e+01
6.270228952918805732e+01
6.295379095882695708e+01
6.309291386418606606e+01
6.321999317251245287e+01
6.326580885129300924e+01
6.330042918735727397e+01
6.331719853205581927e+01
6.334469752111670005e+01
6.333589667994947803e+01
6.335778426305277122e+01
6.339281954818136455e+01
6.340092227653565260e+01
4.375735473663671371e+01
4.355419722113234826e+01
4.338437780536877852e+01
4.329196631630347269e+01
4.335976226085669794e+01
4.367251084841237230e+01
4.431107733764491030e+01
4.524171377258041105e+01
4.649030627024425399e+01
4.787168207224388539e+01
4.935902057604950954e+01
5.081970425152037052e+01
5.221513514238878173e+01
5.346114869167698913e+01
5.457139796297456513e+01
5.544624867077689601e+01
5.615918266130248782e+01
5.667761814674135934e+01
5.703246770040977509e+01
5.726390273999906810e+01
5.737927652697350567e+01
5.742546442038368326e+01
5.742060722305406983e+01
5.737838175182853462e+01
5.733594981971283033e+01
5.727083481416642030e+01
5.722431794342967493e+01
5.718256982520144760e+01
5.714808854806520344e+01
5.709867547629475837e+01
5.707091147024250688e+01
5.704985281943106656e+01
4.271560786576625190e+01
4.224985918983309574e+01
4.176085160884547776e+01
4.133009065968197859e+01
4.105412618147632031e+01
4.104202391684749074e+01
4.134488890526441907e+01
4.200905744843974787e+01
4.294263413822699960e+01
4.405225955779737035e+01
4.525065598006322176e+01
4.641129615490897464e+01
4.744544964753499983e+01
4.836204070245743480e+01
4.907646440793148201e+01
4.960325157649855043e+01
4.997728335259784416e+01
5.016054871571422069e+01
5.019909748239150105e+01
5.014309000638829161e+01
5.002985445468762293e+01
4.985760127108562045e+01
4.966211123126811344e+01
4.948699617407581997e+01
4.932258827802213830e+01
4.914879151026531900e+01
4.902913053705137969e+01
4.891860778093002438e+01
4.883498746235623855e+01
4.875066749502922647e+01
4.870588132630876288e+01
4.864171069711846229e+01
4.185335549997642346e+01
4.105975576136347627e+01
4.019831920241163203e+01
3.936448924735923782e+01
3.865471810382268814e+01
3.820324298638062999e+01
3.809534859382926442e+01
3.835108955070822390e+01
3.891627369399946446e+01
3.967511838901076260e+01
4.050732235436990436e+01
4.129986335276851150e+01
4.197697006444075640e+01
4.250411605376041990e+01
4.284937313168371986e+01
4.301795635174055832e+01
4.302692437319580421e+01
4.290351161929929447e+01
4.267631339854855099e+01
4.238580699378876204e+01
4.206478685177390986e+01
4.173723464838054298e+01
4.142741942591915461e+01
4.114992072072084284e+01
4.090905914051064229e+01
4.070263026345007518e+01
4.053083423381522721e+01
4.039383274038736005e+01
4.028879794213565191e+01
4.020056139856961153e+01
4.013388658183386326e+01
4.008643844111377774e+01
4.105938751721139113e+01
3.991452765126250313e+01
3.864435032688206917e+01
3.734592648593127251e+01
3.615667585108545268e+01
3.520090600681982806e+01
3.461943158853083702e+01
3.444318103055389457e+01
3.463000362589519199e+01
3.505841741608070805e+01
3.559778484493147488e+01
3.612693233257846259e+01
3.654437995123880967e+01
3.682344665110824167e+01
3.692665222233904387e+01
3.688447417023637342e+01
3.668964714775599134e+01
3.638266109134779214e+01
3.604124625457346554e+01
3.566946338408344985e+01
3.527494659296123558e+01
3.493507440740130221e+01
3.465375681534190022e+01
3.441108448975111145e+01
3.417995850616616593e+01
3.402120710295899642e+01
3.388730936676101635e+01
3.383106264843915767e+01
3.371163003354826060e+01
3.367515302284409273e+01
3.365902947928364597e+01
3.362595104070884133e+01
4.019124620981080653e+01
3.869635835877483743e+01
3.700517585191798986e+01
3.521304222439086118e+01
3.348661689057500723e+01
3.202854780354094544e+01
3.097195570422673683e+01
3.040501569980181173e+01
3.029365275700236637e+01
3.052290925035634217e+01
3.095576111200574232e+01
3.143657491501449996e+01
3.181552614430606596e+01
3.208040260456367321e+01
3.215815842124282398e+01
3.214916164428286294e+01
3.194992610517407172e+01
3.174338770385610786e+01
3.145316632690248682e+01
3.119785523602775612e+01
3.099613837621541279e+01
3.081762725255156710e+01
3.070643461144361552e+01
3.061816023708341916e+01
3.057203278752109554e+01
3.057151163180000353e+01
3.058233052727409529e+01
3.065601361219304266e+01
3.068607046901803770e+01
3.062743443081017958e+01
3.073965253877697634e+01
3.073109438392810588e+01
3.915994019879126142e+01
3.729675973846415360e+01
3.516864637687989870e+01
3.290162856423280147e+01
3.066972002650897977e+01
2.871726678865048754e+01
2.724308844631129034e+01
2.637010537826444434e+01
2.608284770318077506e+01
2.631476577130126770e+01
2.684419760343696737e+01
2.749529295600440193e+01
2.810379901929869462e+01
2.857498825733113890e+01
2.893430543287436407e+01
2.911489378336596090e+01
2.918891822104422573e+01
2.921504530027594626e+01
2.923380503177558154e+01
2.933052145516030862e+01
2.943567716150996105e+01
2.956637300004787861e+01
2.979527513080267909e+01
3.002068037547843460e+01
3.023466016479864038e+01
3.045418239863199972e+01
3.071790731227197213e+01
3.092697483915177159e+01
3.111543436978801580e+01
3.124550435989677410e+01
3.137130946136347021e+01
3.155326656994352774e+01
3.785554967013167271e+01
3.566655009394356313e+01
3.314917782705489913e+01
3.043842638297424230e+01
2.776065840373163596e+01
2.537827077727199310e+01
2.356684512696068623e+01
2.250438975479893244e+01
2.221076448365971956e+01
2.259540286089408667e+01
2.342677604815604653e+01
2.444633765648267243e+01
2.547551006383504202e+01
2.637447555575580438e+01
2.703067405702684312e+01
2.755864440360285528e+01
2.797463437045912116e+01
2.844040893978800355e+01
2.874788272746795670e+01
2.922084063725396064e+01
2.978466178079252558e+01
3.027769899783775287e+01
3.082988662625057330e+01
3.150018964289091983e+01
3.197704593855375776e+01
3.255694487327328801e+01
3.294625611788997332e+01
3.346167216329374838e+01
3.384543655690455921e+01
3.402461419498921913e+01
3.427421731834965613e+01
3.445176943738419340e+01
3.631581958026229273e+01
3.383466160012701351e+01
3.099594544083573666e+01
2.792495897489315126e+01
2.488699704478852581e+01
2.218937565613844498e+01
2.016064296790156263e+01
1.902512298142766767e+01
1.887104904687104323e+01
1.952094277727562499e+01
2.076627021988217692e+01
2.226723873018136146e+01
2.374401204420916045e+01
2.498197111917589908e+01
2.602387071690927911e+01
2.687694289282290683e+01
2.750984182217480623e+01
2.825948709490200983e+01
2.895596541584048822e+01
2.976194377494905297e+01
3.063115516092796042e+01
3.155148907969362426e+01
3.244839421949220792e+01
3.327406932303833287e+01
3.412518558302037519e+01
3.502879080290941971e+01
3.560467923793286360e+01
3.617223117413420397e+01
3.673043120053330313e+01
3.720665124524895617e+01
3.746286399235714271e+01
3.775360549634125107e+01
3.451106860300382806e+01
3.183107044199026703e+01
2.876950040287641031e+01
2.547634205453952561e+01
2.221046702275998186e+01
1.933486306379516861e+01
1.722787690454088150e+01
1.615670351172507679e+01
1.620780924293401526e+01
1.723101509963750999e+01
1.893532950367614021e+01
2.088757022405943786e+01
2.263300475008757218e+01
2.414606760801358831e+01
2.534912421307098285e+01
2.632979588199683718e+01
2.712611530864232634e+01
2.792244647110842592e+01
2.880439838835354038e+01
2.980682077592569357e+01
3.094637524272481244e+01
3.200801794419741952e+01
3.309419150045849989e+01
3.424122513787774125e+01
3.527766785051114340e+01
3.619525704882479999e+01
3.702463128307443441e+01
3.780227988669336270e+01
3.828360465148227831e+01
3.892214350235237674e+01
3.925842666464306774e+01
3.951415053252726750e+01
3.248387521579562787e+01
2.970943737591059275e+01
2.656195988809990993e+01
2.318272770337219768e+01
1.985696439750117648e+01
1.697055888873550700e+01
1.491984405277857384e+01
1.401964927420897489e+01
1.436639281052745964e+01
1.575592578979067504e+01
1.777853898387382969e+01
1.997132091729717018e+01
2.192971791358080935e+01
2.351953640013986657e+01
2.452511052123126589e+01
2.539176285164539948e+01
2.601209961809870208e+01
2.678136904655121597e+01
2.761484094939055822e+01
2.854347602139696249e+01
2.974238302700291570e+01
3.096320669480884646e+01
3.215372704684951799e+01
3.334871333514839620e+01
3.451322102351093690e+01
3.557209439640707416e+01
3.641731903188401986e+01
3.717331389480902715e+01
3.779318674316175475e+01
3.837635403008167856e+01
3.872119847909232249e+01
3.914325268423701942e+01
3.024852391835026566e+01
2.750561817901889583e+01
2.442034415127490377e+01
2.114616924636585793e+01
1.795497698279275056e+01
1.523097041442615662e+01
1.337686304780573288e+01
1.272963082971362248e+01
1.337737350949574555e+01
1.509027330311660542e+01
1.737209896875959814e+01
1.967339726680186018e+01
2.149212692980841055e+01
2.269783724937498448e+01
2.339504543738605591e+01
2.374534657369973800e+01
2.403438362035740283e+01
2.449781303336045113e+01
2.505445748509194104e+01
2.591626805863247540e+01
2.700580792369572691e+01
2.815351900546881581e+01
2.938182094873176098e+01
3.061146520121219083e+01
3.180785619244623064e+01
3.283234104803507591e+01
3.372086802146909434e+01
3.446511876331939561e+01
3.519485647955848862e+01
3.562999796648250594e+01
3.604134333498542730e+01
3.638643359770120611e+01
2.791971781555792020e+01
2.535985490077782600e+01
2.250381087535054903e+01
1.952417040205689247e+01
1.665180967779989984e+01
1.426268479967617608e+01
1.274867136468620465e+01
1.243427243358900647e+01
1.339741804049934260e+01
1.537391177543379150e+01
1.775188085536629146e+01
1.987371520590013318e+01
2.132222751707860908e+01
2.198721653521699793e+01
2.205830575576716157e+01
2.174473199375855614e+01
2.153102471974000309e+01
2.139929702678501755e+01
2.160587557311929885e+01
2.225961057088204598e+01
2.313048718825624661e+01
2.428886877459066085e+01
2.544907620457913566e+01
2.661729978875674263e+01
2.779631703541766541e+01
2.885254485214174736e+01
2.977113195358765907e+01
3.047948453266668523e+01
3.114461860683947236e+01
3.163618178033514639e+01
3.199335006747784504e+01
3.228213041102210923e+01
2.572790038600446039e+01
2.348492521663623478e+01
2.105339516474696993e+01
1.854502154061150421e+01
1.617161244808018239e+01
1.425458685878839304e+01
1.316636558165319926e+01
1.324605653600992383e+01
1.454443187421506956e+01
1.668741687199484147e+01
1.904651688688442235e+01
2.088899038038897871e+01
2.177686061213616142e+01
2.167833121108469285e+01
2.088687258626804066e+01
1.981288624022197098e+01
1.880517628276798803e+01
1.825383599654686861e+01
1.814480195298273912e+01
1.846126711699607270e+01
1.923209842000001046e+01
2.026233648092883044e+01
2.140159065407717520e+01
2.252936018006288421e+01
2.360731565523613895e+01
2.464836305708972120e+01
2.558716122324979025e+01
2.630802318623027602e+01
2.691129838295989529e+01
2.738928028826603267e+01
2.781317080097056760e+01
2.806888615111137852e+01
2.406601892555313071e+01
2.225889949826603598e+01
2.034922224359434040e+01
1.839386568721943860e+01
1.662405253616797651e+01
1.527568017342805895e+01
1.469689575730391162e+01
1.523410460202275907e+01
1.687236463164116884e+01
1.919510269791309653e+01
2.148757618803663760e+01
2.289572010510850220e+01
2.315782413617457181e+01
2.222108304075543472e+01
2.046037308807434840e+01
1.854134859721600748e+01
1.686132998165578556e+01
1.580086186953480443e+01
1.532447786498834930e+01
1.542184805595041652e+01
1.604868961232996938e+01
1.699362434950450407e+01
1.808261006503424539e+01
1.922670921574410485e+01
2.036786328846011074e+01
2.136552614908944037e+01
2.227943154871372755e+01
2.305989444484539419e+01
2.364809519154217554e+01
2.416732753587423588e+01
2.457048735004575590e+01
2.489962821397759996e+01
2.317933132055766876e+01
2.188062059306953344e+01
2.051158984090869453e+01
1.912535637758915286e+01
1.798740267476116372e+01
1.721659094746269503e+01
1.724558676936599610e+01
1.827396391307057399e+01
2.033250231488469595e+01
2.287754624197300402e+01
2.507993339169199487e+01
2.611814549057744017e+01
2.561992284655270424e+01
2.374357796252268571e+01
2.108932432749355357e+01
1.833497579578463643e+01
1.598009823668259699e+01
1.442394864673588550e+01
1.362697411572950124e+01
1.361918442383238137e+01
1.411350273860872484e+01
1.503148517406820162e+01
1.610633180758080485e+01
1.728820803978654652e+01
1.841730583691472489e+01
1.947873480491603360e+01
2.037078438043197437e+01
2.115595044829961680e+01
2.181310586916031014e+01
2.234588337699869598e+01
2.274008158775934518e+01
2.306717651668179769e+01
2.299887458123037476e+01
2.221560432635488880e+01
2.132999938175162669e+01
2.053220429309893191e+01
1.995399675346528312e+01
1.980820783925192785e+01
2.046254401208087259e+01
2.213676538643968073e+01
2.469715692975959698e+01
2.752914489049042501e+01
2.968092885127208191e+01
3.033810197428352495e+01
2.917163156840483751e+01
2.640421427443804703e+01
2.280651039216713727e+01
1.925664379912513979e+01
1.627765922552170608e+01
1.429529756640042670e+01
1.324504952631228427e+01
1.305655161692893174e+01
1.351393399224552283e+01
1.438588583968706480e+01
1.549832536227830460e+01
1.669080098318345051e+01
1.787162024285967377e+01
1.893736198229753143e+01
1.989882184328910242e+01
2.071673642080780553e+01
2.138462943259161975e+01
2.191060865487434839e+01
2.234556009261475396e+01
2.267119160596836380e+01
2.332493573109133322e+01
2.278698351688370849e+01
2.238564439410590268e+01
2.213522868547465805e+01
2.221220210077498081e+01
2.271961571580961348e+01
2.414855207293691208e+01
2.652584245949492470e+01
2.969476595497701510e+01
3.293199069024740311e+01
3.511342972475994628e+01
3.541012884778150038e+01
3.354894604805065939e+01
2.999249113985526805e+01
2.547087716736496432e+01
2.113759306105742652e+01
1.765642157886993147e+01
1.521401030250113884e+01
1.396220892120563128e+01
1.364010586926781521e+01
1.406493754568261778e+01
1.493581266350846803e+01
1.605662768276236818e+01
1.729213899835400170e+01
1.848414453757608200e+01
1.959092575634325684e+01
2.057373715705256956e+01
2.140167654717736667e+01
2.209030870448351180e+01
2.264429002012276015e+01
2.308635625603266206e+01
2.342783803651009933e+01
2.363707772535279972e+01
2.344504692827554138e+01
2.344814782078067594e+01
2.371375094533931360e+01
2.441264600925803308e+01
2.579812766506818278e+01
2.804663662107722999e+01
3.124962094996416440e+01
3.511667534229354004e+01
3.877610612342155605e+01
4.103895124347128132e+01
4.106776131969907340e+01
3.851259287990266955e+01
3.417903523258237186e+01
2.895853670452419948e+01
2.390573522296568143e+01
1.986933085709284796e+01
1.707508374546193863e+01
1.563700687766793074e+01
1.523602740913190345e+01
1.562870954852034444e+01
1.648946261037388794e+01
1.764363747778672575e+01
1.889233560499310727e+01
2.011678851593440243e+01
2.124949617915687483e+01
2.224720139062227275e+01
2.310616766936696465e+01
2.381173040509894179e+01
2.438209351443035544e+01
2.483083696523490147e+01
2.517759807296994268e+01
2.396394699977611609e+01
2.419049308423770484e+01
2.459115436247178366e+01
2.544947280497796527e+01
2.688724791575380735e+01
2.903954664457419099e+01
3.217230883669856922e+01
3.622175220615125824e+01
4.076574946367931318e+01
4.480268730089980522e+01
4.714911157796235841e+01
4.688110685706517700e+01
4.382840565577535585e+01
3.879073702079468688e+01
3.279026935189600067e+01
2.725052978912733792e+01
2.275106295522627065e+01
1.975015694329086458e+01
1.814957795847628574e+01
1.770983681297692058e+01
1.809375345858253326e+01
1.899640148750832580e+01
2.018876347812384964e+01
2.147906248876268265e+01
2.272912519445228696e+01
2.389069684380287129e+01
2.491220975009699501e+01
2.578932609165933698e+01
2.650512045994362254e+01
2.709108603727866793e+01
2.754510554110442655e+01
2.789650165160709960e+01
2.475658413005545455e+01
2.528497927318975158e+01
2.620646613048159068e+01
2.764707123700083358e+01
2.973683362544285202e+01
3.268631615580887484e+01
3.658398568413523577e+01
4.136615901853403443e+01
4.643614853831061140e+01
5.079252568618998254e+01
5.312932129744275755e+01
5.257662860694409090e+01
4.908610623360053182e+01
4.340595920451728773e+01
3.695529385628257302e+01
3.095722653095109322e+01
2.622290745755858765e+01
2.303064009095749043e+01
2.142508135902709299e+01
2.096217352248060450e+01
2.140929074579936042e+01
2.237790180322292244e+01
2.360328063408942256e+01
2.495157695774567230e+01
2.625593863200715816e+01
2.745494312664390435e+01
2.850870104125463911e+01
2.940855374670480415e+01
3.014570927602435901e+01
3.073781518058392948e+01
3.120643356033479776e+01
3.156255910453413804e+01
2.638920080543393354e+01
2.728568932175490147e+01
2.862539016828504757e+01
3.053445682247284054e+01
3.319295698828872787e+01
3.671712984465504093e+01
4.119227663482799784e+01
4.646128176392939935e+01
5.187830038901280005e+01
5.635347319641276442e+01
5.865876689509530451e+01
5.782190767919134089e+01
5.397960088230290410e+01
4.792068979748703583e+01
4.111792283457219099e+01
3.478180357233076592e+01
2.991415232790444634e+01
2.673578664962210283e+01
2.515687545591512020e+01
2.480352039949812237e+01
2.535495663205129091e+01
2.641536281450562385e+01
2.774246961505506803e+01
2.915718867986821650e+01
3.052229246816918717e+01
3.176321740942138661e+01
3.286343311628389330e+01
3.378282306085225883e+01
3.453879183290086985e+01
3.515073552301667092e+01
3.562816656618862510e+01
3.598516583752845577e+01
2.902106625879448387e+01
3.021180568139472555e+01
3.187702850889395734e+01
3.413830513879334916e+01
3.714301199480270554e+01
4.101967154426082374e+01
4.577870228433094724e+01
5.121603565890978160e+01
5.665679796037045435e+01
6.116296893536784296e+01
6.329989059296630671e+01
6.226021852951781455e+01
5.814133530172115627e+01
5.184759380187262678e+01
4.489966517385161637e+01
3.856328462479260821e+01
3.373462331733051656e+01
3.059129473899963614e+01
2.918222499344037857e+01
2.895691552382069389e+01
2.966131407333390513e+01
3.084837020919270500e+01
3.231149035375936762e+01
3.380522367800617189e+01
3.522223729600998610e+01
3.653732225125527577e+01
3.766560901591261512e+01
3.861564100805220789e+01
3.939650791007339592e+01
4.001927405403559135e+01
4.050281634751206639e+01
4.087031461964217272e+01
