-94.73  62.48   6.715  125.942     140.269  110.000    2.700   0.421
-94.73  62.48   6.578  211.599     140.269  101.000    2.700   0.295
-94.73  62.48   6.636  269.018     140.269  96.000    2.700   0.310
-94.73  62.48   5.455  117.427     100.856  71.600    2.700   0.335
-94.73  62.48   6.096  113.257     118.721  90.000    2.700   0.301
-94.73  62.48   6.567  566.652     140.269  76.000    2.700   0.288
-94.73  62.48   7.287  608.658     188.577  122.000    2.700   0.267
-94.73  62.48   7.237  250.562     162.659  120.000    2.700   0.245
-94.73  62.48   7.548  537.188     188.577  126.000    2.700   0.266
-94.73  62.48   1.722  19.138     15.234  10.000    1.400   0.098
-94.73  62.48   0.735  58.878      4.414  15.000    1.400   0.179
-94.73  62.48   0.633  59.262      4.414  15.000    1.400   0.092
-94.73  62.48   3.893  34.102     58.197  44.200    2.400   0.359
-94.73  62.48   7.301  2233.011     188.577  61.000    2.700   0.321
-94.73  62.48   4.551   9.753     70.426  62.000    2.700   0.423
-94.73  62.48   5.804  11.532     118.721  110.000    2.700   0.187
-94.73  62.48   7.514  846.961     188.577  110.000    2.700   0.238
-94.73  62.48   7.689  2129.234     188.577  64.000    2.700   0.309
-94.73  62.48   4.181  870.286     58.197  40.500    0.600   0.310
-94.73  62.48   4.136  870.141     58.197  40.500    0.600   0.307
-94.73  62.48   4.256  2488.184     70.426  40.500    0.600   0.321
-94.73  62.48   2.799  31.205     37.487  29.100    2.500   0.045
-94.73  62.48   2.607   0.891     29.200  28.700    2.500   0.116
-94.73  62.48   2.483   0.044     29.200  28.700    2.500   0.275
-94.73  62.48   2.557   0.297     29.200  29.500    0.600   0.261
-94.73  62.48   2.979  204.808     37.487  28.900    0.600   0.263
-94.73  62.48   1.143   5.872      9.481  13.200    2.500   0.074
-94.73  62.48   1.127   2.541      9.481  13.200    2.500   0.223
-94.73  62.48   0.618  195.710      4.414  12.700    0.600   0.052
-94.73  62.48   0.739  94.344      4.414  10.200    0.600   0.204
-94.73  62.48   0.770   1.267      9.481   9.700    0.600   0.216
-94.27  58.58   5.616  3066.627     88.451  22.000    1.200   0.291
-94.27  58.58   7.500  1051.140     166.053  85.000    2.500   0.229
-94.27  58.58   3.070  73.507     34.142  23.000    1.300   0.321
-94.27  58.58   8.507  2373.599     227.799  106.000    2.500   0.334
-94.27  58.58   4.340  476.045     62.721  30.000    1.500   0.354
-94.27  58.58   0.979   0.007      8.960   8.800    6.000   0.275
-94.27  58.58   2.232   1.115     20.119  25.300    6.100   0.370
-94.27  58.58   0.798   1.052      8.960   4.800    6.000   0.267
-94.27  58.58   3.227   0.581     34.142  36.800    6.400   0.355
-94.27  58.58   1.964   0.013     20.119  20.300    6.000   0.337
-94.27  58.58   7.946  441.322     194.517  142.000    2.500   0.286
-94.27  58.58   8.763  7090.474     277.507  67.000    2.500   0.388
-94.27  58.58   3.240   2.227     34.142  37.900    2.800   0.368
-94.27  58.58   3.240   8.051     34.142  30.000    1.500   0.368
-94.27  58.58   0.224   5.000      0.000   4.000    2.000   0.224
-94.27  58.58   2.092   3.874     20.119  18.000    1.100   0.227
-94.27  58.58   2.643   2.539     26.682  29.000    1.500   0.369
-94.27  58.58   3.859  10.356     52.237  45.000    2.300   0.209
-94.27  58.58   3.024   0.039     34.142  34.000    1.700   0.134
-94.27  58.58   6.857  215.762     141.702  105.000    2.500   0.294
-94.27  58.58   6.625  229.625     122.856  85.000    2.500   0.218
-94.27  58.58   3.747  18.019     42.556  35.000    1.800   0.392
-94.27  58.58   3.708   5.674     42.556  45.700    2.000   0.117
-83.56  53.47   6.702  49.466     135.258  101.000    5.000   0.128
-83.56  53.47   4.151  20.536     57.447  79.900    5.000   0.247
-83.56  53.47   5.492  14.513     97.746  78.700    5.000   0.168
-83.56  53.47   4.479   2.628     69.098  61.000    5.000   0.296
-83.56  53.47   3.695   9.537     46.954  62.000    5.000   0.281
-83.56  53.47   3.259  201.443     46.954  62.500    1.100   0.185
-83.56  53.47   0.316   1.082      4.593   6.400    2.100   0.316
-83.56  53.47   2.006  17.297     22.164  38.800    4.000   0.590
-83.56  53.47   8.007  4652.482     212.730  137.700    1.100   0.364
-83.56  53.47   1.120  36.180      9.822  14.000    0.700   0.162
-83.56  53.47   2.125  151.414     22.164   7.400    1.200   0.619
-83.56  53.47   2.474   2.173     29.366  22.000    5.000   0.468
-83.56  53.47   7.330  56.204     182.393  145.000    5.000   0.324
-83.56  53.47   6.465   0.946     135.258  140.000    5.000   0.166
-83.56  53.47   5.444  10.730     97.746  114.000    5.000   0.138
-83.56  53.47   7.752  329.641     212.730  122.000    5.000   0.411
-83.56  53.47   6.374   1.831     135.258  129.000    5.000   0.245
-78.17  53.12   2.536   1.484     38.680  36.400    1.900   0.172
-78.17  53.12   7.009  209.728     205.753  168.100    2.600   0.148
-78.17  53.12   5.739  256.736     127.261  168.700    2.600   0.145
-78.17  53.12   4.063  59.734     75.689  55.600    2.600   0.352
-78.17  53.12   4.207  339.536     75.689  37.000    2.100   0.624
-78.17  53.12   5.468  118.148     127.261  99.000    2.600   0.684
-78.17  53.12   5.995  103.808     149.490  123.000    2.600   0.541
-78.17  53.12   7.302  680.622     239.826  172.000    2.600   0.625
-78.17  53.12   7.397  477.699     239.826  183.000    2.600   0.905
-78.17  53.12   7.633  806.300     239.826  166.000    2.600   0.579
-78.17  53.12   7.327  763.355     239.826  168.000    2.600   0.386
-78.17  53.12   7.845  1604.647     279.145  175.000    2.600   0.377
-78.17  53.12   7.021  128.891     205.753  175.100    2.700   0.414
-78.17  53.12   7.141  257.938     205.753  164.000    2.600   0.616
-78.17  53.12   8.453  3692.092     319.983  162.000    2.600   0.624
-78.17  53.12   8.320  3687.493     319.983  162.100    2.600   0.640
-78.17  53.12   7.896  288.345     279.145  235.000    2.600   0.433
-78.17  53.12   7.455  721.251     239.826  170.000    2.600   0.644
-78.17  53.12   7.455  234.633     239.826  200.000    2.600   0.644
-78.17  53.12   7.965  926.630     279.145  200.000    2.600   0.625
-78.17  53.12   7.679  70.549     239.826  218.000    2.600   0.628
-78.17  53.12   7.537  11.526     239.826  231.000    2.600   0.638
-78.17  53.12   7.648  200.758     239.826  203.000    2.600   0.386
-78.17  53.12   7.651  200.668     239.826  203.000    2.600   0.631
-78.17  53.12   7.889  813.328     279.145  205.000    2.600   0.387
-78.17  53.12   7.120  444.737     205.753  159.400    2.200   0.133
-78.17  53.12   6.847  446.218     205.753  159.400    2.200   0.101
-78.17  53.12   6.401  455.912     176.606  129.700    2.200   0.086
-78.17  53.12   4.378  356.406     90.699  130.300    2.100   0.136
-78.17  53.12   5.739  105.462     127.261  105.000    2.200   0.137
-78.17  53.12   5.658  117.927     127.261  105.000    2.100   0.067
-78.17  53.12   5.180   3.653     107.834  105.000    2.100   0.133
-78.17  53.12   3.352  38.464     61.955  49.300    2.100   0.101
-78.17  53.12   3.201   2.252     49.509  48.700    2.200   0.139
-78.17  53.12   3.266  41.889     61.955  48.700    2.200   0.099
-78.17  53.12   0.141   9.321      0.000   6.000    2.100   0.132
-76.93  56.06   6.655   4.958     175.454  170.000    2.500   0.348
-76.93  56.06   5.518  558.269     125.931  185.000    2.500   0.207
-76.93  56.06   6.149  75.878     148.278  170.000    2.500   0.242
-76.93  56.06   6.298   5.079     175.454  170.000    2.500   0.356
-76.93  56.06   6.327  646.419     175.454  239.000    2.500   0.304
-76.93  56.06   6.505   3.307     175.454  180.000    2.500   0.220
-76.93  56.06   6.508  17.797     175.454  186.000    2.500   0.218
-76.93  56.06   4.946   6.908     106.565  100.000    2.500   0.492
-76.93  56.06   7.527  20807.672     237.699  180.000    0.400   0.283
-76.93  56.06   7.461  60884.901     237.699  139.000    0.400   0.258
-76.93  56.06   7.426  86582.314     237.699  120.000    0.400   0.284
-76.93  56.06   7.397  103522.350     237.699  109.000    0.400   0.243
-76.93  56.06   7.716  127270.290     237.699  95.000    0.400   0.255
-76.93  56.06   7.370  52555.165     237.699  146.000    0.400   0.266
-76.93  56.06   7.313  111722.490     237.699  104.000    0.400   0.314
-76.93  56.06   7.297  52555.509     237.699  146.000    0.400   0.266
-76.93  56.06   7.284  105137.848     237.699  108.000    0.400   0.261
-76.93  56.06   7.246  67119.404     203.629  100.000    0.400   0.275
-76.93  56.06   6.935  45827.113     203.629  118.000    0.400   0.317
-76.93  56.06   6.935  71060.985     203.629  97.000    0.400   0.317
-76.93  56.06   6.844  54790.154     203.629  110.000    0.400   0.368
-76.93  56.06   6.822  55966.909     203.629  109.000    0.400   0.314
-76.93  56.06   6.955  3489.616     203.629  180.000    0.400   0.208
-76.93  56.06   6.607  186.044     175.454  170.000    0.400   0.286
-76.93  56.06   6.524  96804.783     175.454  51.000    0.400   0.210
-76.93  56.06   5.288  4876.405     125.931  98.000    0.400   0.299
-76.93  56.06   4.700  13693.708     89.193  136.000    0.400   0.261
-76.93  56.06   0.475  25.566      6.022   4.000    0.400   0.164
-76.93  56.06   0.466  25.591      6.022   4.000    0.400   0.156
-76.93  56.06   5.080  39.524     106.565  102.800    0.600   0.207
-76.93  56.06   5.177  44.039     106.565  102.600    0.600   0.292
-76.93  56.06   6.764  509.321     203.629  138.200    2.900   0.439
-76.93  56.06   6.780  410.387     203.629  153.000    2.500   0.432
-76.93  56.06   7.008  227.913     203.629  152.300    3.400   0.419
-76.93  56.06   7.012  1402.624     203.629  110.000    2.500   0.419
-76.93  56.06   7.202  133.151     203.629  170.200    2.900   0.386
-76.93  56.06   7.528  629.003     237.699  175.000    2.500   0.320
-76.93  56.06   0.213  231.028      0.000   9.100    0.600   0.213
-76.93  56.06   0.226  231.028      0.000   9.100    0.600   0.226
-76.93  56.06   0.386   2.013      6.022  11.600    4.100   0.283
-76.93  56.06   1.677   0.261     20.262  20.300    4.200   0.347
-76.93  56.06   1.990   0.102     28.665  27.300    4.300   0.311
-76.93  56.06   2.861   1.928     48.443  42.300    4.600   0.363
-76.93  56.06   3.556   0.738     60.285  56.300    4.700   0.403
-76.93  56.06   6.961  664.407     203.629  149.500    2.100   0.285
-76.93  56.06   5.322  99.936     125.931  100.000    2.600   0.262
-76.93  56.06   0.150  58.760      0.000   7.600    1.000   0.150
-76.93  56.06   0.666   7.878      6.022   8.500    1.000   0.126
-76.93  56.06   0.191   8.867      0.000  11.500    4.100   0.191
-76.93  56.06   0.962   0.499     12.760  15.600    4.100   0.281
-76.93  56.06   1.151   1.359     12.760  17.100    4.100   0.309
-76.93  56.06   1.224   2.558     12.760  18.700    4.200   0.300
-76.93  56.06   1.530   0.179     20.262  22.000    4.200   0.326
-76.93  56.06   1.536   1.553     20.262  25.600    4.300   0.325
-76.93  56.06   1.556   0.030     20.262  20.200    4.200   0.323
-76.93  56.06   1.738   3.851     20.262  28.200    4.300   0.358
-76.93  56.06   1.766   1.183     28.665  24.900    4.300   0.363
-76.93  56.06   1.966   0.125     28.665  27.200    4.300   0.360
-76.93  56.06   1.996   0.092     28.665  30.000    4.400   0.370
-76.93  56.06   0.484   4.860      6.022   4.700    0.600   0.169
-76.93  56.06   0.222   1.562      0.000   3.000    4.000   0.222
-76.93  56.06   1.151  63.173     12.760   8.000    0.600   0.309
-76.93  56.06   1.812  72.965     28.665  50.000    2.500   0.513
-76.93  56.06   1.954   0.084     28.665  29.800    4.400   0.348
-76.93  56.06   2.063   0.169     28.665  30.300    4.400   0.361
-76.93  56.06   2.482   1.519     38.018  32.600    4.400   0.361
-76.93  56.06   3.232   0.583     48.443  50.600    4.800   0.376
-76.93  56.06   4.270  93.944     89.193  65.000    2.500   0.423
-76.93  56.06   0.156  85.028      0.000   5.500    0.600   0.156
-76.93  56.06   0.214  65.000      0.000   4.800    0.600   0.214
-76.93  56.06   0.214  129.444      0.000   6.800    0.600   0.214
-76.93  56.06   0.266   0.989      6.022   6.300    0.600   0.266
-76.93  56.06   0.391  23.228      6.022   8.900    0.600   0.236
-76.93  56.06   0.875   9.373     12.760  15.200    0.800   0.474
-76.93  56.06   1.250   2.821     12.760  19.700    4.200   0.828
-76.93  56.06   2.143  926.690     28.665  10.400    0.600   0.852
-76.93  56.06   2.380  813.628     38.018  15.200    0.800   0.379
-76.93  56.06   2.870  855.145     48.443  19.200    1.000   0.930
-76.93  56.06   5.420  1081.649     125.931  47.000    2.400   0.455
-76.93  56.06   7.186  1923.160     203.629  94.000    2.500   0.419
-76.93  56.06   3.495   0.471     60.285  62.000    2.500   0.418
-76.93  56.06   5.177  44.272     106.565  90.000    2.500   0.292
-76.93  56.06   2.442  28.615     38.018  30.000    1.500   0.280
-76.93  56.06   2.695   0.580     38.018  38.000    1.900   0.256
-76.93  56.06   5.853  1261.584     148.278  95.000    1.500   0.855
-76.93  56.06   7.282  1688.240     237.699  135.000    2.500   0.262
-76.93  56.06   7.315  1375.509     237.699  145.000    2.500   0.239
-76.93  56.06   7.559  18541.149     237.699  156.000    0.600   0.297
-76.93  56.06   7.516  111.270     237.699  205.000    3.100   0.225
-76.93  56.06   7.822  705.909     276.391  210.000    2.500   0.216
-76.93  56.06   1.052  121.733     12.760  30.400    1.600   0.123
-76.93  56.06   1.730   2.057     20.262  20.400    1.100   0.161
-76.93  56.06   6.580  196.651     175.454  140.400    2.500   0.369
-76.93  56.06   5.623  29.483     125.931  112.400    2.500   0.284
-78.60  58.91   1.639   8.699     17.883  15.000    1.000   0.223
-78.60  58.91   1.349   4.512     17.883  20.000    1.100   0.168
-78.60  58.91   3.422  50.304     52.633  34.200    2.600   0.376
-78.60  58.91   2.446  15.423     33.401  23.200    2.600   0.316
-78.60  58.91   2.088   3.973     25.341  20.200    2.600   0.349
-78.60  58.91   1.722   1.481     17.883  15.200    2.600   0.344
-78.60  58.91   1.524   3.251     17.883  13.200    2.600   0.296
-78.60  58.91   0.890   0.315     11.252  10.200    2.600   0.281
-78.60  58.91   0.612   0.166      5.294   5.200    2.600   0.275
-78.60  58.91   0.380   4.076      5.294   0.200    2.600   0.247
-78.60  58.91   1.936   0.079     25.341  25.000    1.400   0.455
-78.60  58.91   6.617  3627.031     149.425  35.000    1.900   0.340
-78.60  58.91   7.818  1020.597     231.042  148.000    2.600   0.261
-78.60  58.91   8.213  1253.750     231.042  139.000    2.600   0.290
-78.60  58.91   6.704  797.854     149.425  76.000    2.600   0.355
-78.60  58.91   7.388  1591.609     197.724  94.000    2.600   0.345
-78.60  58.91   3.820  5976.319     64.114  10.000    0.700   0.414
-78.60  58.91   1.000  174.702     11.252   2.000    0.700   0.294
-78.60  58.91   5.655  407.364     107.466  55.000    2.600   0.395
-78.60  58.91   4.860  3420.363     91.179  21.000    1.200   0.411
-78.60  58.91   0.246  205.082      0.000  10.000    0.700   0.246
-78.04  62.18   6.939  2643.354     140.826  38.000    2.000   0.292
-78.04  62.18   6.886  299.118     140.826  73.400    3.900   0.245
-78.04  62.18   4.051  24.392     52.687  36.400    3.300   0.284
-78.04  62.18   4.379  604.862     62.886  26.000    1.500   0.297
-78.04  62.18   7.563  1380.125     163.586  67.000    2.600   0.180
-78.04  62.18   7.077  529.515     140.826  81.000    2.600   0.345
-78.04  62.18   7.135  367.404     140.826  91.000    2.600   0.350
-78.04  62.18   7.849  2432.150     193.219  65.000    2.600   0.340
-78.04  62.18   2.505   2.416     27.529  22.400    3.300   0.224
-78.04  62.18   8.142  1341.679     193.219  98.000    2.600   0.206
-78.04  62.18   3.833  38.094     52.687  32.400    3.300   0.305
-78.04  62.18   7.713  1161.776     163.586  75.000    2.600   0.223
-78.04  62.18   2.651  23.066     27.529  37.000    2.000   0.190
-78.04  62.18   2.558  10.554     27.529  23.000    1.400   0.193
-78.04  62.18   7.716  7181.829     163.586  28.000    1.600   0.246
-78.04  62.18   8.070  1974.086     193.219  77.700    2.600   0.349
-78.04  62.18   7.255  970.815     163.586  82.600    2.600   0.318
-78.04  62.18   8.097  1024.624     193.219  110.000    2.600   0.236
-78.04  62.18   7.792  3421.170     193.219  47.000    2.500   0.333
-78.04  62.18   7.596  1295.891     163.586  70.000    2.600   0.180
-78.04  62.18   2.865  14.765     34.969  22.400    3.300   0.267
-74.90  62.19   8.086  636.091     174.850  111.800    2.500   0.426
-74.90  62.19   7.918  600.291     174.850  113.600    2.500   0.409
-74.90  62.19   7.811  600.571     174.850  113.600    2.500   0.334
-74.90  62.19   1.839  2471.249     18.412   3.500    0.300   0.201
-74.90  62.19   6.062  1402.759     91.923  32.000    1.600   0.203
-74.90  62.19   3.346  641.512     38.324  13.000    1.000   0.341
-74.90  62.19   4.463  36.692     55.819  43.100    2.100   0.375
-74.90  62.19   8.062  1151.988     174.850  90.000    2.500   0.249
-74.90  62.19   8.466  3405.579     200.636  113.100    1.500   0.620
-74.90  62.19   5.910  5901.917     91.923  15.100    1.000   0.334
-74.90  62.19   2.973  613.625     30.871   6.100    1.000   0.196
-74.90  62.19   7.731  394.241     146.700  97.100    2.500   0.295
-74.90  62.19   4.900  1242.817     66.303  24.000    1.200   0.332
-74.90  62.19   3.741  2166.363     38.324  10.400    0.600   0.391
-74.90  62.19   6.845  810.194     126.148  55.000    2.500   0.296
-74.90  62.19  11.953  14803.509     392.574  88.400    2.500   0.714
-74.90  62.19   7.740  586.178     146.700  86.200    2.500   0.328
-74.90  62.19   7.866  1350.222     174.850  83.000    2.500   0.214
-74.90  62.19   7.022  662.504     126.148  61.800    2.500   0.348
-74.90  62.19   7.023  400.768     126.148  76.100    2.500   0.341
-74.90  62.19   7.866  896.797     174.850  100.000    2.500   0.214
-74.90  62.19   7.864  970.122     174.850  97.000    2.500   0.210
-74.90  62.19   0.707   3.900      4.005   4.500    0.300   0.191
-74.90  62.19   0.270   3.451      4.005   4.500    0.300   0.270
-74.90  62.19   4.505  6088.883     55.819   9.000    0.600   0.371
-74.90  62.19   2.118  18.571     18.412  15.000    0.800   0.190
-74.90  62.19   4.007  6310.742     46.720   7.000    0.500   0.365
-74.90  62.19   1.153  207.380      8.309   4.000    0.300   0.149
-74.90  62.19   7.551  1202.785     146.700  60.000    2.500   0.180
-74.90  62.19   5.872  1704.507     91.923  30.000    1.500   0.243
-74.90  62.19   1.806  345.644     18.412   9.200    0.500   0.077
-74.90  62.19   8.072  565.601     174.850  115.400    2.500   0.217
-74.90  62.19   7.050  186.591     126.148  92.000    2.500   0.345
-74.90  62.19   7.511  1042.004     146.700  66.000    2.500   0.332
-74.90  62.19   5.282  24.821     78.326  66.000    2.500   0.305
-74.90  62.19   7.726  395.967     146.700  97.000    2.500   0.262
-74.90  62.19   7.966  1349.838     174.850  83.000    2.500   0.358
-74.90  62.19   7.575  835.389     146.700  60.000    3.000   0.179
-74.90  62.19   2.530  486.416     24.233  11.000    0.600   0.184
-74.90  62.19   7.952  839.858     174.850  102.400    2.500   0.385
-72.78  61.97   1.750  36.039     16.717   9.700    1.200   0.183
-72.78  61.97   7.508  1749.829     134.728  42.700    2.200   0.249
-72.78  61.97   7.218  262.131     115.734  73.700    2.600   0.251
-72.78  61.97   7.762  1287.405     159.969  66.700    2.600   0.317
-72.78  61.97   7.835  710.140     159.969  90.700    2.600   0.277
-72.78  61.97   4.160  1154.437     42.470   1.700    1.200   0.436
-72.78  61.97   7.551  3816.993     134.728  29.700    1.700   0.185
-72.78  61.97   6.183  3418.458     83.855  13.700    1.200   0.230
-72.78  61.97   5.056  1642.077     60.326  11.700    1.200   0.246
-72.78  61.97   4.514  1589.641     50.744   2.900    1.200   0.283
-72.78  61.97   4.004  535.539     42.470  14.700    1.200   0.289
-72.78  61.97   7.766  15474.442     159.969  10.700    1.200   0.196
-72.78  61.97   4.101  1043.936     42.470   3.700    1.200   0.309
-72.78  61.97   8.405  962.839     181.376  100.700    2.600   0.562
-72.78  61.97   7.114  883.579     115.734  44.400    2.400   0.294
-69.73  59.53   7.699  552.393     171.297  82.000    3.800   0.473
-69.73  59.53   7.224  846.836     149.826  48.000    3.500   0.345
-69.73  59.53   7.290  1481.806     171.297  52.000    3.100   0.226
-69.73  59.53   4.280  264.272     66.352  16.000    3.100   0.328
-69.73  59.53   5.404  298.793     93.582  40.000    3.100   0.512
-69.73  59.53   3.188  20.223     36.810  25.000    2.700   0.180
-69.73  59.53   1.720   2.901     15.516  13.000    2.400   0.164
-69.73  59.53   3.435  193.435     45.549   8.000    2.700   0.377
-69.73  59.53   6.232  744.899     109.860  28.000    3.000   0.401
-69.73  59.53   6.481  677.123     132.473  44.000    3.400   0.448
-69.73  59.53   6.756  987.421     149.826  43.000    3.400   0.500
-69.73  59.53   6.363  1348.120     132.473  26.000    2.900   0.375
-69.73  59.53   6.418  1348.025     132.473  26.000    2.900   0.412
-69.73  59.53   7.551  548.326     171.297  87.000    3.600   0.358
-69.73  59.53   7.694  1233.245     171.297  80.000    2.600   0.406
-69.73  59.53   7.127  249.294     149.826  93.000    3.600   0.358
-69.73  59.53   7.064  155.173     149.826  105.000    3.600   0.180
-69.73  59.53   6.290  114.544     132.473  94.000    3.600   0.365
-69.73  59.53   7.460  211.042     171.297  119.000    3.600   0.465
-69.73  59.53   7.274  262.477     171.297  113.000    3.600   0.460
-69.73  59.53   5.840  897.489     109.860  23.000    2.900   0.260
-68.96  58.43   7.074  6224.686     156.234  30.000    1.600   0.306
-68.96  58.43   6.825  18.804     156.234  145.000    2.600   0.475
-68.96  58.43   5.719  621.035     97.179  25.000    2.900   0.175
-68.96  58.43   1.113   5.660      9.834   4.000    2.600   0.143
-68.96  58.43   4.337  73.471     68.685  37.000    3.700   0.440
-68.96  58.43   4.878  147.513     81.926  37.000    3.700   0.424
-68.96  58.43   4.623  463.983     68.685  45.000    1.100   0.204
-68.96  58.43   5.604  210.983     97.179  42.000    3.800   0.286
-68.96  58.43   3.354  10.837     46.857  40.000    2.100   0.346
-68.96  58.43   7.492  569.245     180.978  92.700    3.700   0.211
-68.96  58.43   7.431  3170.196     180.978  17.700    2.900   0.149
-63.77  59.21   9.898  2454.990     49.637  10.000    0.800   0.323
-63.77  59.21   8.753  1358.697     31.477   2.000    0.800   0.245
-63.77  59.21  10.023  166.371     49.637  29.000    1.600   0.602
-63.77  59.21   9.085  150.164     31.477  18.000    1.100   0.385
-63.77  59.21   2.553   7.989     -1.250   1.000    0.800   0.188
-63.77  59.21   2.564   8.029     -1.250   1.000    0.800   0.185
-63.77  59.21   1.226  23.185     -0.451   3.200    0.800   0.147
-63.77  59.21   5.806  65.890      0.215   6.700    0.800   0.471
-63.77  59.21   5.707  90.972     -0.894   6.700    0.800   0.222
-63.77  59.21   3.511  49.704     -1.640   4.000    0.800   0.349
-63.77  59.21   0.639   1.273     -0.219   0.000    0.800   0.127
-63.77  59.21   0.217   1.000      0.000   0.000    0.800   0.217
-63.77  59.21   0.212   1.000      0.000   0.000    0.800   0.212
-63.77  59.21   8.726   5.188     23.838  21.000    1.300   0.347
-63.77  59.21   6.519  116.737      4.196  15.000    1.000   0.198
-63.77  59.21   5.136  48.847     -1.578   4.000    0.800   0.287
-63.77  59.21   7.385  181.341     11.769   1.000    0.800   0.304
-63.77  59.21   4.734  144.864     -1.809   7.800    0.800   0.303
-60.99  56.61   1.474  15.537      1.666   6.000    1.100   0.211
-60.99  56.61   1.976  10.716      2.404   6.000    1.100   0.143
-60.99  56.61   0.427  42.110      0.480   5.000    0.700   0.114
-60.99  56.61   1.770   7.656      2.404   4.200    0.700   0.222
-60.99  56.61   6.907   1.094     23.960  22.800    1.200   0.233
-60.99  56.61   7.021   0.943     23.960  22.800    1.200   0.232
-60.99  56.61   3.598  59.466      5.211  10.600    0.700   0.221
-60.99  56.61   3.981  41.402      6.553  11.700    0.800   0.247
-60.99  56.61   4.157  38.623      6.553  11.500    0.800   0.254
-60.99  56.61   4.490  39.124      7.878   3.500    0.700   0.288
-60.99  56.61   6.974   3.562     23.960  26.600    1.400   0.294
-60.99  56.61   7.873   0.965     40.543  41.300    2.200   0.138
-60.99  56.61   8.631  42.053     48.777  36.500    1.900   0.239
-60.99  56.61   1.287  11.139      1.666   3.500    0.700   0.103
-60.99  56.61   2.990  13.801      4.100   6.700    0.700   0.241
-60.99  56.61   5.681   3.573     11.878  10.700    0.700   0.210
-60.99  56.61   1.366  10.714      1.666   3.900    0.700   0.184
-60.35  53.80   8.711  1231.554     152.922  58.200    2.700   0.237
-60.35  53.80   7.338  1110.245     113.477  40.200    2.200   0.178
-60.35  53.80   8.277  829.530     152.922  75.200    2.700   0.235
-60.35  53.80   6.861  359.390     95.815  143.200    2.500   0.370
-60.35  53.80   7.457  428.143     113.477  165.200    2.500   0.131
-60.35  53.80   1.045   0.221      6.898   7.200    0.700   0.242
-60.35  53.80   1.704  19.034     10.812   7.800    0.700   0.284
-60.35  53.80   0.852   2.219      6.898   7.800    0.700   0.198
-60.35  53.80   5.487  374.712     60.172  29.200    1.600   0.158
-60.35  53.80   3.276  24.185     30.500  24.200    1.300   0.269
-60.35  53.80   5.994  258.092     70.150  33.200    2.300   0.242
-60.35  53.80   6.981   5.056     95.815  90.200    2.500   0.189
-57.64  54.15   7.691  2466.563     31.294   1.500    0.600   0.212
-57.64  54.15   0.728  10.246      0.959   2.700    0.600   0.169
-57.64  54.15   6.527  220.281     21.489  11.100    0.700   0.213
-57.64  54.15   6.898  401.960     25.131  11.100    0.700   0.255
-57.64  54.15   9.652  49.226     67.708  50.200    2.500   0.355
-57.64  54.15   6.777  6909.115     25.131  75.000    0.600   0.208
-57.64  54.15   7.644  492.027     31.294  18.000    0.600   0.137
-57.64  54.15   8.876  476.601     56.517   2.000    2.500   0.120
-57.64  54.15   4.537  56.191     11.197   6.700    0.600   0.278
-57.64  54.15   5.332  200.559     15.188   6.700    0.600   0.249
-57.64  54.15   5.604  200.240     15.188   6.700    0.600   0.285
-57.64  54.15   6.418  433.796     21.489   9.000    0.600   0.113
-57.64  54.15   1.499   0.831      3.047   2.500    0.600   0.194
-57.64  54.15   1.861   1.290      4.205   4.800    0.600   0.251
-56.66  51.04   3.631   0.361      6.179   5.200    2.600   0.280
-56.66  51.04   0.427   0.210      0.786   1.100    2.500   0.165
-56.66  51.04   6.090  86.989     11.618   5.100    0.700   0.168
-56.66  51.04   2.518   1.301      4.270   1.200    2.700   0.198
-56.66  51.04   1.704   0.397      2.478   2.700    2.100   0.328
-56.66  51.04   1.694   2.441      2.478   2.100    2.100   0.125
-56.66  51.04   1.448   0.274      2.478   2.600    2.100   0.100
-56.66  51.04   1.355   8.760      2.478   2.600    2.100   0.049
-56.66  51.04   1.082   3.532      1.609   5.400    2.100   0.157
-56.66  51.04   8.298   3.463     28.785  32.400    2.100   0.286
-56.66  51.04   7.484   0.638     18.726  20.400    2.100   0.302
-56.66  51.04   0.517   0.064      0.786   0.200    2.500   0.183
-56.66  51.04   8.206  57.234     23.669  15.400    1.100   0.242
-56.66  51.04   9.820  113.019     52.681  30.400    2.100   0.268
-56.66  51.04   3.721   1.692      6.179   3.900    3.200   0.203
-56.66  51.04  11.252  47.847     83.933  98.000    2.100   0.143
-56.66  51.04   7.559  467.007     18.726   3.600    0.700   0.272
-56.66  51.04   0.790  10.503      1.609   4.500    1.100   0.111
-56.66  51.04  12.456  696.194     115.408  60.000    2.100   0.245
-56.66  51.04   3.333   1.765      6.179   3.200    2.500   0.283
-56.66  51.04   3.371   1.375      6.179   3.200    3.200   0.181
-56.66  51.04   1.669   1.635      2.478   0.400    2.500   0.174
-56.66  51.04  10.117   5.993     52.681  45.400    3.000   0.366
-56.66  51.04   9.124   0.905     35.459  30.000    7.000   0.229
-56.66  51.04  10.854  574.654     74.754  48.400    1.100   0.181
-56.66  51.04  12.697  60.673     115.408  61.000    7.000   0.386
-56.66  51.04  10.369   6.858     62.990  50.400    5.000   0.182
-56.66  51.04  11.543  11.704     83.933  60.000    7.000   0.356
-56.66  51.04  11.368  821.866     83.933  104.000    0.700   0.599
-56.66  51.04   2.288   2.646      4.270   4.600    0.700   0.137
-56.66  51.04   2.940  57.370      5.202  10.500    0.700   0.203
-56.66  51.04   2.122  53.852      3.378   8.500    0.700   0.222
-56.66  51.04   2.940  57.370      5.202  10.500    0.700   0.203
-56.66  51.04   1.190   0.377      1.609   1.200    3.300   0.316
-56.66  51.04   4.723   4.262      8.081   9.000    0.700   0.140
-56.66  51.04   4.904  12.364      9.155   6.700    0.700   0.376
-56.66  51.04   4.402   3.947      8.081   6.700    0.700   0.413
-56.66  51.04   1.348   0.841      2.478   2.400    0.700   0.167
-56.66  51.04   3.213   1.536      5.202   4.400    2.300   0.179
-56.66  51.04   5.348   5.622     10.285   4.900    3.200   0.091
-56.66  51.04   4.723   3.427      8.081   6.100    2.100   0.140
-56.66  51.04   1.161   4.993      1.609   0.400    0.800   0.098
-56.66  51.04   8.297  304.504     28.785   9.600    1.100   0.352
-56.66  51.04   5.311  13.068     10.285   8.500    0.500   0.332
-56.66  51.04   4.074   1.105      7.216   3.800    3.300   0.407
-56.66  51.04   3.728  10.283      6.179   7.900    0.700   0.111
-56.66  51.04   0.925  32.600      1.609   5.600    0.700   0.247
-56.66  51.04   9.933  25.363     52.681  38.600    2.800   0.246
-56.66  51.04  13.709  39.495     152.710  90.600   10.000   0.217
-56.66  51.04  13.327  204.488     152.710  81.600    5.000   0.116
-56.66  51.04  14.616  13.404     189.083  115.700   20.100   0.422
-56.66  51.04  14.877  1094.178     200.063  130.600    2.100   0.625
-56.66  51.04  14.408  1542.757     189.083  106.600    2.100   0.618
-56.66  51.04   1.849   4.284      3.378   4.600    0.700   0.136
-56.66  51.04   1.849   4.077      3.378   4.600    0.700   0.148
-56.66  51.04   8.696  1402.977     28.785  55.000    0.700   0.297
-57.88  49.79  14.661  514.370     156.693  100.000    2.500   0.482
-57.88  49.79  11.754  12448.949     75.543   8.600    0.600   0.291
-57.88  49.79  10.926  7299.470     54.862   3.600    0.600   0.182
-57.88  49.79  11.591   9.215     61.660  51.700    3.300   0.282
-57.88  49.79   9.621  89.247     28.048   9.200    2.000   0.183
-57.88  49.79  10.009  291.837     36.025  10.400    1.500   0.162
-57.88  49.79   9.079  1570.774     21.853   6.000    0.400   0.403
-57.88  49.79   1.113   7.375      0.682  -0.400    0.400   0.444
-57.88  49.79   1.870  11.444      1.448   0.100    0.400   0.455
-57.88  49.79   1.190   2.242      0.682   0.100    0.400   0.532
-57.88  49.79   0.348   1.337      0.334   0.000    0.400   0.190
-57.88  49.79   9.258  120.044     28.048   4.100    2.200   0.195
-57.88  49.79   8.997  4602.719     21.853   1.500    0.300   0.587
-57.88  49.79  13.616  4479.736     120.700  27.000    1.400   0.201
-57.88  49.79  13.729  2157.506     120.700  37.100    1.800   0.347
-57.88  49.79  10.147  40.967     36.025  52.000    2.500   0.402
-58.67  48.39   6.502   5.826     -10.862  -14.000    1.300   0.293
-58.67  48.39  16.384  1060.079     105.116  40.000    2.000   0.565
-58.67  48.39   2.127   0.798     -2.013  -1.600    0.800   0.173
-58.67  48.39   5.263  172.488     -8.685   0.500    0.700   0.434
-58.67  48.39  10.799  461.874      4.212  -36.600    1.900   0.291
-58.67  48.39   5.277  43.589     -8.685   0.500    1.400   0.303
-58.67  48.39  10.095  15.001     -5.257   0.100    1.400   0.160
-58.67  48.39   2.994   0.140     -3.424  -3.200    0.600   0.214
-58.67  48.39  14.414  12111.228     67.531   1.500    0.600   0.616
-58.67  48.39   2.370   0.166     -2.686  -2.500    0.700   0.418
-58.67  48.39   2.884   0.037     -3.424  -3.500    0.700   0.731
-58.67  48.39   2.572   0.287     -2.686  -2.400    0.700   0.208
-58.67  48.39   2.611   0.238     -2.686  -2.800    0.600   0.247
-58.67  48.39   2.567   2.884     -2.686  -2.100    0.400   0.078
-58.67  48.39   1.769  23.431     -2.013  -1.000    0.400   0.056
-58.67  48.39   1.674   7.993     -1.437  -1.300    0.400   0.062
-58.67  48.39  13.653  1908.070     42.576  12.000    0.700   0.389
-58.67  48.39  12.811  4967.716     32.192   4.000    0.400   0.427
-58.67  48.39  16.336  1285.374     105.116  37.000    1.900   0.522
-58.67  48.39   0.488   3.666     -0.448   0.700    0.600   0.165
-58.67  48.39   0.608   8.440     -0.448   1.100    0.600   0.081
-58.67  48.39   0.984  10.287     -0.924   1.000    0.600   0.188
-58.67  48.39  14.624  2553.413     67.531  17.000    1.000   0.454
-58.67  48.39  13.959  6071.642     54.752   8.000    0.600   0.344
-58.67  48.39  13.031  832.109     32.192  12.000    0.700   0.274
-58.67  48.39   0.558   9.113     -0.448   0.700    0.400   0.062
-58.67  48.39  16.210  769.658     95.470  40.000    2.000   0.320
-58.67  48.39  14.399  3278.300     67.531  16.000    0.900   0.582
-58.67  48.39   0.478   0.118     -0.448  -0.700    0.800   0.159
-58.67  48.39  10.658   0.324     -0.886   0.000    2.100   0.413
-58.67  48.39   0.608   2.797     -0.448  -0.900    0.700   0.070
-58.67  48.39   0.678   4.157     -0.448  -1.400    0.700   0.117
-58.67  48.39   1.236  13.361     -0.924   0.400    0.400   0.152
-58.67  48.39   0.322  24.867     -0.448   1.500    0.400   0.167
-58.67  48.39  15.650  7889.242     86.057  15.000    0.800   0.412
-58.67  48.39  12.399  17.869     22.096  28.000    1.400   0.349
-58.67  48.39  16.213  1554.100     95.470  32.400    1.600   0.408
-58.67  48.39  13.197   2.148     32.192  30.000    1.500   1.790
-58.67  48.39  15.869  5695.799     95.470  20.000    1.000   0.389
-58.67  48.39  12.703  4053.772     22.096   3.000    0.300   0.141
-58.67  48.39   7.225  114.718     -12.622  -25.400    1.200   0.195
-58.67  48.39   6.526  112.728     -10.862  -23.600    1.200   0.111
-58.67  48.39   1.142   2.928     -0.924  -0.900    0.700   0.083
-58.67  48.39  13.230  832.554     32.192  12.000    0.700   0.341
-58.67  48.39  12.559  3638.617     22.096   4.000    0.300   0.144
-58.67  48.39   7.778   8.762     -13.015  -15.600    1.000   0.154
-53.72  47.31   2.099  52.096      2.204  -1.400    0.500   0.262
-53.72  47.31   1.527  31.325      1.698  -1.100    0.500   0.248
-53.72  47.31   1.857  49.219      2.204  -1.300    0.500   0.435
-53.72  47.31   1.370  27.034      1.698  -0.900    0.500   0.671
-53.72  47.31   0.623   0.973      0.594   0.400    0.400   0.142
-53.72  47.31   0.747   1.940      0.594   0.500    0.400   0.179
-53.72  47.31   0.141   1.640      0.000  -0.400    0.500   0.141
-53.72  47.31   0.212   1.640      0.000   0.400    0.500   0.212
-53.72  47.31   9.226  898.423      0.268  -32.700    1.100   0.595
-53.72  47.31  10.622  1144.477      4.212  -33.000    1.100   0.621
-53.72  47.31   7.373  593.986      0.697  -26.100    1.100   0.175
-53.72  47.31   0.665   6.276      0.594  -0.500    0.600   0.096
-53.72  47.31   2.239  52.946      2.204  -2.000    0.600   0.121
-54.89  49.42  12.884   0.300     55.315  56.000    2.800   0.235
-54.89  49.42  13.809  116.462     79.976  52.000    2.600   0.231
-54.89  49.42  13.434  5869.246     66.627  13.000    0.700   0.146
-54.89  49.42  13.260  3043.873     66.627  17.000    0.900   0.131
-54.89  49.42  13.965  399.571     79.976  40.000    2.000   0.161
-54.89  49.42  13.636  6090.162     66.627  12.000    0.700   0.310
-54.89  49.42  13.448  6090.061     66.627  12.000    0.700   0.172
-54.89  49.42  12.822  717.164     55.315  23.200    1.200   0.185
-54.89  49.42  10.565  315.713     16.382   7.500    0.500   0.155
-54.89  49.42  13.056  3654.324     55.315  13.000    0.700   0.181
-54.89  49.42  13.260  5548.997     66.627  14.500    0.700   0.125
-54.89  49.42  13.165  681.298     55.315  24.000    1.200   0.302
-54.89  49.42   2.842   6.235      1.971   1.100    0.600   0.077
-54.89  49.42   0.151  17.000      0.000   2.400    0.600   0.151
-54.89  49.42   2.385   2.372      1.788   0.900    0.600   0.270
-54.89  49.42   3.350   4.851      2.113   1.100    0.600   0.106
-54.89  49.42   3.165  14.485      1.971  -0.600    0.700   0.165
-54.89  49.42   3.268  18.027      2.113  -0.100    0.600   0.111
-54.89  49.42  14.123  1110.068     79.976  30.000    1.500   1.026
-54.89  49.42  13.741  2174.854     66.627  20.000    1.000   0.270
-54.89  49.42  13.434  5869.246     66.627  13.000    0.700   0.146
-54.89  49.42   1.705   9.399      1.102  -0.600    0.600   0.176
-54.89  49.42   0.152   2.000      0.000  -0.400    0.400   0.152
-54.89  49.42   1.141   9.088      0.748  -0.400    0.400   0.153
-54.89  49.42   0.228   2.744      0.000  -0.400    0.300   0.232
-54.89  49.42   1.551  16.165      1.102  -0.500    0.400   0.139
-54.89  49.42   1.153   1.109      0.748   0.700    0.300   0.147
-54.89  49.42  13.557  28.721     66.627  80.000    2.500   0.176
-54.89  49.42   6.240  57.421      1.220  -3.300    0.600   0.291
-63.97  49.79   6.934  12.487     27.469  25.000    0.700   0.298
-63.97  49.79   9.642  223.205     76.801  29.000    3.200   0.567
-63.97  49.79   0.215   1.000      0.000   0.000    0.700   0.215
-63.97  49.79  16.323  153987.412     274.689   0.000    0.700   0.975
-63.97  49.79   4.516   3.172      9.698   4.000    3.200   0.456
-63.97  49.79   4.377   3.247      9.698   4.000    3.200   0.447
-63.97  49.79  10.992  742.291     119.837  49.000    2.600   0.955
-63.97  49.79  14.207  3310.718     211.599  62.000    2.600   0.737
-63.97  49.79  14.207  3355.126     211.599  61.000    2.600   0.737
-63.97  49.79   4.546  80.969      9.698   3.400    0.700   0.287
-63.97  49.79   7.290  54.417     35.268  25.000    1.400   0.267
-63.97  49.79  10.700  3891.633     105.097  24.000    1.300   0.558
-63.97  49.79  11.982  561.560     148.789  54.000    4.000   0.686
-63.97  49.79  11.796  3586.768     148.789  35.000    1.900   0.709
-63.97  49.79  10.529  500.926     105.097  29.000    3.400   0.642
-63.97  49.79  10.089  322.559     90.061  29.000    3.400   0.555
-63.97  49.79  11.321  32506.587     131.207   5.000    0.700   0.614
-63.97  49.79  10.670  307.187     105.097  35.000    4.000   0.560
-63.97  49.79  10.341  18455.856     105.097  10.000    0.700   0.724
-63.97  49.79  10.102  4056.724     90.061  20.000    1.100   0.547
-63.97  49.79   9.822  9521.422     90.061  12.000    0.800   0.389
-63.97  49.79  10.655  3988.159     105.097  23.000    1.300   0.517
-63.97  49.79  10.438  2261.997     105.097  29.000    1.600   0.534
-63.97  49.79   0.917   0.132      1.231   2.500    4.500   0.361
-68.37  48.46   0.253   2.891     -0.384   1.700    1.500   0.253
-68.37  48.46   5.886   0.226      3.039   3.300    1.000   0.287
-68.37  48.46   6.277   7.075      5.891   3.300    1.000   0.370
-68.37  48.46   6.224   0.426      3.039   3.300    1.000   0.376
-68.37  48.46   0.250   2.930     -0.384   1.700    1.500   0.250
-68.37  48.46   0.252   2.391     -0.384   1.400    1.500   0.252
-68.37  48.46   0.188  11.890      0.000   3.300    1.000   0.188
-68.37  48.46   0.278  14.210     -0.384   3.300    1.000   0.278
-68.37  48.46   0.178   2.891      0.000   2.200    1.600   0.178
-68.37  48.46   7.809  534.288     23.836  10.000    0.600   0.120
-68.37  48.46   3.180   2.642     -1.335   4.400    3.700   0.369
-68.37  48.46   0.744  24.482     -0.384   2.500    0.600   0.207
-68.37  48.46  11.933  3969.827     135.608  60.000    1.200   0.623
-68.37  48.46  10.614  6601.723     82.125   9.000    0.900   0.338
-68.37  48.46  13.963  978.311     221.322  140.000    2.600   0.323
-68.37  48.46  12.267  6993.103     154.260  79.000    0.900   0.338
-68.37  48.46  10.864  2374.893     98.858  55.000    0.900   0.335
-68.37  48.46   1.355  24.931     -0.954   2.000    0.600   0.174
-68.37  48.46   0.623  10.546     -0.384   4.500    1.600   0.111
-68.37  48.46   0.255   1.030     -0.384  -0.100    0.900   0.255
-68.37  48.46   0.485   1.112     -0.384   1.300    1.600   0.225
-68.37  48.46   0.791   7.760     -0.697   1.400    1.000   0.114
-68.37  48.46   7.309  245.369     14.790   0.700    0.900   0.354
-68.37  48.46   4.625  226.092     -0.522  10.000    0.700   0.327
-68.37  48.46  11.702  106.460     113.257  67.900    4.400   0.458
-68.37  48.46  13.963  954.399     221.322  141.000    2.600   0.323
-68.37  48.46  11.133  503.636     98.858  45.000    2.400   0.632
-68.37  48.46  12.963  261.368     177.033  135.000    2.600   0.379
-68.37  48.46  11.397  295.189     113.257  60.000    3.100   0.497
-68.37  48.46   7.160  18.908      9.035   1.700    1.700   0.296
-68.37  48.46   6.721   7.350      5.891   1.400    1.700   0.361
-68.37  48.46   2.688  19.742     -1.309   6.200    1.700   0.392
-68.37  48.46   2.523  19.513     -1.309   6.200    1.700   0.387
-68.37  48.46   6.757  20.533      9.035   1.400    1.700   0.405
-68.37  48.46   6.818  20.436      9.035   1.400    1.700   0.355
-68.37  48.46   7.101  20.245      9.035   1.400    1.700   0.373
-68.37  48.46   7.253  62.754     14.790   1.400    1.700   0.290
-68.37  48.46   7.070  20.207      9.035   1.400    1.700   0.376
-68.37  48.46   7.112  20.294      9.035   1.400    1.700   0.323
-68.37  48.46   7.173  20.471      9.035   1.400    1.700   0.317
-68.37  48.46   6.824  20.363      9.035   1.400    1.700   0.403
-68.37  48.46   6.824  20.363      9.035   1.400    1.700   0.403
-68.37  48.46  12.280  1126.603     154.260  67.000    2.600   0.456
-68.37  48.46   8.047  5155.716     23.836  110.000    1.200   0.247
-68.37  48.46  10.831  59.770     98.858  64.900    4.400   0.372
-68.37  48.46  10.550  15.342     82.125  64.900    4.400   0.400
-68.37  48.46  10.375  46.165     82.125  50.900    4.600   0.424
-68.37  48.46  11.655  92.769     113.257  70.900    4.400   0.498
-68.37  48.46   9.044  272.685     42.067  85.000    2.600   0.394
-68.37  48.46   6.917  114.378      9.035  24.000    1.400   0.238
-68.37  48.46  13.298  856.168     196.039  120.000    2.600   0.220
-68.37  48.46  11.559  339.285     113.257  58.000    3.000   0.421
-68.37  48.46   8.670  84.894     32.153  15.600    1.800   0.300
-68.37  48.46   2.167   2.484     -1.167   5.000    4.000   0.509
-68.37  48.46   7.814   2.505     23.836  25.000    1.100   0.158
-68.37  48.46   5.697  287.045      1.393  20.000    1.100   0.205
-68.37  48.46  11.996  251.508     135.608  69.000    4.200   0.518
-68.37  48.46   8.761  311.132     42.067  13.900    1.600   0.216
-68.37  48.46   4.548  22.304     -0.522   7.500    1.700   0.255
-68.37  48.46   3.963  24.313     -0.876   7.500    1.700   0.184
-68.37  48.46   4.526  22.276     -0.522   7.500    1.700   0.281
-68.37  48.46   4.883   8.813      0.259   3.800    1.200   0.360
-68.37  48.46   5.567   2.235      1.393   3.900    1.700   0.272
-68.37  48.46   2.339   3.414     -1.309   5.000    3.500   0.397
-68.37  48.46   2.234   2.445     -1.167   4.000    3.500   0.454
-68.37  48.46   1.715  20.065     -0.954   6.500    1.700   0.235
-68.37  48.46   7.796  42.960     23.836  16.000    1.200   0.363
-68.37  48.46   9.049  436.357     42.067  17.000    1.200   0.502
-68.37  48.46   8.979  252.460     42.067  23.000    1.200   0.494
-68.37  48.46   4.869   4.685      0.259   3.900    1.700   0.418
-68.37  48.46   1.502  13.388     -0.954   4.900    1.600   0.419
-68.37  48.46   4.906   5.995      0.259   4.400    1.700   0.379
-68.37  48.46   5.593   3.794      1.393   3.700    1.200   0.297
-68.37  48.46   9.095  288.338     42.067  14.900    1.600   0.448
-68.37  48.46   0.928  43.396     -0.697   7.200    1.200   0.243
-68.37  48.46   2.112  15.006     -1.167   5.000    1.600   0.288
-68.37  48.46   4.514  18.553     -0.522   6.800    1.700   0.354
-68.37  48.46   4.858  14.469      0.259   6.700    1.700   0.421
-68.37  48.46   4.509   8.728     -0.522   4.500    1.700   0.361
-68.37  48.46   5.346   4.063      1.393   3.700    1.200   0.255
-68.37  48.46  11.893  1425.340     135.608  45.000    2.400   0.592
-68.37  48.46  11.283  219.904     113.257  51.000    4.200   0.516
-68.37  48.46   1.745   5.808     -0.954   6.500    3.800   0.175
-68.37  48.46  11.869  1394.075     135.608  46.000    2.400   0.557
-68.37  48.46  10.684  260.877     82.125  24.000    3.600   0.426
-68.37  48.46  11.447  241.423     113.257  48.000    4.200   0.535
-68.37  48.46  11.712  1416.046     113.257  38.000    2.000   0.600
-68.37  48.46  10.332  288.371     82.125  21.000    3.600   0.605
-68.37  48.46  10.437  2855.599     82.125  18.000    1.200   0.651
-68.37  48.46  14.705  1353.717     255.659  160.000    2.600   0.778
-69.30  48.44   7.420   3.314     27.403  30.000    1.500   0.141
-69.30  48.44   9.835  169.024     91.377  55.000    2.800   0.343
-69.30  48.44   9.812  169.055     91.377  55.000    2.800   0.364
-69.30  48.44  11.897  469.829     174.035  83.000    4.200   0.654
-69.30  48.44  10.229  168.979     91.377  55.000    2.800   0.529
-69.30  48.44   0.821  89.303      0.009   5.600    0.600   0.115
-69.30  48.44   0.842  76.214      0.009   5.200    0.600   0.136
-69.30  48.44   9.797  19870.889     91.377   6.800    0.600   0.294
-69.30  48.44   9.769  21598.551     91.377   3.200    0.600   0.301
-69.30  48.44   1.149   6.717      0.009   3.800    1.600   0.141
-69.30  48.44   1.105   6.407      0.009   3.900    1.600   0.150
-69.30  48.44   1.405   6.104      0.159   3.900    1.600   0.119
-69.30  48.44   1.553   7.159      0.159   4.400    1.600   0.145
-69.30  48.44   1.276  15.045      0.159   5.000    1.600   0.092
-69.30  48.44   1.022   5.924      0.009   3.900    1.600   0.239
-69.30  48.44   1.843   6.831      0.425   4.100    1.600   0.126
-69.30  48.44   1.408   7.306      0.159   4.300    1.600   0.118
-69.30  48.44   1.912   3.865      0.425   3.300    1.500   0.201
-69.30  48.44   1.288  14.711      0.159   5.400    1.600   0.106
-69.30  48.44   2.118   5.127      0.425   3.900    1.600   0.183
-69.30  48.44   1.133  17.448      0.009   4.500    1.100   0.151
-69.30  48.44   1.179  77.279      0.009   5.200    0.600   0.116
-69.30  48.44   1.250   7.178      0.009   3.500    1.600   0.161
-69.30  48.44  10.966  108.433     129.773  85.000    4.300   0.278
-69.30  48.44   6.706  39.143     15.299   4.100    1.800   0.313
-69.30  48.44   7.175  288.836     19.977   3.000    1.000   0.224
-69.30  48.44   9.405  2963.496     75.037  20.600    1.000   0.353
-69.30  48.44   9.379  475.356     75.037  35.800    1.800   0.286
-69.30  48.44   7.926  165.174     38.418  23.000    1.200   0.248
-69.30  48.44   6.247  41.472     11.113  16.200    0.800   0.243
-69.30  48.44   1.455   4.752      0.159   4.000    1.800   0.101
-69.30  48.44   1.678   6.217      0.159   4.000    1.800   0.138
-69.30  48.44   1.751   7.063      0.425   4.000    1.800   0.141
-69.30  48.44   1.742   5.221      0.159   4.000    1.800   0.295
-69.30  48.44   1.831   4.659      0.425   4.000    1.800   0.200
-69.30  48.44   1.831   4.659      0.425   4.000    1.800   0.200
-69.30  48.44   1.466   4.592      0.159   4.200    1.900   0.130
-69.30  48.44   1.527   4.549      0.159   4.200    1.900   0.168
-69.30  48.44   1.781   5.688      0.425   4.200    1.900   0.166
-69.30  48.44   1.786   4.920      0.425   4.200    1.900   0.216
-69.30  48.44   1.967   7.197      0.425   3.900    1.300   0.146
-69.30  48.44   2.164   8.279      0.425   3.900    1.300   0.154
-69.30  48.44   2.427   5.683      0.821   3.900    1.300   0.273
-69.30  48.44   2.437   5.662      0.821   3.900    1.300   0.280
-69.30  48.44   2.873   5.395      1.384   3.900    1.200   0.128
-69.30  48.44   8.534  828.683     49.159   3.100    1.600   0.461
-69.30  48.44   9.031  1071.512     61.474   9.100    1.600   0.464
-69.30  48.44  10.068  43448.788     91.377   8.000    0.400   0.455
-69.30  48.44   9.059  1092.095     61.474   8.600    1.600   0.337
-69.30  48.44   9.200  1092.218     61.474   8.600    1.600   0.509
-69.30  48.44   9.856  44497.332     91.377   7.000    0.400   0.461
-69.30  48.44   8.207  22.577     38.418  50.000    2.500   0.197
-69.30  48.44  10.438  630.553     109.819  59.600    2.000   0.221
-69.30  48.44  11.105  722.930     129.773  76.000    2.000   0.523
-69.30  48.44  11.332  1400.049     147.932  73.100    2.000   0.567
-69.30  48.44  11.846  2602.845     174.035  72.000    2.000   0.601
-69.30  48.44  11.664  1441.502     147.932  72.000    2.000   0.574
-69.30  48.44  11.302  20479.930     147.932  105.000    0.300   0.349
-69.30  48.44   7.052  77.824     19.977   4.100    1.800   0.374
-71.00  46.88  12.887  629.484     217.723  150.000    2.700   0.190
-71.00  46.88  11.248  61.131     108.932  130.000    2.700   0.499
-71.00  46.88  11.817  116.266     159.100  130.000    2.700   0.562
-71.00  46.88  11.448   0.196     129.118  128.000    2.700   0.327
-71.00  46.88   9.511  231.928     53.881  95.000    2.700   0.376
-71.00  46.88  11.534   0.013     129.118  129.100    3.100   0.305
-71.00  46.88  11.048  16.433     108.932  98.000    2.700   0.244
-71.00  46.88  11.420  358.535     129.118  78.000    2.700   0.268
-71.00  46.88  11.531  655.337     129.118  60.000    2.700   0.298
-71.00  46.88  11.534  16.256     129.118  140.000    2.700   0.305
-71.00  46.88  11.534  27.355     129.118  115.000    2.700   0.305
-71.00  46.88  11.774  655.114     159.100  90.000    2.700   0.615
-71.00  46.88  11.531  209.919     129.118  90.000    2.700   0.298
-71.00  46.88  11.425  512.480     129.118  68.000    2.700   0.276
-71.00  46.88  11.155  196.300     108.932  45.900    4.500   0.492
-71.00  46.88  10.959  276.976     108.932  64.000    2.700   0.232
-71.00  46.88  10.262  86.986     87.809  45.900    4.500   0.474
-71.00  46.88  11.214  445.046     108.932  52.000    2.700   0.329
-71.00  46.88  10.896  315.355     108.932  61.000    2.700   0.234
-71.00  46.88  13.168  329.658     217.723  176.000    2.300   0.218
-71.00  46.88   5.872  14.766      5.397  10.000    1.200   0.575
-71.00  46.88   5.881  14.760      5.397  10.000    1.200   0.569
-71.00  46.88  10.935  1039.574     108.932  38.000    2.200   0.391
-71.00  46.88  11.048  286.566     108.932  70.000    2.300   0.244
-71.00  46.88   1.131  12.573     -0.045   2.400    0.700   0.216
-71.00  46.88   1.317   6.303      0.019   1.700    0.700   0.250
-71.00  46.88   1.255   9.680      0.019   2.100    0.700   0.267
-71.00  46.88   6.157   0.280      5.397   5.900    1.400   0.404
-71.00  46.88   6.226   0.682      5.397   5.900    1.400   0.304
-71.00  46.88   6.825  13.355     10.662   5.600    1.400   0.331
-71.00  46.88   6.748   3.298      8.007   5.600    1.400   0.424
-71.00  46.88   6.760  13.433     10.662   5.600    1.400   0.401
-71.00  46.88   6.606   3.062      8.007   5.600    1.400   0.323
-71.00  46.88   6.852  13.213     10.662   5.600    1.400   0.399
-71.00  46.88   6.824  13.336     10.662   5.600    1.400   0.345
-71.00  46.88   6.788  194.819     10.662   0.900    0.700   0.373
-71.00  46.88   6.901  194.582     10.662   0.900    0.700   0.340
-71.00  46.88   7.035  194.505     10.662   0.900    0.700   0.377
-71.00  46.88   7.043  194.510     10.662   0.900    0.700   0.365
-71.00  46.88   7.074  194.544     10.662   0.900    0.700   0.341
-71.00  46.88   7.074  194.544     10.662   0.900    0.700   0.341
-71.00  46.88   7.085  194.562     10.662   0.900    0.700   0.330
-71.00  46.88   7.111  194.621     10.662   0.900    0.700   0.314
-71.00  46.88   7.113  194.625     10.662   0.900    0.700   0.315
-71.00  46.88   7.114  194.627     10.662   0.900    0.700   0.317
-71.00  46.88   7.266  421.974     15.268   0.900    0.700   0.291
-71.00  46.88   7.337  421.595     15.268   0.900    0.700   0.316
-71.00  46.88   7.434  421.392     15.268   0.900    0.700   0.257
-71.00  46.88   7.442  421.374     15.268   0.900    0.700   0.264
-71.00  46.88   5.059   4.503      2.736   5.700    1.400   0.406
-71.00  46.88   5.407   9.219      3.860   8.100    1.400   0.434
-71.00  46.88   5.363   8.457      3.860   7.900    1.400   0.382
-71.00  46.88   5.451   8.342      3.860   7.900    1.400   0.407
-71.00  46.88   5.483   8.330      3.860   7.900    1.400   0.428
-71.00  46.88   5.606   8.447      3.860   7.900    1.400   0.308
-71.00  46.88   5.580   8.346      3.860   7.900    1.400   0.601
-71.00  46.88   5.691   8.557      3.860   7.900    1.400   0.401
-71.00  46.88   5.839   2.899      5.397   7.700    1.400   0.367
-71.00  46.88   7.158  26.884     10.662   5.000    1.100   0.254
-71.00  46.88   7.340  89.775     15.268   4.900    1.100   0.167
-71.00  46.88   7.231  29.360     10.662   4.800    1.100   0.235
-71.00  46.88   6.913  29.511     10.662   4.700    1.100   0.240
-71.00  46.88   7.219  32.685     10.662   4.500    1.100   0.192
-71.00  46.88   8.370  31.583     30.941   4.200    4.800   0.176
-71.00  46.88   8.380  31.509     30.941   4.200    4.800   0.175
-71.00  46.88   9.025  409.350     41.302  15.000    1.300   0.422
-71.00  46.88  10.453   1.196     87.809  82.900    4.500   0.628
-71.00  46.88  12.548  622.151     187.345  120.000    2.700   0.356
-71.00  46.88   0.464  45.258     -0.054   6.000    0.900   0.464
-65.61  47.82  13.874  857.626     76.353  29.500    1.600   0.347
-65.61  47.82  13.880  170.819     76.353  45.000    2.400   0.299
-65.61  47.82  13.777  681.473     76.353  32.000    1.700   0.252
-65.61  47.82  13.959  9815.963     76.353   7.000    0.700   0.472
-65.61  47.82  14.476  7196.434     99.832  15.000    1.000   0.613
-65.61  47.82  13.666  2646.053     59.288  13.000    0.900   0.180
-65.61  47.82  14.384  19934.231     99.832   1.000    0.700   0.357
-65.61  47.82  14.406  9308.395     99.832  13.000    0.900   0.415
-65.61  47.82  13.851  11282.414     76.353   2.000    0.700   0.549
-65.61  47.82   4.117  306.563     -12.253   0.000    0.700   0.285
-65.61  47.82   8.079  823.271     -22.083  -2.000    0.700   0.233
-65.61  47.82  14.578  20339.577     99.832   0.000    0.700   0.651
-65.61  47.82   0.247   1.000      0.000   0.000    0.700   0.247
-65.61  47.82   2.232   7.055     -5.213  -3.500    0.700   0.225
-65.61  47.82   5.484  557.034     -18.521  -2.000    0.700   0.428
-61.73  47.44   0.854  249.464     -2.621   0.500    0.200   0.060
-61.73  47.44   0.606  44.791     -1.270   0.000    0.200   0.050
-61.73  47.44   0.591  32.082     -1.270  -0.200    0.200   0.049
-61.73  47.44   0.143   3.324      0.000   0.300    0.200   0.138
-61.73  47.44   0.761  196.199     -2.621  -0.400    0.200   0.028
-61.73  47.44   1.024  74.340     -2.621  -0.900    0.200   0.044
-61.73  47.44   0.853  191.543     -2.621   0.100    0.200   0.058
-61.73  47.44   0.606  33.095     -1.270  -0.200    0.200   0.050
-61.73  47.44   1.812  156.907     -5.644  -3.200    0.200   0.069
-61.73  47.44   0.143   2.627      0.000  -0.300    0.300   0.113
-61.73  47.44   1.323  125.127     -4.048  -1.300    0.300   0.028
-61.73  47.44   1.186  20.937     -2.621  -1.400    0.300   0.089
-61.73  47.44   1.168  17.230     -2.621  -1.500    0.300   0.093
-61.73  47.44   0.738  31.327     -1.270  -0.900    0.300   0.043
-61.73  47.44   0.142  10.000      0.000  -0.900    0.300   0.142
-61.73  47.44   0.617  19.894     -1.270  -0.100    0.300   0.054
-61.73  47.44   0.141   1.014      0.000   0.000    0.300   0.141
-61.73  47.44   0.143   1.185      0.000   0.100    0.300   0.138
-61.73  47.44  10.648  34205.179     -36.987   0.000    0.200   0.080
-61.73  47.44  10.826  26979.234     -35.050  -2.200    0.200   0.258
-61.73  47.44   0.319  155.305     -1.270  -5.000    0.300   0.219
-61.73  47.44   0.603  154.927     -1.270  -5.000    0.300   0.185
-62.88  46.12   6.173  19.985     -17.929  -21.500    0.800   0.703
-62.88  46.12   3.280  60.930     -6.777  -2.100    0.600   0.534
-62.88  46.12   1.497   2.483     -2.030  -1.400    0.400   0.423
-62.88  46.12   4.954   6.940     -12.833  -10.200    1.000   0.515
-62.88  46.12   4.934   0.553     -12.833  -12.100    1.000   0.513
-62.88  46.12   5.176   3.968     -12.833  -14.800    1.000   0.561
-62.88  46.12   6.271  22.842     -20.237  -15.500    1.000   0.361
-62.88  46.12   4.446   0.349     -10.619  -11.200    1.000   0.513
-62.88  46.12   1.410   0.887     -2.030  -1.400    0.700   0.325
-62.88  46.12   1.799   4.449     -2.935  -1.900    0.500   0.496
-62.88  46.12   2.955  16.451     -5.233  -2.800    0.600   0.600
-62.88  46.12   3.618  57.097     -6.777  -3.000    0.500   0.621
-62.88  46.12   1.609   1.031     -2.030  -2.700    0.700   0.320
-62.88  46.12   2.174   1.632     -2.935  -3.800    0.700   0.536
-62.88  46.12   0.832   7.753     -1.253   0.000    0.600   0.091
-62.88  46.12   1.734   4.113     -2.030  -3.200    0.600   0.419
-62.88  46.12   1.446   1.143     -2.030  -1.400    0.600   0.269
-62.88  46.12   8.030  160.706     -29.394  -37.000    0.600   0.323
-62.88  46.12  13.716  475.601     -8.059   5.000    0.600   0.157
-62.88  46.12  12.143  197.434     -28.880  -34.500    0.400   0.852
-62.88  46.12  12.386  2259.541     -23.519   5.000    0.600   0.246
-62.88  46.12   4.687   1.380     -10.619  -11.000    0.400   0.272
-62.88  46.12   0.860   2.867     -1.253  -0.600    0.400   0.312
-62.88  46.12   3.583  64.970     -6.777  -10.000    0.400   0.399
-62.88  46.12  14.483  46.739     16.837  10.000    1.000   0.550
-62.88  46.12   8.015  4310.805     -29.394  10.000    0.600   0.355
-62.88  46.12   6.805  869.041     -23.813  -41.500    0.600   0.736
-62.88  46.12   4.261  5348.890     -10.619  -54.500    0.600   0.579
-62.88  46.12   4.852  1975.436     -12.833  -39.500    0.600   0.565
-62.88  46.12   5.223  20.064     -12.833  -15.500    0.600   0.403
-62.88  46.12   6.013   6.830     -17.929  -16.100    0.700   0.275
-60.77  46.11   1.601  413.107     -2.211  -14.400    0.600   0.155
-60.77  46.11   5.079   7.134     -13.250  -15.100    0.700   0.203
-60.77  46.11   5.175   9.416     -13.250  -15.200    0.700   0.136
-60.77  46.11   5.136  12.384     -13.250  -15.300    0.600   0.161
-60.77  46.11   4.637  15.030     -11.037  -13.700    0.700   0.184
-60.77  46.11   4.628  19.625     -11.037  -14.100    0.700   0.186
-60.77  46.11   1.846  325.183     -3.192  -14.000    0.600   0.187
-60.77  46.11   4.740  28.739     -11.037  -14.500    0.700   0.117
-60.77  46.11   4.294   3.011     -11.037  -11.600    0.700   0.134
-60.77  46.11   6.050  30.571     -18.439  -22.300    0.700   0.128
-60.77  46.11   6.142  33.073     -18.439  -22.400    0.700   0.138
-60.77  46.11   4.008  169.489     -8.911  -1.100    0.600   0.283
-60.77  46.11   0.818   2.774     -1.355  -1.100    0.600   0.113
-60.77  46.11   1.145   0.991     -1.355  -1.100    0.600   0.161
-60.77  46.11   1.427   1.325     -2.211  -1.500    0.700   0.135
-60.77  46.11  12.106  23266.020     -41.519  50.000    0.600   0.301
-64.23  45.72   4.059  12.837     -6.629  -5.200    0.400   0.224
-64.23  45.72   4.432  67.493     -8.486  -5.200    0.400   0.421
-64.23  45.72   4.705  70.254     -8.486  -5.200    0.400   0.122
-64.23  45.72   4.021  23.290     -6.629  -4.700    0.400   0.120
-64.23  45.72   5.093  205.466     -10.431  -4.700    0.400   0.210
-64.23  45.72   4.718  70.245     -8.486  -5.200    0.400   0.131
-64.23  45.72   4.631  68.004     -8.486  -5.200    0.400   0.179
-64.23  45.72   5.014  126.829     -10.431  -4.800    0.500   0.586
-64.23  45.72   2.366   2.758     -2.744  -0.300    1.500   0.418
-64.23  45.72   4.484  20.896     -8.486  -6.200    0.500   0.477
-64.23  45.72   8.023  5748.960     -25.329   5.000    0.400   0.165
-64.23  45.72  12.441  10883.013     -11.729  30.000    0.400   0.315
-64.23  45.72  12.386  10883.104     -11.729  30.000    0.400   0.321
-64.23  45.72  12.265  10883.289     -11.729  30.000    0.400   0.420
-64.23  45.72  12.408  10883.071     -11.729  30.000    0.400   0.303
-64.23  45.72  12.887  6993.122     -3.450  30.000    0.400   0.452
-64.23  45.72  11.736  19365.362     -25.664  30.000    0.400   0.902
-64.23  45.72  12.624  7110.518     -11.729  22.000    0.400   0.196
-64.23  45.72   7.991   1.367     -25.329  -27.900    2.200   0.320
-64.23  45.72   2.296   0.755     -2.744  -1.600    1.600   0.414
-64.23  45.72   3.341   2.023     -5.174  -3.100    1.500   0.478
-64.23  45.72   3.442   0.631     -5.174  -4.000    1.500   0.432
-64.23  45.72   0.145   1.087      0.000  -0.500    1.700   0.145
-64.23  45.72   0.256   0.941     -0.392  -0.700    1.700   0.256
-64.23  45.72   0.806   3.131     -0.850  -0.200    1.800   0.112
-64.23  45.72   2.001   0.000     -2.076  -2.100    1.600   0.119
-64.23  45.72   2.521   0.014     -2.744  -2.700    1.500   0.180
-64.23  45.72   2.789  14.122     -3.888  -2.700    1.400   0.058
-64.23  45.72   2.628   0.983     -2.744  -3.100    1.500   0.134
-64.23  45.72   2.549   0.126     -2.744  -3.100    1.500   0.186
-64.23  45.72   0.330   1.106     -0.392   0.100    1.600   0.170
-64.23  45.72   0.248   1.004      0.000  -0.100    1.600   0.248
-64.23  45.72   0.858   2.481     -0.850   0.900    1.700   0.119
-64.23  45.72   1.000   0.070     -0.850  -1.300    1.700   0.167
-64.23  45.72   1.085   0.514     -0.850  -1.600    1.700   0.149
-64.23  45.72   3.183   1.275     -3.888  -3.100    1.400   0.187
-64.23  45.72   2.732   1.510     -2.744  -3.000    1.400   0.191
-64.23  45.72   2.668   0.964     -2.744  -3.200    1.500   0.180
-64.23  45.72   2.991   0.606     -3.888  -2.800    1.400   0.207
-64.23  45.72   2.717   0.899     -2.744  -2.700    1.400   0.229
-64.23  45.72   2.642   0.273     -2.744  -2.900    1.500   0.277
-64.23  45.72   2.572   0.123     -2.744  -2.800    1.500   0.207
-64.23  45.72   3.313  174.521     -5.174   0.100    0.400   0.230
-64.23  45.72   0.813   3.418     -0.850   0.600    1.700   0.114
-64.23  45.72   0.817   3.036     -0.850   0.500    1.700   0.118
-64.23  45.72   1.050   0.708     -0.850   0.400    1.700   0.122
-64.23  45.72   1.442   1.646     -1.405   0.500    1.600   0.122
-64.23  45.72   1.155   1.391     -0.850  -0.200    1.700   0.139
-64.23  45.72   0.985   0.077     -0.850  -0.400    1.700   0.190
-64.23  45.72   1.105   0.561     -0.850  -0.400    1.700   0.150
-64.23  45.72   1.811   2.454     -2.076  -0.200    1.600   0.182
-64.23  45.72   2.104   1.370     -2.076  -0.400    1.600   0.201
-64.23  45.72   2.132   1.279     -2.076  -0.700    1.600   0.180
-64.23  45.72   2.415   2.343     -2.744  -0.500    1.500   0.263
-64.23  45.72   2.316   2.360     -2.744  -1.000    1.600   0.170
-64.23  45.72   2.099   0.555     -2.076  -1.200    1.600   0.196
-64.23  45.72   2.155   0.971     -2.076  -1.600    1.600   0.165
-64.23  45.72   2.402   1.076     -2.744  -1.300    1.500   0.253
-64.23  45.72   2.430   0.994     -2.744  -1.300    1.500   0.270
-64.23  45.72   2.538   0.848     -2.744  -1.400    1.500   0.178
-64.23  45.72   2.518   0.590     -2.744  -1.600    1.500   0.188
-64.23  45.72   1.482   6.655     -1.405   2.200    1.400   0.115
-64.23  45.72   2.007   1.236     -2.076  -0.300    1.600   0.119
-64.23  45.72   2.824   3.789     -3.888  -2.500    1.600   0.101
-64.23  45.72   0.601   2.760     -0.392  -1.200    1.600   0.064
-64.23  45.72   1.707   0.528     -1.405  -1.300    1.600   0.286
-64.23  45.72   2.166   1.133     -2.076  -2.500    1.600   0.161
-64.23  45.72   3.428   5.034     -5.174  -2.100    1.400   0.158
-64.23  45.72   1.855   1.971     -2.076  -0.600    1.600   0.138
-64.23  45.72   0.818   2.602     -0.850  -0.700    1.700   0.113
-64.23  45.72   1.210   2.976     -0.850  -1.700    1.700   0.128
-64.23  45.72   1.262   8.522     -1.405  -1.700    1.700   0.082
-64.23  45.72   1.098   1.824     -0.850   1.200    1.700   0.161
-64.23  45.72   1.236   3.535     -0.850   0.900    1.700   0.150
-64.23  45.72   0.983   0.950     -0.850   0.800    1.700   0.187
-64.23  45.72   1.444   1.019     -1.405   0.100    1.600   0.151
-64.23  45.72   0.418   1.599     -0.392   1.300    1.700   0.104
-64.23  45.72   0.742   3.314     -0.392   1.500    1.700   0.168
-64.23  45.72   0.985   1.461     -0.850   1.200    1.700   0.190
-64.23  45.72   1.705   1.834     -1.405  -0.300    1.600   0.176
-64.23  45.72   2.175   1.775     -2.076  -0.700    1.600   0.172
-64.23  45.72   2.204   1.993     -2.076  -1.300    1.600   0.153
-64.23  45.72   1.409   4.226     -1.405   1.600    1.600   0.110
-64.23  45.72   0.924   1.929     -0.850   1.300    1.700   0.132
-64.23  45.72   0.902   0.415     -0.850  -1.100    1.700   0.155
-64.23  45.72   2.901   0.811     -3.888  -3.000    1.400   0.155
-64.23  45.72   3.144   0.584     -3.888  -4.200    1.400   0.197
-64.23  45.72   1.719   2.220     -1.405  -0.900    1.700   0.150
-64.23  45.72   1.849   1.206     -2.076  -1.400    1.600   0.149
-64.23  45.72   3.836  145.936     -6.629  -1.800    0.400   0.386
-64.23  45.72   4.163   1.377     -6.629  -7.900    1.300   0.251
-64.23  45.72   1.001   0.541     -0.850   0.400    1.700   0.269
-64.23  45.72   1.542   1.585     -1.405   0.600    1.600   0.353
-64.23  45.72   0.703   1.024     -0.392   0.000    1.700   0.205
-64.23  45.72   0.214   1.346      0.000  -1.000    1.700   0.214
-64.23  45.72   0.933   0.082     -0.850  -0.900    1.700   0.235
-64.23  45.72   0.870   0.260     -0.850  -1.300    1.700   0.298
-64.23  45.72   3.200  11.648     -3.888  -3.700    1.400   0.059
-64.23  45.72   2.708   1.914     -2.744  -4.500    1.400   0.355
-64.23  45.72   3.289   0.559     -5.174  -5.000    1.400   0.285
-64.23  45.72   1.244   1.022     -0.850  -1.700    1.800   0.273
-64.23  45.72   2.260   0.327     -2.744  -3.000    1.600   0.436
-64.23  45.72   2.705   1.145     -2.744  -4.100    1.500   0.358
-64.23  45.72   4.253   0.400     -8.486  -9.000    1.200   0.532
-64.23  45.72   4.534  131.435     -8.486  -3.900    0.400   0.275
-64.23  45.72   2.552   0.228     -2.744  -2.200    1.400   0.188
-64.23  45.72   2.104   0.476     -2.076  -2.800    1.600   0.201
-64.23  45.72   1.150   1.156     -0.850  -1.000    1.700   0.140
-64.23  45.72   2.209   2.197     -2.076  -2.100    1.600   0.141
-64.23  45.72   3.709  76.057     -5.174  -1.700    0.400   0.266
-64.23  45.72  14.249  84.286     21.352   3.000    2.000   0.827
-64.23  45.72   3.550  119.620     -5.174  -0.800    0.400   0.276
-63.26  44.70   7.920   2.324     -24.722  -27.000    1.500   0.589
-63.26  44.70   3.448   3.438     -3.726  -6.500    1.500   0.385
-63.26  44.70   1.529   3.792     -0.783  -3.700    1.500   0.306
-63.26  44.70   0.352   2.933     -0.177  -2.500    1.500   0.202
-63.26  44.70   1.141   5.462     -0.436  -3.900    1.500   0.391
-63.26  44.70   1.063   6.316     -0.436  -4.200    1.500   0.440
-63.26  44.70   8.610   0.250     -27.603  -26.900    1.500   0.628
-63.26  44.70   9.900  42.576     -33.521  -43.300    1.500   0.367
-63.26  44.70   6.971  44.670     -18.876  -28.900    1.500   0.285
-63.26  44.70   4.851  47.710     -8.452  -18.800    1.500   0.424
-63.26  44.70   8.018  11.045     -24.722  -31.700    2.100   0.281
-63.26  44.70   8.106  15.001     -24.722  -32.800    2.100   0.234
-63.26  44.70   8.570  92.167     -27.603  -42.000    1.500   0.357
-63.26  44.70  12.886  116.635     -28.727  -44.900    1.500   0.183
-63.26  44.70   9.941  82.460     -33.521  -19.900    1.500   1.141
-63.26  44.70   7.646  25.593     -22.063  -30.000    1.600   0.147
-63.26  44.70   8.291  21.866     -27.603  -34.500    1.500   0.246
-63.26  44.70   6.723  30.151     -15.378  -21.400    1.100   0.522
-63.26  44.70   8.688  36.052     -27.603  -21.000    1.100   1.202
-63.26  44.70   1.352  13.540     -0.783  -3.300    0.700   0.190
-63.26  44.70   1.931  28.790     -1.246  -5.000    0.700   0.372
-63.26  44.70   0.311  11.348     -0.177  -2.400    0.700   0.168
-63.26  44.70   2.786  50.635     -2.651  -6.200    0.500   0.421
-63.26  44.70   4.316  86.086     -6.665  -11.300    0.500   0.484
-63.26  44.70   4.266  42.054     -6.665  -9.900    0.500   0.539
-63.26  44.70   4.306  53.746     -6.665  -10.300    0.500   0.206
-63.26  44.70   4.154  89.719     -4.976  -9.700    0.500   0.228
-63.26  44.70  10.935  8851.864     -34.542  12.500    0.500   0.668
-63.26  44.70   3.882  28.917     -4.976  -8.200    0.600   0.536
-63.26  44.70   1.652  17.920     -0.783  -3.300    0.600   0.270
-63.26  44.70   0.141   5.195      0.000  -0.800    0.400   0.129
-63.26  44.70   0.431   3.750     -0.177  -0.900    0.400   0.099
-63.26  44.70   0.400   5.549     -0.177  -1.000    0.400   0.087
-63.26  44.70   0.406   6.387     -0.177  -1.100    0.400   0.091
-63.26  44.70   0.390   8.251     -0.177  -1.200    0.400   0.084
-63.26  44.70   0.564   8.979     -0.177  -1.300    0.400   0.060
-63.26  44.70   0.572  10.649     -0.177  -1.400    0.400   0.063
-63.26  44.70   0.600  14.148     -0.177  -1.500    0.400   0.056
-63.26  44.70   0.734  30.751     -0.177  -1.600    0.400   0.055
-63.26  44.70   0.801  13.571     -0.436  -1.700    0.400   0.105
-63.26  44.70   0.881  13.542     -0.436  -1.800    0.400   0.086
-63.26  44.70   0.991  13.407     -0.436  -1.900    0.400   0.065
-63.26  44.70   0.997  15.282     -0.436  -2.000    0.400   0.063
-63.26  44.70   0.403   4.452     -0.177  -0.900    0.400   0.089
-63.26  44.70   0.791  10.885     -0.436  -1.500    0.400   0.107
-63.26  44.70   0.864   8.887     -0.436  -1.600    0.500   0.073
-63.26  44.70   0.882  11.624     -0.436  -2.000    0.500   0.086
-60.01  43.95  12.399  2841.044     -73.980  -42.000    0.600   0.298
-60.01  43.95   0.512   0.403     -0.621  -1.000    0.600   0.208
-60.01  43.95   4.397   0.378     -11.294  -10.900    0.700   0.412
-60.01  43.95   5.229   0.423     -13.684  -13.300    0.700   0.658
-60.01  43.95   9.419  69.414     -48.962  -32.300    2.000   0.821
-60.01  43.95   8.986  23.041     -44.700  -35.100    2.000   0.529
-60.01  43.95   9.386  49.582     -48.962  -34.900    2.000   0.296
-60.01  43.95  11.544  218.578     -69.669  -40.100    2.000   0.831
-60.01  43.95   7.570   0.725     -31.390  -33.000    2.000   0.253
-60.01  43.95  10.744  72.319     -57.279  -50.500    0.800   0.342
-65.85  43.82   1.138   6.814     -0.492  -2.200    0.700   0.149
-65.85  43.82   1.357  34.080     -0.855  -4.900    0.700   0.173
-65.85  43.82   0.967   0.754     -0.492  -1.600    1.300   0.203
-65.85  43.82   5.782  26.775     -11.828  -22.000    2.100   0.119
-65.85  43.82   1.288   1.194     -0.855  -2.000    1.300   0.328
-65.85  43.82   2.707   1.112     -1.954  -3.000    1.200   0.349
-65.85  43.82   2.493   4.502     -1.954  -4.500    1.200   0.427
-65.85  43.82   2.857   6.547     -2.749  -5.800    1.200   0.504
-65.85  43.82   3.639   9.623     -3.670  -5.800    0.700   0.231
-65.85  43.82   4.644  14.249     -6.235  -14.000    2.100   0.191
-65.85  43.82   5.829  213.751     -11.828  -1.600    0.700   0.341
-65.86  44.55  15.710  2949.944     68.340   8.600    1.100   0.299
-65.86  44.55  15.677  2959.616     68.340   8.500    1.100   0.333
-65.86  44.55   1.293   4.311     -0.727  -1.900    1.200   0.113
-65.86  44.55   0.783   3.623     -0.410  -1.300    1.200   0.123
-65.86  44.55   3.219  13.217     -2.464  -6.400    1.100   0.341
-65.86  44.55   2.841   3.207     -2.464  -4.400    1.100   0.482
-65.86  44.55   3.345  41.090     -3.358  -10.400    1.100   0.480
-66.62  45.10  14.293  1326.124     75.238  27.900    1.300   0.519
-66.62  45.10  14.293  3276.341     75.238  18.000    1.000   0.519
-66.62  45.10   0.579   3.483     -0.258   1.500    1.000   0.126
-66.62  45.10   0.382   3.718     -0.258   1.500    1.000   0.149
-66.62  45.10   0.530   3.114     -0.258   1.500    1.000   0.199
-66.62  45.10   0.819   5.962     -0.583   1.500    1.000   0.142
-66.62  45.10   0.986   4.345     -0.583   1.500    1.000   0.188
-66.62  45.10   2.441   9.889     -2.137   1.000    1.000   0.278
-66.62  45.10   1.010   2.509     -0.583   1.000    1.000   0.213
-66.62  45.10  14.506  5511.272     75.238   1.000    1.000   1.026
-66.62  45.10  15.403  10998.401     111.873   7.000    1.000   0.668
-66.62  45.10  15.290  1291.497     111.873  40.000    2.000   0.864
-66.62  45.10   3.522   0.116     -3.894  -4.000    1.000   0.070
-66.62  45.10  14.103  2802.225     54.936   2.000    1.000   0.760
-66.62  45.10   3.219   2.415     -2.955  -3.000    0.900   0.141
-66.62  45.10   2.554   0.084     -2.137  -2.200    0.900   0.192
-66.62  45.10   2.680   1.628     -2.137  -1.400    0.900   0.184
-66.62  45.10   1.810   1.264     -1.501  -1.200    0.900   0.177
-66.62  45.10   2.023   1.040     -1.501  -0.600    0.900   0.120
-66.62  45.10   1.548   0.876     -0.989  -0.200    0.900   0.144
-66.62  45.10   0.997   0.578     -0.583   0.100    0.900   0.079
-66.62  45.10  12.864  1737.872     24.210  -0.800    0.600   0.206
-66.62  45.10   0.141   1.012      0.000  -0.100    0.900   0.141
-66.62  45.10   0.919   0.797     -0.583   0.000    0.900   0.132
-66.62  45.10  15.582  845.437     111.873  45.000    2.300   0.322
-66.62  45.10  14.806  897.425     97.390  22.500    2.500   0.831
-66.62  45.10  13.066  106.183     24.210  51.000    2.600   0.649
-66.62  45.10  13.866   4.138     54.936  50.000    2.500   0.275
