2.924774050043317075e+01
2.939714255191629277e+01
2.943924620915899126e+01
2.938583248203186216e+01
2.926457974714004351e+01
2.911882145988808190e+01
2.897609145173933243e+01
2.886445601677448636e+01
2.878593013042532078e+01
2.873745189729709537e+01
2.871581319517932585e+01
2.871135041286393275e+01
2.871570469468092313e+01
2.872915109441826687e+01
2.874440780005321727e+01
2.875897027945239159e+01
2.877201294700245171e+01
2.878530960602909161e+01
2.879645569113181836e+01
2.880449629853019999e+01
2.880790700750501898e+01
2.880973894172138827e+01
2.880706260618585546e+01
2.880218427019015692e+01
2.879696995951026750e+01
2.879101880459867147e+01
2.878395588097285795e+01
2.877819243615593336e+01
2.877231457158151784e+01
2.876415919970304458e+01
2.875998813680676491e+01
2.875597383246210015e+01
2.864302068450719929e+01
2.874112341547724014e+01
2.873451041966803032e+01
2.864905938606775848e+01
2.852368114868733784e+01
2.840409634499959779e+01
2.831526275833328299e+01
2.827906683231289620e+01
2.829836948125209517e+01
2.836209320325793115e+01
2.846122546067593362e+01
2.857922767695099253e+01
2.870325983964017880e+01
2.883370317879660405e+01
2.896023583164018333e+01
2.907922361263241484e+01
2.918923878895801494e+01
2.928359925955557230e+01
2.936696856745370354e+01
2.943006520624783917e+01
2.948014263869003670e+01
2.951534410487394666e+01
2.953757180611522415e+01
2.955050596709719457e+01
2.955760780163056367e+01
2.955500171955202404e+01
2.955003943306518366e+01
2.954839193491594429e+01
2.954229495863098265e+01
2.953526748336637553e+01
2.953066621733221808e+01
2.952725363645453172e+01
2.802831643987294896e+01
2.806247322498423458e+01
2.800635697730002249e+01
2.789682047134393272e+01
2.777804346408859715e+01
2.770107405432845837e+01
2.770302006306313558e+01
2.779556726792102594e+01
2.797999237641638715e+01
2.823220546328142788e+01
2.853607192131465453e+01
2.886070752008767570e+01
2.919289384225228190e+01
2.951357503474601174e+01
2.982172788604567515e+01
3.010277865731158187e+01
3.036004763153433217e+01
3.057966692643326212e+01
3.076101833158514509e+01
3.090779319508695977e+01
3.101387375841888527e+01
3.108821363524836912e+01
3.114053783985413659e+01
3.116818009373053755e+01
3.118434165013410819e+01
3.118843811662362597e+01
3.118434251462237228e+01
3.117866092848371906e+01
3.116906061330471900e+01
3.115941476051858672e+01
3.115096643505349761e+01
3.113980136076019178e+01
2.741971408485125394e+01
2.737678994571216151e+01
2.726597101489977604e+01
2.712642933048491756e+01
2.702113718747306237e+01
2.701571251257621142e+01
2.715019125208019801e+01
2.744341245406708296e+01
2.787760732815302234e+01
2.842116972570315880e+01
2.902871775969593671e+01
2.966915969195057201e+01
3.030083820623418234e+01
3.090782465012070190e+01
3.147536851370687216e+01
3.198555190340149323e+01
3.243278949997917238e+01
3.280960017381995897e+01
3.311310554562767550e+01
3.334234053149234001e+01
3.351254787198953267e+01
3.362381533317481797e+01
3.369233548340946527e+01
3.373060042514510570e+01
3.374204650127717997e+01
3.373522164643403443e+01
3.372209996111333652e+01
3.370230417782470766e+01
3.368082512352272317e+01
3.366227266342576030e+01
3.363950362363830493e+01
3.362684710554946577e+01
2.683334510074824664e+01
2.669840419044540525e+01
2.651324454570333344e+01
2.633476190559778729e+01
2.625188072966522768e+01
2.634133364836570834e+01
2.666049246892177393e+01
2.722705530015334219e+01
2.801190873587102459e+01
2.896143675155666131e+01
2.999743956085621122e+01
3.106340411593927442e+01
3.210173879242011452e+01
3.307536810327330556e+01
3.396262152129732925e+01
3.474580557937947844e+01
3.540157184256611345e+01
3.594150935928269774e+01
3.636240439302684280e+01
3.666628014988552309e+01
3.687198016594307859e+01
3.699477794135897568e+01
3.705253091578696711e+01
3.707029981578932620e+01
3.705533492966765152e+01
3.702524650583924881e+01
3.697721372466521217e+01
3.692956254599527455e+01
3.688154484594546290e+01
3.683434068123674621e+01
3.679727201801496506e+01
3.675966157358231357e+01
2.628045597306098102e+01
2.602844858752494517e+01
2.574617676675295641e+01
2.551649175331264985e+01
2.544692295047620334e+01
2.565448317595994610e+01
2.620840266102187499e+01
2.713119683112288882e+01
2.837041420660459679e+01
2.983734424029202614e+01
3.141517924090314651e+01
3.300396892647366087e+01
3.452231678509922119e+01
3.591193472766509842e+01
3.714134071245928936e+01
3.819005977726725831e+01
3.904755925778344761e+01
3.971242026775187384e+01
4.019751174738771482e+01
4.051920980471278000e+01
4.070767417078842954e+01
4.079439131266489937e+01
4.080017982919022757e+01
4.074958511223120894e+01
4.067341550976239262e+01
4.057495518152008884e+01
4.046786061134522328e+01
4.036722388348253077e+01
4.027421522308576840e+01
4.019083284009013823e+01
4.011744910992769064e+01
4.005865332451082850e+01
2.573952056283532031e+01
2.534576944193592141e+01
2.494219176656481096e+01
2.463498210267214006e+01
2.457706725277613558e+01
2.491897842916628392e+01
2.575764792153225002e+01
2.710870510650149967e+01
2.889382754856735858e+01
3.096910502508239915e+01
3.316559175676299986e+01
3.532759623159373064e+01
3.734893543882333233e+01
3.914441006551629698e+01
4.067289516471669941e+01
4.192750986386703005e+01
4.289694555495055539e+01
4.360133408072588423e+01
4.406440677996391031e+01
4.432240997597695298e+01
4.441072571901694488e+01
4.438126208083497204e+01
4.426795448550841883e+01
4.409571917577657985e+01
4.390311346754274524e+01
4.370463324725809429e+01
4.350904419059634876e+01
4.333042352306217282e+01
4.316973697769940088e+01
4.303347425391256564e+01
4.291556080052065880e+01
4.281996923707218627e+01
2.515857319045543861e+01
2.460676553437265923e+01
2.405561593702804046e+01
2.365666083609113457e+01
2.360745021459822368e+01
2.410096201310885178e+01
2.526496407488886575e+01
2.710349233536653557e+01
2.949303352008679369e+01
3.222540055708068252e+01
3.505980118613089758e+01
3.777926739761522157e+01
4.024121856803747477e+01
4.235210324318427411e+01
4.406873585359269896e+01
4.539431442652624327e+01
4.634325850878437336e+01
4.694897840180257731e+01
4.726191043523080992e+01
4.733031164673851521e+01
4.722547697950858492e+01
4.699494072717556037e+01
4.668266290031630916e+01
4.633929703248028886e+01
4.599140218980452488e+01
4.565053071879999891e+01
4.534168146993583548e+01
4.506096825549789742e+01
4.482495053164820575e+01
4.461714753157607305e+01
4.444754932995765273e+01
4.430865721273082158e+01
2.447808482564748545e+01
2.375581994330962132e+01
2.305167162746635867e+01
2.255719840372473328e+01
2.252255955141080790e+01
2.319221275836121876e+01
2.470667104111549861e+01
2.705804361819150472e+01
3.005957059277120891e+01
3.342625042624198528e+01
3.682775564391143774e+01
4.000210617100401578e+01
4.276164903920619764e+01
4.501096766728194609e+01
4.673607367114767186e+01
4.794446173229175656e+01
4.868427021678798639e+01
4.902544767677611759e+01
4.904464108493185392e+01
4.881313650010314120e+01
4.840648258225968448e+01
4.789488905656936168e+01
4.734423363410544283e+01
4.678207792401154563e+01
4.624435111727430581e+01
4.574608564858373683e+01
4.530828419222697079e+01
4.492424135039020427e+01
4.459661035913467941e+01
4.432629725443108271e+01
4.410483093319972170e+01
4.392012570958390683e+01
2.362087839018484203e+01
2.274097277225008895e+01
2.189844364250808084e+01
2.132959130830558081e+01
2.133162399994557745e+01
2.219224666815831881e+01
2.406773315287548343e+01
2.690561842872143572e+01
3.045758736125399935e+01
3.433827119078697621e+01
3.815153392111557906e+01
4.157391717865235137e+01
4.439890329276339287e+01
4.655173432770480701e+01
4.803019934515322831e+01
4.889816200968435567e+01
4.924495530792945175e+01
4.916405320266665058e+01
4.875537756576144943e+01
4.812294623672770655e+01
4.736105313337778000e+01
4.652860801071967245e+01
4.570391093142960415e+01
4.492072615544594072e+01
4.420147992291119010e+01
4.355548335349517686e+01
4.299979864515161410e+01
4.252304145521129897e+01
4.212527318439521906e+01
4.180077011234084949e+01
4.153545624953616766e+01
4.131930235771596216e+01
2.253333745686584066e+01
2.152829247657828304e+01
2.058801998700144154e+01
1.998065221027828287e+01
2.005034638195164121e+01
2.111436798863899611e+01
2.331731323441526627e+01
2.656181280413465728e+01
3.051859488720263158e+01
3.471702774389493129e+01
3.869038645220133077e+01
4.208019821267419047e+01
4.469169938819020871e+01
4.647641551864682441e+01
4.747367210922399750e+01
4.779568661893480908e+01
4.758108022712045226e+01
4.695674437628799325e+01
4.605286979030268668e+01
4.499324359073796131e+01
4.385768036804977044e+01
4.273605038817719759e+01
4.166575163446784558e+01
4.069768821339329179e+01
3.983531810448412358e+01
3.908518461718955450e+01
3.844862149697711118e+01
3.792121538262195912e+01
3.748038402316792883e+01
3.712837396951019997e+01
3.683982299146558859e+01
3.661141696640676457e+01
2.118868256347792567e+01
2.010842571085344588e+01
1.912455004991774388e+01
1.853211009356608940e+01
1.870791556168131109e+01
1.997129422338346316e+01
2.244825497988548335e+01
2.597862272401139805e+01
3.015000817168170499e+01
3.441645433713971158e+01
3.827066686467329504e+01
4.134534048759420699e+01
4.346700126730477365e+01
4.463745344177674923e+01
4.496261406376745384e+01
4.460884220920632259e+01
4.375062055072445588e+01
4.255377329530310249e+01
4.116375331858417042e+01
3.971908406313774975e+01
3.828167462970200319e+01
3.693763776785852571e+01
3.572013180461712523e+01
3.464654433120190902e+01
3.372162481951763624e+01
3.294080175447129477e+01
3.228928013604691216e+01
3.175475509558038922e+01
3.132260316880941886e+01
3.097387162267315119e+01
3.069673816974861325e+01
3.047929651112237082e+01
1.959986162515465580e+01
1.850649291597935431e+01
1.754372546390690601e+01
1.703237225931083643e+01
1.735565409146447990e+01
1.882614011334153403e+01
2.151745833122139118e+01
2.520639455366717030e+01
2.941176938508094807e+01
3.352602549402115528e+01
3.701481538833296980e+01
3.954293424701334914e+01
4.097811728685420007e+01
4.138985567321323344e+01
4.094983070815093384e+01
3.987780008047830904e+01
3.839488911383718772e+01
3.668798193356968085e+01
3.491097339310365300e+01
3.318684264565618491e+01
3.158090657135810275e+01
3.014335733997817357e+01
2.889052629098906877e+01
2.782923592214379127e+01
2.694634088562090923e+01
2.621447492951748615e+01
2.562341545954769018e+01
2.514739778640941381e+01
2.476842364062455104e+01
2.446757636069369113e+01
2.423047689705095209e+01
2.404586384630356832e+01
1.782851424277605901e+01
1.678836218620454090e+01
1.592639924330773127e+01
1.556931080398814871e+01
1.609387126054257422e+01
1.778448047048394187e+01
2.066634358901443136e+01
2.443836885852335783e+01
2.855383108214045862e+01
3.236611671987886751e+01
3.536140173432520584e+01
3.721665014195829713e+01
3.788475864607605814e+01
3.749510053772604579e+01
3.629179401870473498e+01
3.456082356838541614e+01
3.253944554012244339e+01
3.044170606473349139e+01
2.841081876940598505e+01
2.655291348550297670e+01
2.491685544263050289e+01
2.352418297137894143e+01
2.236878486807526656e+01
2.142547094853334499e+01
2.067184885797299643e+01
2.007278406699981943e+01
1.960272286152740051e+01
1.923519067797721149e+01
1.894691613483521664e+01
1.872260006772603091e+01
1.855059639260656823e+01
1.841527780009107929e+01
1.598201958540724377e+01
1.506774646186801725e+01
1.438574909184106509e+01
1.426026155276262841e+01
1.505540598219310056e+01
1.701193948500831254e+01
2.009869813243838621e+01
2.394073282033600947e+01
2.793619562816566670e+01
3.141754900503463688e+01
3.387295237063403164e+01
3.505113255851144771e+01
3.495699792676827400e+01
3.380363026657487069e+01
3.191877988814201217e+01
2.961174116030843351e+01
2.716264312221874988e+01
2.479600421934425114e+01
2.263674833071627646e+01
2.076906921856456734e+01
1.921708263472343603e+01
1.797030859405291991e+01
1.699545483234990328e+01
1.624587499187184036e+01
1.568014081203238952e+01
1.525991967716818820e+01
1.494681777537565281e+01
1.471327551100449504e+01
1.453941481600516994e+01
1.440944170066568475e+01
1.431247675119088392e+01
1.423847163275652861e+01
1.419715294215686363e+01
1.347676477446466059e+01
1.304504018106375973e+01
1.322797672971882932e+01
1.436458897446018845e+01
1.665017164517051640e+01
1.999056432632978542e+01
2.394356296849393928e+01
2.786369810227192900e+01
3.106508190375227585e+01
3.304771396963622010e+01
3.360386516119885414e+01
3.282101942900919767e+01
3.098771375099686409e+01
2.849018894154298920e+01
2.569592280209144519e+01
2.290874862914133203e+01
2.034744039113587633e+01
1.813445764888195555e+01
1.632597519679671549e+01
1.490910591603336677e+01
1.385385384366405148e+01
1.308814207720899070e+01
1.255523716221361141e+01
1.219727521370676371e+01
1.196079846775880284e+01
1.180936450327951803e+01
1.171335062339374034e+01
1.165255032266797741e+01
1.161480492493429928e+01
1.159075861259292139e+01
1.157327278323631248e+01
1.261899018649486059e+01
1.213986608330469075e+01
1.201435230590829484e+01
1.256220813511819578e+01
1.409236773206481352e+01
1.675979627825687501e+01
2.040721685807827868e+01
2.454244460146666995e+01
2.846470368140217033e+01
3.147656092768001557e+01
3.308074415682423819e+01
3.312525183902621251e+01
3.175301476442883342e+01
2.932391960481893989e+01
2.629044569656980457e+01
2.306305801167517799e+01
1.998174500490791416e+01
1.726089840834023192e+01
1.501491865531183123e+01
1.327257636989182998e+01
1.199605945404522700e+01
1.111854895846655999e+01
1.055205237916215033e+01
1.021876860841835111e+01
1.004503892186490965e+01
9.974144148097231266e+00
9.964929507326582225e+00
9.987401252812409425e+00
1.002428997615069761e+01
1.006358801113686319e+01
1.010083401488665089e+01
1.013249205466218861e+01
1.136893415679803532e+01
1.114840998585897047e+01
1.134422376478736005e+01
1.226834280070558236e+01
1.420655974938185473e+01
1.727060576941686776e+01
2.125347231165241624e+01
2.561494466834174943e+01
2.961057248252327767e+01
3.252269315727762944e+01
3.386355583620425591e+01
3.350087049695679298e+01
3.163330358177043067e+01
2.869644820725702772e+01
2.518910727739947930e+01
2.157835121805001677e+01
1.822690510199928937e+01
1.536244278576199740e+01
1.307820472237780862e+01
1.138597979502933555e+01
1.022558030757042502e+01
9.499697715239936002e+00
9.100710770447012266e+00
8.931457900286421392e+00
8.910292955281283511e+00
8.973579484336404732e+00
9.078150634684556408e+00
9.193140806015509980e+00
9.306251806765057921e+00
9.405861463499530117e+00
9.488595609104965689e+00
9.557508374007765539e+00
1.051386913012641600e+01
1.052893146700416338e+01
1.101546981078092458e+01
1.227789941924016581e+01
1.458017626489372631e+01
1.799922926776098819e+01
2.229302696202316270e+01
2.688071016964183713e+01
3.097644642087678335e+01
3.384396185556028769e+01
3.499986612899957805e+01
3.432208979775427338e+01
3.206784924994685326e+01
2.870432838546886600e+01
2.479241665613156798e+01
2.085715523975554930e+01
1.727144200479641256e+01
1.427921499592354060e+01
1.197223971808255349e+01
1.032941707648738650e+01
9.272800155960897683e+00
8.680121350195703300e+00
8.424858943582922421e+00
8.395398548582091891e+00
8.500849783819916183e+00
8.674049586423986824e+00
8.868915975086768100e+00
9.060742528599282863e+00
9.232413299996281353e+00
9.378594841037392271e+00
9.497524964138687409e+00
9.592960633932083425e+00
1.006230406269395061e+01
1.025368635147857610e+01
1.096051395856644639e+01
1.247326094868781432e+01
1.504661932675329261e+01
1.872612963977755030e+01
2.324579493147588849e+01
2.799860518132706133e+01
3.217596202937452432e+01
3.501560131662866127e+01
3.602998035416026568e+01
3.511785774149966954e+01
3.254597068412763861e+01
2.884994228880950118e+01
2.462670543505934262e+01
2.043990176069212694e+01
1.669069512803301691e+01
1.362995154837833844e+01
1.133669293460562244e+01
9.778593000056464035e+00
8.845783586002612608e+00
8.395974256438222483e+00
8.287143005797013018e+00
8.395554994534824900e+00
8.622713688998214110e+00
8.899176695491734179e+00
9.179316150340953939e+00
9.437933193424113298e+00
9.661045083181271309e+00
9.845559216381378320e+00
9.996338357738592251e+00
1.011255150450023521e+01
9.985896968461087653e+00
1.027232308315322840e+01
1.110371896151900017e+01
1.275891360464208368e+01
1.547454220047996110e+01
1.929002106272821848e+01
2.391535734908232058e+01
2.873466176609041156e+01
3.292598530813602764e+01
3.571414620346064339e+01
3.659935665813746652e+01
3.549562335359178888e+01
3.269549473033831788e+01
2.875333091692741050e+01
2.432152793353716902e+01
1.998612880524613544e+01
1.617490096771480523e+01
1.313404501184060358e+01
1.093440046809288901e+01
9.522670336742589114e+00
8.763830586390069399e+00
8.498154073779746298e+00
8.566199946867435244e+00
8.832738031427002312e+00
9.194432282238610199e+00
9.583082220832647380e+00
9.951539451848363527e+00
1.028053210691041919e+01
1.055538308551917126e+01
1.078247693983408695e+01
1.096055829416095584e+01
1.109962409755485169e+01
1.022177931833171449e+01
1.054230236405678056e+01
1.140343691988706354e+01
1.308716757860338120e+01
1.582070951170716455e+01
1.963297620996963744e+01
2.423983930081791982e+01
2.901009169982748048e+01
3.312718363000184496e+01
3.581154294140149830e+01
3.656789188854592965e+01
3.530879787447332774e+01
3.234010797106002144e+01
2.825485753098981334e+01
2.372012372506333477e+01
1.935738601698166050e+01
1.559726648957305528e+01
1.268692483663104831e+01
1.067801016035351758e+01
9.495937529131335708e+00
8.984440074778378360e+00
8.958113821049359160e+00
9.246187563443479362e+00
9.704309788924003755e+00
1.022719210617261076e+01
1.074442023891661790e+01
1.121588549757107245e+01
1.162143166546947626e+01
1.195695536854102059e+01
1.222543973060865419e+01
1.243672557804935863e+01
1.259923813184114572e+01
1.075179932024439289e+01
1.103725948510643562e+01
1.185443033948132019e+01
1.347388552710591370e+01
1.611417002868676462e+01
1.980583686751806027e+01
2.426907724598180849e+01
2.888495059369193640e+01
3.284747458140493848e+01
3.538761973180027098e+01
3.599606638332282671e+01
3.461077068454234507e+01
3.154193068135235478e+01
2.739687688545988919e+01
2.287037488744918079e+01
1.859073545995640941e+01
1.499926449119551819e+01
1.232616500649815094e+01
1.060856800964127977e+01
9.742288913602187961e+00
9.545427574731238707e+00
9.816237159900882858e+00
1.036864984088566466e+01
1.105286592090978282e+01
1.176057863470157372e+01
1.242631440937000242e+01
1.301561332358889977e+01
1.350582915898247904e+01
1.390624464552429984e+01
1.422518270971607812e+01
1.447192060522099410e+01
1.465876924958954319e+01
1.153730561884584738e+01
1.174840808301070894e+01
1.246625732686239729e+01
1.395206950538894652e+01
1.641847963281740519e+01
1.989716787230603856e+01
2.412177905223906293e+01
2.850087931135315955e+01
3.224435779437407490e+01
3.459688955275064615e+01
3.506728207758771276e+01
3.357978812927569834e+01
3.047319174623319427e+01
2.634923902541781615e+01
2.192326069437095271e+01
1.782584601237106270e+01
1.449671896391281400e+01
1.215291567537413542e+01
1.080315909662543561e+01
1.031934984126271360e+01
1.049467176697682014e+01
1.110741468855606939e+01
1.195771543536603687e+01
1.289392464603200317e+01
1.380789627350918813e+01
1.463475281508087278e+01
1.534458689124732089e+01
1.593180095527149298e+01
1.640222130542857570e+01
1.677080414684486342e+01
1.705541816015944434e+01
1.726852941559820920e+01
1.253219485143871559e+01
1.265112016309166876e+01
1.324270328241202144e+01
1.455327569202536964e+01
1.678931483535918190e+01
1.999536162200562472e+01
2.392047559084919328e+01
2.800690945632140583e+01
3.148923689985101149e+01
3.363811429493026850e+01
3.396886746557412096e+01
3.240915001961541009e+01
2.931401950819941149e+01
2.527773613281915388e+01
2.102926754910381391e+01
1.718696000433683224e+01
1.419141968796735398e+01
1.223602880017885575e+01
1.130865584963577497e+01
1.124756063587728327e+01
1.182685223805383856e+01
1.280440094715692823e+01
1.397045053699940453e+01
1.517102470654464064e+01
1.629879705836671278e+01
1.729074340509097496e+01
1.812977899170165230e+01
1.881542209810561772e+01
1.935488876615246667e+01
1.977520884628928854e+01
2.009519774005740445e+01
2.033649323113925078e+01
1.369246584290571178e+01
1.371176504499531212e+01
1.416257656425392675e+01
1.527704570823357066e+01
1.725752514209666444e+01
2.015102950861122011e+01
2.373653044444209925e+01
2.749627855613137228e+01
3.069547732658604033e+01
3.263209427546307495e+01
3.283727959492417625e+01
3.125124454392540585e+01
2.820502947960354234e+01
2.431259541729460238e+01
2.028631017252964241e+01
1.675241948002434711e+01
1.412839167007587804e+01
1.258973474510513313e+01
1.210136894357017390e+01
1.247724674832722158e+01
1.346518961458183128e+01
1.481094609354910752e+01
1.629535107299430052e+01
1.775570991254767961e+01
1.909486292522418083e+01
2.025236490162388492e+01
2.121821158209876401e+01
2.199693485614893973e+01
2.260834810243514781e+01
2.307713828421737290e+01
2.343274759081273828e+01
2.369981200788960507e+01
1.496200875055660084e+01
1.488105295784732895e+01
1.518779426694779566e+01
1.609955860284981455e+01
1.780784073080112506e+01
2.037072386405392166e+01
2.360503271854656049e+01
2.701955883449470974e+01
2.993533886500590668e+01
3.166314978735575281e+01
3.176802671097163611e+01
3.017277627424117981e+01
2.721499681293661510e+01
2.350384939162957210e+01
1.973293942331091344e+01
1.652578619199733367e+01
1.428106641161955181e+01
1.316149230719681285e+01
1.310537643411564623e+01
1.390537635654451165e+01
1.528830414725261200e+01
1.698668295505131098e+01
1.877170749050028320e+01
2.048141861832946020e+01
2.202078052347769699e+01
2.333589539937186430e+01
2.441772962832844485e+01
2.528392888883981016e+01
2.595941729544547627e+01
2.647968086690305967e+01
2.686802533190174813e+01
2.715945007920282706e+01
