304.20  51.50  12.247   2.547     51.863  99.258   33.947   0.320
304.20  51.50  12.742   1.602     64.219  98.383   39.467   0.262
304.20  51.50  12.538   0.848     64.219  98.818   38.192   0.233
304.20  51.50  12.276   0.468     64.219  75.493   27.583   0.407
304.20  51.50  12.655   1.259     64.219  81.414   16.973   0.320
304.20  51.50  12.626   0.717     64.219  74.626   13.575   0.349
304.20  51.50  11.491  10.854     38.868  59.833    6.364   0.582
304.20  51.50  11.113  26.611     29.383  59.853    5.941   0.204
304.20  51.50  10.735  17.753     22.814  47.567    5.939   0.378
304.20  51.50  10.269  29.278     22.814  50.138    5.095   0.320
304.20  51.50  10.066  24.242     17.923  45.056    5.517   0.291
304.20  51.50   9.629  30.339     14.848  45.080    5.517   0.233
304.20  51.50   9.658   6.338     14.848  30.650    6.365   0.378
304.20  51.50   9.396   7.859     14.848  30.240    5.517   0.378
304.20  51.50  10.676   3.297     22.814  10.651    7.214   0.262
304.20  51.50  10.415  17.887     22.814   1.329    5.092   0.291
304.20  51.50   9.716   0.392     14.848  15.370    5.939   0.349
304.20  51.50   9.396   0.161     14.848  15.387    8.486   0.262
304.20  51.50   8.931   0.928     13.604   7.774    6.362   0.233
304.20  51.50   8.087   1.172      9.354  15.032    5.514   0.262
304.20  51.50   3.724   1.045      5.000   6.777    5.091   0.233
304.20  51.50   3.433   0.166      5.000   7.216    6.364   0.320
304.20  51.50   3.142   0.530      4.046   7.232    5.513   0.320
304.20  51.50   2.095   1.306      3.023   6.863    3.816   0.175
304.20  51.50   1.367   3.363      2.192   8.175    3.395   0.262
304.20  51.50   0.785   7.396      1.402   7.781    2.545   0.204
304.20  51.50   0.233   0.890      0.000   2.294    3.816   0.320
304.20  51.50  10.735   1.843     22.814  32.715    7.637   0.582
304.20  51.50   9.774  125.316     17.923  74.777    5.094   0.262
304.20  51.50   7.854  300.630      9.354  112.222    5.938   0.204
304.20  51.50   7.331  92.207      6.872  51.567    4.668   0.233
304.20  51.50   8.291   7.776     11.303  32.844    8.063   0.262
304.20  51.50   7.593   7.685      6.872  19.726    4.668   0.291
304.20  51.50   6.487   4.254      8.383  20.634    5.941   0.291
304.20  51.50   7.476   0.139      6.872   9.124    6.365   0.204
304.20  51.50   6.138   0.659      6.842   4.951    4.244   0.204
304.20  51.50   5.905   0.193      6.842   4.963    6.362   0.291
304.20  51.50   4.306   0.460      5.396   4.624    6.788   0.291
304.20  51.50   2.531   0.081      3.166   5.143    7.640   0.262
304.20  51.50   1.949   0.071      3.023   4.749    8.063   0.320
304.20  51.50   1.746   0.884      2.192   5.184    7.211   0.291
304.20  51.50   1.164   0.670      1.402   5.215    7.214   0.262
304.20  51.50   0.844   0.992      1.402   6.081    6.364   0.233
304.20  51.50   1.571   0.294      2.192   5.618    7.637   0.233
295.70  59.80   9.921  19.132     -14.851  42.803   13.193   0.423
295.70  59.80   9.890  16.025     -14.851  17.947    8.221   0.333
295.70  59.80   9.225  133.604     -20.996  29.818    4.398   0.726
295.70  59.80   9.376  178.125     -18.950  19.298    2.867   0.393
295.70  59.80   8.983  215.370     -20.996  15.483    2.486   1.573
295.70  59.80   8.650  163.160     -23.154   6.122    2.294   0.303
290.00  59.40   8.165   0.180     135.892  130.896   15.160   0.617
290.00  59.40   7.695   0.564     122.083  124.026   13.778   0.265
290.00  59.40   7.725   0.500     122.083  119.891   17.223   0.324
290.00  59.40   7.431   0.072     122.083  122.659   10.334   0.265
290.00  59.40   7.313   0.178     122.083  123.354    8.956   0.471
290.00  59.40   7.136   0.406     111.155  126.117   56.502   0.235
290.00  59.40   7.079   0.114     111.155  111.650    9.646   0.235
290.00  59.40   7.197   0.679     111.155  104.066   11.023   0.382
290.00  59.40   7.111   2.988     111.155  75.131   21.356   0.294
290.00  59.40   6.611   2.806     102.267  75.153   16.536   0.324
290.00  59.40   6.318  19.881     102.267  56.562   10.333   0.324
290.00  59.40   3.233   3.725     35.082  17.421    9.645   0.382
290.00  59.40   1.116   0.353     10.588   7.866    8.268   0.235
290.00  59.40   0.557   0.320      5.194   9.268    8.268   0.206
290.00  59.40   0.351   1.145      5.194  10.655    8.267   0.177
290.00  59.40   7.697   6.362     122.083  101.978    8.268   0.294
290.00  59.40   7.669  19.973     122.083  85.443    8.267   0.294
290.00  59.40   7.463   9.072     122.083  84.762   12.401   0.294
290.00  59.40   7.289  42.622     122.083  51.008   11.023   0.206
290.00  59.40   7.203  77.681     111.155  32.409    8.957   0.324
290.00  59.40   6.673  59.659     102.267  38.633    8.268   0.265
290.00  59.40   6.173  30.148     84.907  28.319   10.333   0.441
290.00  59.40   5.673  18.032     75.015  34.542    9.646   0.264
290.00  59.40   5.408  18.970     75.015  33.175    9.645   0.235
290.00  59.40   5.880  53.710     84.907  19.374    8.953   0.324
290.00  59.40   6.028  73.851     84.907  13.856    8.268   0.382
290.00  59.40   4.204  10.229     49.243  15.312   11.022   0.235
290.00  59.40   0.940   0.089     10.588   9.252    6.889   0.265
290.00  59.40   6.811   8.672     111.155  145.424   11.714   0.559
290.00  59.40   6.756   2.121     111.155  95.817   11.712   0.382
290.00  59.40   5.525  10.128     75.015  42.127   10.335   0.529
290.00  59.40   3.700   3.694     42.183  62.876   11.711   0.265
290.00  59.40   2.143   1.798     22.504  38.139   13.090   0.235
290.00  59.40   2.262   0.674     28.500  29.865   10.334   0.294
290.00  59.40   1.733   0.983     16.374  16.108   12.402   0.235
290.00  59.40   0.675   0.260      5.194   6.507   11.023   0.353
285.60  62.10   9.589   0.154     145.518  147.796   34.340   0.229
285.60  62.10   9.674   1.772     145.518  126.733   16.391   0.258
285.60  62.10   9.388   0.810     145.518  123.584   24.973   0.572
285.60  62.10   9.131   0.352     131.955  121.998   21.854   0.344
285.60  62.10   7.671   3.465     89.481  110.149   12.489   0.200
285.60  62.10  10.018  25.392     161.601  98.672   12.489   0.286
285.60  62.10   8.558   0.250     117.665  112.577   12.481   0.200
285.60  62.10   8.014   0.102     105.666  108.622    9.365   0.286
285.60  62.10   8.329   3.814     117.665  96.166   11.703   0.258
285.60  62.10   7.871   1.087     105.666  96.122   10.148   0.286
285.60  62.10   7.327   0.669     89.481  96.849   10.931   0.372
285.60  62.10   7.928   4.144     105.666  85.202   10.148   0.258
285.60  62.10   7.928   6.911     105.666  75.056   11.709   0.258
285.60  62.10   7.699   4.697     89.481  64.889   11.712   0.372
285.60  62.10   7.785  24.215     105.666  53.191   10.926   0.200
285.60  62.10   7.356  14.203     89.481  51.589   10.145   0.286
285.60  62.10   7.528   2.561     89.481  69.555   12.486   0.229
285.60  62.10   7.013   0.761     81.634  63.261   21.068   0.401
285.60  62.10   6.984   1.557     81.634  95.255   10.926   0.315
285.60  62.10   6.726   3.754     74.662  47.625   14.839   0.343
285.60  62.10   6.898  19.440     81.634  33.595   10.931   0.286
285.60  62.10   7.041  37.481     81.634  19.562   10.142   0.258
285.60  62.10   6.612  21.130     74.662  21.081   11.709   0.258
285.60  62.10   6.440  24.806     74.662  16.381   11.714   0.258
285.60  62.10   5.868   3.847     63.926  40.518   12.489   0.229
285.60  62.10   6.755   2.669     81.634  65.577   10.926   0.343
285.60  62.10   4.436   7.407     44.449  16.966   10.151   0.229
285.60  62.10   4.036   5.309     39.313   5.221   14.830   0.229
285.60  62.10   3.807   7.715     39.313   8.320   11.712   0.229
285.60  62.10   3.635   3.594     34.185  16.888    9.368   0.315
285.60  62.10   1.717   2.101     14.222   2.654    9.370   0.286
285.60  62.10   6.440   2.830     74.662  96.763   13.264   0.258
285.60  62.10   5.352   1.111     57.123  68.562   11.712   0.372
285.60  62.10   4.522  41.372     44.449  99.697    8.590   0.286
285.60  62.10   1.803   8.447     19.059  50.267   10.920   0.372
285.60  62.10   2.519   1.046     23.287  10.536   12.486   0.315
285.60  62.10   2.376   0.516     23.287  19.887    9.370   0.200
285.60  62.10   2.118   0.364     19.059  15.960    7.032   0.286
285.60  62.10   1.202   0.884      9.494   4.165    8.587   0.286
285.60  62.10   0.687   0.423      5.044   2.553    9.370   0.315
285.60  62.10   0.458   0.022      5.044   4.872    8.590   0.286
282.10  53.60   8.607   0.149     243.103  250.710   23.838   0.496
282.10  53.60   8.316   0.477     243.103  249.359   22.430   0.291
282.10  53.60   8.548   1.380     243.103  217.068   22.435   0.262
282.10  53.60   8.315   1.451     243.103  217.109   26.637   0.262
282.10  53.60   8.024   2.145     222.109  250.813   19.626   0.321
282.10  53.60   7.995   0.163     222.109  233.991   29.441   0.321
282.10  53.60   7.878   0.446     222.109  239.620   36.457   0.262
282.10  53.60   7.470   0.761     197.537  234.083   42.056   0.408
282.10  53.60   7.963  14.084     222.109  169.495   14.022   0.554
282.10  53.60   7.760   6.600     222.109  183.553   15.419   0.408
282.10  53.60   7.556   0.657     197.537  182.186   19.626   0.262
282.10  53.60   7.497   1.242     197.537  170.979   23.827   0.321
282.10  53.60   7.235   0.629     178.142  183.645   18.218   0.321
282.10  53.60   6.125   0.851     140.355  123.544   22.420   0.233
282.10  53.60   5.571   2.305     125.155  99.804   16.826   0.379
282.10  53.60   4.839  34.056     111.232  21.408   15.419   0.466
282.10  53.60   4.286   6.330     97.506  39.734   23.817   0.321
282.10  53.60   4.054   1.941     85.147  58.003   19.626   0.321
282.10  53.60   3.294   8.826     73.133  17.472   19.621   0.233
282.10  53.60   6.390   1.079     160.459  175.380   16.832   0.204
282.10  53.60   5.866   6.434     140.355  192.298   21.028   0.233
282.10  53.60   5.222   1.381     111.232  125.105   14.022   0.350
282.10  53.60   0.263   0.676      9.122  15.199   16.837   0.321
265.60  58.70   8.560   1.094     146.677  108.621   36.995   0.314
265.60  58.70   8.304   0.708     146.677  137.184   26.908   0.257
265.60  58.70   0.115   0.297      0.000   6.829   18.499   0.285
265.60  58.70   7.876   0.329     134.369  142.184   25.226   0.256
265.60  58.70   7.447   1.811     121.763  88.323   25.229   0.228
265.60  58.70   5.534   7.056     83.922  25.898   21.866   0.285
265.60  58.70   5.163  12.402     75.822   5.678   20.184   0.285
265.60  58.70   4.137   1.657     58.966  32.478   21.866   0.314
265.60  58.70   3.452   3.407     50.786  10.544   21.866   0.342
265.60  58.70   3.595   0.418     50.786  39.148   23.547   0.228
265.60  58.70   3.082   0.137     42.859  35.731   30.277   0.285
265.60  58.70   2.026   0.043     28.447  23.848   25.232   0.257
265.60  58.70   1.798   0.587     28.447  22.142   21.872   0.285
265.60  58.70   2.111   0.716     28.447   8.721   25.232   0.342
265.60  58.70   0.970   0.040     14.353  11.965   23.544   0.171
265.60  58.70   0.742   1.613      7.286  13.622   16.823   0.200
265.60  58.70   6.792   1.669     111.593  138.707   26.908   0.257
265.60  58.70   5.597  26.330     83.922  212.577   25.226   0.171
265.60  58.70   3.797   2.383     58.966  103.075   30.271   0.399
265.60  58.70   2.825   0.580     42.859  30.659   23.544   0.314
244.90  67.90  11.162   4.705     124.762  155.090   14.572   0.265
244.90  67.90  10.818   3.006     124.762  153.412   18.009   0.265
244.90  67.90  10.820   0.445     124.762  131.984   20.575   0.318
244.90  67.90   6.963   6.512     52.784  24.397   11.140   0.265
244.90  67.90  10.371   1.161     104.339  118.317   13.709   0.371
244.90  67.90   9.761   8.036     88.396  120.954   11.997   0.291
244.90  67.90  10.294   0.717     104.339  96.897   13.714   0.318
244.90  67.90  10.136   0.186     88.396  89.200   12.857   0.318
244.90  67.90  10.800  19.634     124.762  71.986   12.000   0.371
244.90  67.90  10.296   4.660     104.339  73.754   15.432   0.238
244.90  67.90   8.817  10.678     69.325  28.484   12.857   0.238
244.90  67.90   8.311   0.959     62.647  54.252   14.572   0.238
244.90  67.90   7.944   9.793     58.282  20.863   12.000   0.212
244.90  67.90   7.148   2.785     52.784  35.520   11.143   0.238
244.90  67.90   6.620   5.787     50.141  15.862   14.572   0.238
244.90  67.90   4.050   1.153     28.818  16.137   11.997   0.265
244.90  67.90   4.735   3.185     32.539  58.064   17.143   0.239
244.90  67.90   4.101   1.394     28.818  44.418   13.712   0.318
244.90  67.90   2.566   0.247     17.379  22.297   11.143   0.292
244.90  67.90   1.904   1.022     14.258  26.653   13.717   0.212
244.90  67.90   1.164   0.781      7.182   7.018   13.712   0.186
244.90  67.90   0.979   0.016      7.182   6.181   12.854   0.212
244.90  67.90   0.740   2.333      3.497   6.206   12.000   0.159
232.00  52.00  13.876   0.374     38.345  67.947   51.895   0.565
232.00  52.00  11.886   0.292      5.004   7.870    5.638   0.619
232.00  52.00  10.111  506.717     -2.250  116.261    5.265   0.484
232.00  52.00   8.766  58.290      3.868  55.401    6.769   0.403
232.00  52.00  10.407   5.301     -3.105  12.452    6.768   0.699
232.00  52.00  11.133   1.112     -2.677   3.768    6.392   0.430
232.00  52.00  11.402   0.171     -1.248  -0.757    6.394   0.242
232.00  52.00   8.686   1.876      6.022  12.909    5.265   0.457
232.00  52.00   7.476   0.016      9.191   8.829    6.392   0.215
232.00  52.00   6.938   0.091     11.667  12.615    6.017   0.242
232.00  52.00   6.158   0.341     11.121  12.652    4.137   0.350
232.00  52.00   6.077   1.590     11.121   4.758    5.264   0.215
232.00  52.00   5.244   0.822      9.678  11.943    4.513   0.323
232.00  52.00   4.571   0.349      8.267  10.846    4.888   0.269
232.00  52.00   3.818   1.973      7.878   1.104    5.264   0.323
232.00  52.00   3.630   2.141      7.256  -0.015    5.641   0.188
232.00  52.00   3.092   1.212      6.005   0.010    5.641   0.323
232.00  52.00   2.877   1.431      6.005   1.148    5.262   0.161
232.00  52.00   2.582   0.647      4.804   0.410    6.017   0.242
232.00  52.00   2.178   1.056      4.270   6.070    4.512   0.188
232.00  52.00   2.151   2.819      4.270  -1.826    4.136   0.188
232.00  52.00   1.775   0.700      4.270   2.704    4.513   0.296
232.00  52.00   1.829   2.568      4.270  -1.811    4.136   0.269
232.00  52.00   1.425   0.152      3.114   1.592    6.392   0.242
232.00  52.00   1.264   0.961      3.114   2.352    7.896   0.242
232.00  52.00   0.887   0.288      2.031   1.242    6.769   0.215
232.00  52.00   0.726   1.105      0.984   0.873    5.641   0.215
232.00  52.00   0.511   0.004      0.984   0.883    6.017   0.188
232.00  52.00   0.269   2.055      0.984   1.271    6.015   0.161
236.80  49.60  12.664   0.755     49.011  45.653    4.764   0.322
236.80  49.60  12.957   0.305     60.663  57.879    5.102   0.510
236.80  49.60  12.691   0.546     49.011  46.672    3.742   0.483
236.80  49.60  11.832   6.031     35.153  45.706    4.418   0.295
236.80  49.60  11.941   0.075     35.153  33.795    5.104   0.913
236.80  49.60  11.834   1.163     35.153  29.720    5.104   0.966
236.80  49.60  11.216   3.239     22.490  30.439    4.760   0.322
236.80  49.60  12.766  13.183     60.663  80.681    5.779   0.215
263.20  28.20  12.079   1.461     -47.402  -38.061    7.757   0.773
263.20  28.20   9.746   9.850     -29.216  -13.440    5.059   0.693
263.20  28.20   9.560   3.544     -29.216  -14.621    7.757   1.013
263.20  28.20   9.425  21.430     -29.216  -12.091    3.710   0.213
263.20  28.20   9.855  17.213     -35.227  -17.825    4.216   0.347
263.20  28.20   9.535   7.369     -29.216  -17.319    4.384   0.427
263.20  28.20   8.490   8.308     -18.251  -8.044    3.541   0.480
263.20  28.20   8.170   1.578     -14.642  -8.213    5.396   0.427
263.20  28.20   7.796   2.212     -14.642  -7.875    4.890   0.373
263.20  28.20   8.785   9.081     -23.063  -12.260    3.879   0.187
263.20  28.20   8.787   2.098     -23.063  -15.632    7.083   0.213
263.20  28.20   8.255   0.241     -18.251  -16.982    5.734   0.560
263.20  28.20   8.279   1.970     -18.251  -12.260    4.553   0.453
263.20  28.20   7.585   0.080     -11.558  -12.091    5.734   0.320
263.20  28.20   7.182   0.562     -7.356  -6.526    2.698   0.267
263.20  28.20   6.729   1.095     -4.855  -6.020    2.698   0.240
263.20  28.20   6.248   0.907     -4.460  -5.008    2.698   0.267
263.20  28.20   5.077   2.007     -2.650  -9.899    5.228   0.267
263.20  28.20   3.472   0.014     -0.720  -0.287    4.216   0.454
263.20  28.20   3.206   0.352     -0.604  -0.624    4.722   0.347
263.20  28.20   2.646   0.276     -0.449  -0.961    3.035   0.293
263.20  28.20   1.419   0.013     -0.121   0.219    5.565   0.827
263.20  28.20   0.885   0.071     -0.108   0.219    4.047   0.453
263.20  28.20   0.592   0.148     -0.079   0.051    5.565   0.240
263.20  28.20   0.619   0.112     -0.079  -1.298    5.902   0.453
263.20  28.20   5.287   0.536     -3.572  -3.828    2.361   0.293
263.20  28.20   4.887   0.307     -2.650  -3.491    2.867   0.240
263.20  28.20   4.594   0.216     -2.474  -2.985    2.024   0.240
263.20  28.20   3.687   1.584     -0.720  -3.154    2.698   0.213
263.20  28.20   3.260   1.509     -0.720  -2.310    3.204   0.214
263.20  28.20   2.913   0.453     -0.604  -1.973    2.192   0.347
263.20  28.20   2.647   0.593     -0.449  -2.816    4.047   0.293
263.20  28.20   2.274   1.124     -0.449  -3.997    5.565   0.267
263.20  28.20   2.033   0.233     -0.059  -1.973    4.047   0.347
263.20  28.20   1.634   0.647     -0.121  -2.985    4.553   0.267
263.20  28.20   1.340   1.084     -0.121  -2.310    3.710   0.187
263.20  28.20   1.072   0.073     -0.108  -0.118    1.686   0.267
263.20  28.20   0.140   0.874      0.000  -1.973    2.698   0.240
263.20  28.20   0.326   0.883     -0.079  -0.287    2.024   0.187
263.20  28.20  11.864   7.463     -47.402  -34.519    4.722   0.987
263.20  28.20  11.191  19.257     -43.856  -23.895    4.553   0.987
263.20  28.20  10.550  14.708     -39.782  -21.029    4.890   0.960
263.20  28.20   9.989   9.830     -35.227  -18.836    5.228   0.560
263.20  28.20  10.095  12.565     -35.227  -18.499    4.722   0.773
263.20  28.20   9.294   4.723     -29.216  -16.813    5.734   0.986
263.20  28.20   8.493   1.117     -18.251  -13.440    4.553   0.507
263.20  28.20   7.905   0.716     -14.642  -10.911    4.553   0.453
263.20  28.20   7.877   0.809     -14.642  -9.224    6.071   1.093
263.20  28.20   7.211   0.564     -7.356  -10.742    5.565   0.480
263.20  28.20   6.249   0.536     -4.460  -7.538    5.059   0.613
269.80  30.00  14.181   0.402     -56.134  -69.667   39.269   0.341
269.80  30.00  12.550   0.045     -48.050  -46.284   12.558   0.315
269.80  30.00  12.320   0.611     -48.050  -72.588   36.677   0.446
269.80  30.00  10.411   6.369     -40.075  -100.224   23.919   0.420
269.80  30.00  10.221   1.330     -36.042  -68.722   35.680   0.315
269.80  30.00   9.408   5.393     -30.548  -70.087   17.143   0.341
269.80  30.00   8.935   6.766     -24.761  -69.671   17.342   0.262
269.80  30.00  10.869   1.801     -44.003  -36.055    6.379   0.262
269.80  30.00  10.238   2.538     -36.042  -29.254    4.982   0.289
269.80  30.00  10.081   2.999     -36.042  -29.248    3.987   0.262
269.80  30.00   9.922  23.761     -36.042  -22.465    2.790   0.288
269.80  30.00   9.531   0.110     -30.548  -34.809   13.753   0.262
269.80  30.00   8.823   0.881     -24.761  -34.384   13.555   0.289
269.80  30.00   9.239   2.100     -24.761  -20.047    4.188   0.262
269.80  30.00   7.927   0.123     -16.462  -16.211    4.785   0.210
269.80  30.00   7.510   8.765     -13.385  -26.361    4.384   0.210
269.80  30.00   5.804   0.815     -6.060  -21.115   18.540   0.498
269.80  30.00   5.462   1.381     -5.032  -18.311   11.361   0.315
269.80  30.00   5.776   3.050     -6.060  -14.536    5.781   0.236
269.80  30.00   4.938   2.417     -3.989  -20.285   10.568   0.315
269.80  30.00   5.094   2.361     -3.989  -15.706    7.774   0.315
269.80  30.00   5.067   4.376     -3.989  -13.114    4.385   0.315
269.80  30.00   4.491   1.885     -3.648  -17.877   10.366   0.262
269.80  30.00   4.385   2.055     -3.648  -12.491    6.378   0.315
269.80  30.00   2.994   3.507     -1.287  -7.256    3.187   0.367
269.80  30.00  11.128   3.248     -44.003  -21.513   12.759   0.341
269.80  30.00  11.156   6.698     -44.003  -27.295    6.577   0.315
269.80  30.00   9.791   4.585     -36.042  -21.463    6.979   0.446
269.80  30.00   8.923   5.463     -24.761  -13.657    4.782   0.289
269.80  30.00   7.926   4.724     -16.462  -10.031    2.990   0.236
269.80  30.00   7.637   2.676     -13.385  -9.423    2.591   0.236
269.80  30.00   7.375   2.051     -13.385  -8.217    3.787   0.288
269.80  30.00   7.322   3.726     -13.385  -6.819    3.787   0.210
269.80  30.00   6.981   0.576     -9.122  -6.408    3.587   0.315
269.80  30.00   6.666   0.357     -6.548  -5.998    3.389   0.288
269.80  30.00   6.377   0.503     -6.548  -5.189    3.391   0.210
269.80  30.00   6.062   0.108     -6.060  -4.978    4.383   0.289
269.80  30.00   5.800   0.995     -6.060  -4.171    3.586   0.236
269.80  30.00   5.485   0.116     -5.032  -3.960    3.189   0.262
269.80  30.00   5.223   0.602     -3.989  -3.751    3.389   0.288
269.80  30.00   4.908   0.189     -3.989  -3.341    3.388   0.236
269.80  30.00   4.646   0.414     -3.648  -3.131    2.791   0.236
269.80  30.00   4.331   0.544     -3.648  -2.721    2.591   0.262
269.80  30.00   4.042   0.036     -2.513  -2.909    2.991   0.315
269.80  30.00   3.832   0.505     -2.513  -2.503    2.990   0.236
269.80  30.00   3.623   0.438     -1.574  -2.695    3.586   0.210
269.80  30.00   3.386   0.136     -1.574  -2.088    6.978   0.315
269.80  30.00   3.334   0.323     -1.574  -2.285    3.388   0.315
269.80  30.00   2.809   0.463     -1.287  -1.867    3.587   0.289
269.80  30.00   2.652   0.477     -0.957  -2.060    4.383   0.236
269.80  30.00   2.599   0.503     -0.957  -1.859    2.790   0.157
269.80  30.00   2.390   0.297     -0.957  -1.851    3.189   0.236
279.80  25.40   6.331   0.836     -4.410  -4.196    2.685   0.185
279.80  25.40   5.483   0.491     -3.052  -5.043    2.853   0.265
279.80  25.40   4.821   1.418     -2.379  -4.212    2.182   0.212
279.80  25.40   4.583   0.328     -2.404  -3.878    3.524   0.212
279.80  25.40   4.397   0.386     -2.404  -3.545    4.027   0.185
279.80  25.40   4.318   1.321     -2.404  -2.203    2.349   0.159
279.80  25.40   3.974   0.333     -1.532  -3.046    2.685   0.212
279.80  25.40   3.338   1.094     -0.853  -2.885    2.852   0.212
279.80  25.40   2.887   0.459     -0.853  -2.050    2.853   0.212
279.80  25.40   2.702   1.329     -0.810  -1.885    2.853   0.185
279.80  25.40   2.490   0.083     -0.810  -1.719    3.188   0.212
279.80  25.40   2.331   1.740     -0.810  -1.721    2.685   0.132
279.80  25.40   1.934   0.240     -0.134  -1.557    3.524   0.238
279.80  25.40  10.596   5.078     -40.231  -26.466    6.208   0.238
279.80  25.40   9.934   3.926     -35.527  -23.956    5.872   0.318
279.80  25.40   9.245   2.218     -22.887  -27.152    6.208   0.185
279.80  25.40   9.166   1.660     -22.887  -17.589    5.704   0.185
279.80  25.40   8.927   0.669     -22.887  -19.772    4.195   0.212
279.80  25.40   8.768   1.501     -22.887  -17.257    7.551   0.238
279.80  25.40   8.636   0.300     -18.165  -17.091    5.536   0.265
279.80  25.40   8.397   0.336     -18.165  -20.449    5.873   0.238
279.80  25.40   8.159   2.388     -14.379  -22.801    6.040   0.238
279.80  25.40   7.973   0.283     -14.379  -17.433    5.873   0.238
279.80  25.40   7.497   0.063     -11.288  -8.210   12.248   0.185
279.80  25.40   7.417  37.675     -11.288   0.010    1.846   0.185
279.80  25.40   7.550   0.048     -11.288  -10.391   12.919   0.238
279.80  25.40   7.417   0.157     -11.288  -13.748   12.919   0.238
279.80  25.40   7.285   0.461     -11.288  -12.072   14.933   0.318
279.80  25.40   7.073   0.382     -6.990  -14.926   14.765   0.238
279.80  25.40   6.967   0.145     -6.990  -9.726    7.886   0.212
279.80  25.40   6.808   1.078     -6.990  -7.379    5.704   0.185
279.80  25.40   6.596   1.379     -4.410  -19.797   14.597   0.185
279.80  25.40   6.066   0.643     -3.958  -15.440   15.269   0.238
279.80  25.40   4.980   0.202     -2.379  -8.908   14.765   0.238
279.60  32.70   6.322   8.070     -9.513  -2.870    2.364   0.429
279.60  32.70   6.150   5.614     -8.955  -3.048    2.546   0.314
279.60  32.70   5.979   7.365     -8.955  -3.044    2.181   0.143
279.60  32.70   5.751   7.246     -8.955  -3.585    2.183   0.229
279.60  32.70   5.407  10.009     -7.802  -2.668    1.636   0.229
279.60  32.70   5.236   3.248     -6.627  -2.664    2.909   0.200
279.60  32.70   5.064   2.895     -6.627  -2.660    2.364   0.229
279.60  32.70   4.836   4.144     -6.627  -2.473    2.181   0.229
279.60  32.70   4.579   2.784     -6.144  -2.285    2.364   0.229
279.60  32.70   3.549   1.638     -3.816  -1.353    1.999   0.143
279.60  32.70   3.292   2.066     -3.816  -0.983    2.546   0.228
279.60  32.70   2.978   0.898     -3.392  -1.158    2.363   0.343
279.60  32.70   2.407   0.209     -2.918  -2.054    3.091   0.257
279.60  32.70   2.092   0.149     -1.831  -1.320    3.635   0.257
279.60  32.70   0.663   0.714     -0.492  -0.014    2.182   0.200
279.60  32.70   2.778   1.804     -3.392  -0.608    2.545   0.286
279.60  32.70   2.006   0.828     -1.831   0.319    2.363   0.285
279.60  32.70   1.463   0.504     -1.400  -0.760    0.909   0.429
286.10  41.20   6.267   1.551     -8.480  -11.430    3.107   0.289
286.10  41.20   6.007   1.694     -7.517  -11.801    3.292   0.347
286.10  41.20   5.545   0.993     -6.099  -9.618    3.658   0.173
286.10  41.20   5.343   3.609     -6.099  -9.988    2.193   0.231
286.10  41.20   5.199   1.954     -4.714  -9.260    4.571   0.202
286.10  41.20   5.025   0.710     -4.714  -8.533    4.570   0.231
286.10  41.20   4.823   1.956     -4.714  -8.903    3.840   0.202
286.10  41.20   4.563   0.986     -4.163  -8.178    4.206   0.231
286.10  41.20   4.390   1.650     -4.163  -7.633    3.108   0.173
286.10  41.20   4.130   1.213     -2.891  -6.360    3.293   0.404
286.10  41.20   3.957   1.375     -2.891  -6.912    3.474   0.231
286.10  41.20   3.697   1.760     -1.894  -5.638    3.290   0.289
286.10  41.20   3.408   0.944     -1.894  -4.914    3.291   0.289
286.10  41.20   3.177   1.157     -1.622  -4.370    3.107   0.289
286.10  41.20   2.830   0.937     -1.622  -4.013    3.107   0.289
286.10  41.20   2.542   0.309     -1.331  -3.471    4.021   0.260
286.10  41.20   2.137   2.840     -0.496  -5.308    2.925   0.376
286.10  41.20   1.733   1.551     -0.343  -3.307    2.744   0.375
286.10  41.20   1.473   3.002     -0.343  -4.775    2.559   0.549
286.10  41.20   0.722   0.751     -0.111  -1.136    2.559   0.289
286.10  41.20   5.776  35.018     -7.517  -23.689    2.742   0.462
286.10  41.20   3.177   4.448     -1.622  -11.683    5.120   0.231
286.10  41.20   3.061   3.658     -1.622  -8.578    3.656   0.318
286.10  41.20   2.484   4.509     -1.331  -6.763    2.559   0.231
286.10  41.20   2.108  28.005     -0.496  -12.073    2.194   0.260
286.10  41.20  10.888   8.298     -42.453  -35.639    2.377   0.404
286.10  41.20  10.368  60.446     -40.411  -21.939    2.377   0.722
286.10  41.20  10.253  38.815     -40.411  -19.931    3.291   0.809
286.10  41.20   9.819  43.602     -37.360  -20.489    2.560   0.433
286.10  41.20   9.762  41.611     -37.360  -23.233    2.194   0.635
286.10  41.20   8.866   1.675     -27.087  -23.619    2.741   0.491
286.10  41.20   9.098  13.684     -27.087  -18.312    2.377   0.433
286.10  41.20   8.578   2.328     -23.113  -20.335    1.829   0.549
286.10  41.20   7.480   2.171     -16.471  -13.778    1.829   0.260
286.10  41.20   7.711   6.421     -16.471  -11.031    2.194   0.404
286.10  41.20   7.105   0.985     -11.832  -10.314    1.644   0.289
286.10  41.20   6.845   3.183     -11.832  -6.663    2.925   0.635
286.10  41.20   6.238   0.474     -7.517  -7.408    2.559   0.347
286.10  41.20   5.343   0.245     -6.099  -6.149    2.377   0.318
286.10  41.20   3.841   0.891     -2.891  -4.355    1.829   0.318
286.10  41.20   3.090   0.248     -1.622  -2.544    2.378   0.289
286.10  41.20   2.455   0.038     -1.331  -1.279    3.109   0.231
286.10  41.20   2.397   0.107     -1.331  -0.183    3.657   1.126
286.10  41.20   1.329   0.692     -0.343  -1.305    2.559   0.231
289.50  41.60   4.143   2.228     -1.076  -6.667    3.786   0.657
289.50  41.60   4.143   3.819     -1.076  -5.670    2.391   0.400
289.50  41.60   3.286   2.598     -0.386  -5.272    3.188   0.429
289.50  41.60   2.943   1.354     -0.404  -4.076    3.188   0.343
289.50  41.60   2.229   1.527      0.272  -3.877    3.786   0.400
289.50  41.60   1.914   0.677      0.272  -3.080    4.185   0.457
289.50  41.60   1.857   3.652      0.272  -4.873    2.790   0.286
289.50  41.60   1.600   0.592      0.217  -1.486    2.391   0.343
289.50  41.60   1.343   0.960      0.217  -1.884    2.591   0.286
289.50  41.60   1.000   0.264      0.153  -1.486    3.188   0.314
289.50  41.60   0.686   0.548      0.054  -1.286    3.786   0.286
289.50  41.60   0.257   0.785      0.054  -0.888    3.786   0.286
289.50  41.60   9.114   6.467     -19.194  -27.790    3.388   0.686
289.50  41.60  10.257   3.568     -28.121  -33.370    2.790   1.429
289.50  41.60  10.543   4.101     -28.121  -33.768    2.790   0.657
289.50  41.60  10.486   8.249     -28.121  -35.562    2.591   0.714
289.50  41.60   9.971  14.686     -26.864  -37.554    2.790   0.600
289.50  41.60   4.514  80.077     -2.027  -26.993    2.790   1.200
289.50  41.60   5.314  96.156     -3.120  -34.366    3.188   0.543
289.50  41.60   0.886  152.013      0.153  -31.775    2.591   0.343
289.50  41.60   3.543  22.322     -0.386  -15.435    3.188   0.200
289.50  41.60   3.343  23.034     -0.386  -14.638    2.989   0.286
289.50  41.60   3.600  22.916     -0.386  -10.851    2.192   0.286
289.50  41.60   3.400  13.171     -0.386  -10.453    2.790   0.257
289.50  41.60   9.171   0.192     -19.194  -20.217    2.790   0.714
289.50  41.60   8.486   0.003     -16.174  -16.033    2.790   0.571
289.50  41.60   6.314   0.164     -4.607  -3.678    2.989   0.714
289.50  41.60   5.543   0.238     -3.120  -4.475    2.790   0.886
289.50  41.60   5.400   1.861     -3.120  -8.261    3.786   0.771
289.50  41.60   5.286   5.751     -3.120  -8.261    2.192   0.429
289.50  41.60   4.886  12.717     -2.098  -8.460    1.793   0.314
289.50  41.60   3.486   1.935     -0.386  -2.880    1.793   0.543
289.50  41.60   2.171   0.130      0.272  -0.489    3.786   0.571
289.50  41.60   2.429   0.601     -0.386  -2.482    2.790   0.371
289.50  41.60   2.200   0.510      0.272  -1.286    3.786   0.343
289.50  41.60   0.400   0.290      0.054   1.504    2.989   0.429
289.90  43.60   7.200  13.242      8.403  -15.146    6.667   0.229
289.90  43.60   5.943   4.739      8.413  -4.214    5.831   0.257
289.90  43.60   5.714   6.686      8.189  -5.863    5.831   0.229
289.90  43.60   5.400   3.492      8.189  -3.338    6.245   0.343
289.90  43.60   5.000   4.013      7.942  -2.057    4.991   0.343
289.90  43.60   5.000   2.151      7.942  -1.224    6.250   0.314
289.90  43.60   4.743   2.557      6.960  -1.204    5.831   0.314
289.90  43.60   4.343   2.431      6.960  -2.006    6.250   0.257
289.90  43.60   4.086   1.968      6.753  -1.986    6.667   0.171
289.90  43.60   3.829   2.036      6.753  -1.132    6.250   0.257
289.90  43.60   3.657   1.904      6.333  -0.286    5.833   0.200
289.90  43.60   3.314   1.642      6.333   0.158    5.833   0.257
289.90  43.60   3.000   1.965      5.271   0.599    3.333   0.143
289.90  43.60   2.800   1.875      5.271   0.198    7.081   0.171
289.90  43.60   2.543   0.582      4.268   0.218    5.414   0.286
289.90  43.60   2.171   0.744      3.866   0.247    5.417   0.314
289.90  43.60   2.000   0.307      3.866   1.094    5.000   0.229
289.90  43.60   1.686   0.484      2.844   0.702    5.831   0.314
289.90  43.60   1.371   0.320      2.844   0.726    5.414   0.314
289.90  43.60   1.200   0.642      1.861   0.740    5.831   0.257
289.90  43.60   0.886   0.309      1.861   0.347    6.248   0.229
289.90  43.60   0.657   0.475      0.902   1.199    5.414   0.229
289.90  43.60   0.371   0.254      0.902   1.221    5.412   0.257
289.90  43.60   0.200   1.012      0.000   2.068    4.164   0.229
289.90  43.60  10.457  27.695     10.386  -22.484    6.250   0.229
289.90  43.60   9.886  31.663      7.149  -23.272    5.414   0.371
289.90  43.60   9.657  16.596      6.453  -23.671    7.502   0.229
289.90  43.60   9.314  26.008      6.453  -26.978    6.667   0.200
289.90  43.60   9.171  44.700      7.085  -26.133    5.000   0.229
289.90  43.60   8.657  26.080      6.888  -22.760    5.829   0.343
289.90  43.60   7.829  28.395      6.818  -23.945    5.831   0.229
289.90  43.60   7.629  24.435      6.348  -24.346    6.250   0.229
289.90  43.60   6.200  11.931      8.413  -11.318    5.833   0.286
289.90  43.60   8.743  71.397      6.888  -45.683    6.248   0.314
289.90  43.60   6.257  92.548      9.498  -50.489    6.250   0.371
289.90  43.60   2.571  47.107      4.268  -41.451    6.662   0.600
289.90  43.60   2.086  58.970      3.866  -37.663    5.414   0.229
289.90  43.60   0.771  70.150      1.861  -36.310    4.583   0.257
289.90  43.60   0.257  74.981      0.902  -52.937    6.248   0.286
289.90  43.60   4.143   0.821      6.753   0.926    6.667   0.600
289.90  43.60   5.171   2.607      7.942  -0.404    5.836   0.229
289.90  43.60   5.000   1.720      7.942  -0.807    6.671   0.171
289.90  43.60   3.171   0.190      5.271   4.752    6.667   0.400
289.90  43.60   2.886   0.426      5.271   3.525    4.167   0.229
289.90  43.60   2.914   0.028      5.271   5.189    4.162   0.514
295.70  45.80   7.991   0.118     -23.884  -24.643    2.216   0.290
295.70  45.80   6.249   2.150     -11.711  -15.958    3.425   0.319
295.70  45.80   5.263   3.729     -9.456  -14.334    2.619   0.464
295.70  45.80   4.914   1.113     -7.381  -9.897    2.417   0.493
295.70  45.80   4.451   3.759     -6.211  -10.496    2.216   0.348
295.70  45.80   4.915   5.163     -7.381  -11.912    2.015   0.261
295.70  45.80  10.112  12.074     -36.429  -46.226    2.820   1.565
295.70  45.80   9.792   3.932     -36.429  -41.991    2.820   1.014
295.70  45.80   7.991   1.099     -23.884  -27.262    3.223   0.840
295.70  45.80   7.240  46.748     -17.048  -36.318    2.821   0.927
295.70  45.80   7.154  64.922     -17.048  -38.130    2.619   0.435
295.70  45.80   4.626   6.883     -6.211  -15.132    3.424   0.406
295.70  45.80   2.976  76.720     -2.244  -25.184    2.619   0.464
295.70  45.80   1.991  70.911     -0.734  -26.179    3.022   0.348
295.70  45.80  12.499  190.278     -19.155  28.084    3.425   0.435
295.70  45.80   8.762  217.494     -29.591  17.857    3.223   0.261
295.70  45.80   8.358  197.368     -26.777  10.005    2.619   0.493
295.70  45.80   6.075   0.273     -11.711  -12.934    2.619   0.319
295.70  45.80   5.814   1.292     -11.711  -14.945    3.224   0.348
295.70  45.80   4.277   1.761     -6.211  -9.889    4.029   0.232
295.70  45.80   4.016   2.849     -4.385  -9.483    3.022   0.290
295.70  45.80   3.842   3.018     -4.385  -9.078    3.022   0.203
295.70  45.80   3.610   3.544     -2.915  -8.470    3.223   0.145
295.70  45.80   3.493   0.772     -2.915  -6.454    4.029   0.319
295.70  45.80   3.203   0.870     -2.244  -6.048    4.835   0.406
295.70  45.80   3.058   0.767     -2.244  -6.247    4.634   0.406
295.70  45.80   2.855   0.600     -2.244  -4.633    4.432   0.261
295.70  45.80   2.594   0.293     -1.631  -3.824    4.835   0.319
295.70  45.80   2.420   0.464     -1.631  -3.419    3.223   0.203
295.70  45.80   2.217   1.028     -0.734  -3.215    3.626   0.290
295.70  45.80   1.869   0.451     -0.734  -3.412    5.036   0.319
295.70  45.80   1.783   7.601     -0.734  -6.030    2.015   0.261
295.70  45.80   1.579   0.504     -0.461  -2.401    3.022   0.261
295.70  45.80   1.434   0.165     -0.461  -1.392    3.223   0.232
295.70  45.80   1.231   0.929     -0.263  -1.792    2.821   0.290
295.70  45.80   0.883   0.861     -0.263  -2.392    2.619   0.261
295.70  45.80   0.622   0.646     -0.131  -1.784    2.417   0.290
290.50  47.80  13.164   0.234     144.225  143.604   12.288   0.340
290.50  47.80  11.805   0.659     107.357  127.405   28.486   0.482
290.50  47.80   6.296   8.722     22.760  -1.063    8.378   0.255
290.50  47.80   5.814   7.202     20.252   0.054    7.820   0.255
290.50  47.80   2.665   1.490      9.287   2.288    7.820   0.198
290.50  47.80   0.509   0.057      1.915   0.054    7.820   0.425
290.50  47.80  11.719  32.792     86.090  130.757    7.820   0.539
290.50  47.80  12.828  15.825     144.225  115.676    7.261   0.284
290.50  47.80  13.511  56.693     156.648  106.180    6.703   0.482
290.50  47.80  12.802  23.238     144.225  104.504    8.378   0.227
290.50  47.80  13.201  74.653     144.225  96.126    5.586   0.284
290.50  47.80  12.405   6.213     124.140  103.387    8.378   0.340
290.50  47.80  12.296  48.059     124.140  81.604    6.144   0.568
290.50  47.80  11.786  16.835     107.357  75.460    7.820   0.482
290.50  47.80  10.709   2.730     59.771  72.108    7.820   0.425
290.50  47.80  10.825   5.541     71.193  57.027    6.144   0.369
290.50  47.80  10.913  27.512     71.193  41.946    5.586   0.284
290.50  47.80  10.686  10.648     59.771  38.036    6.703   0.511
290.50  47.80  12.479  306.699     124.140   6.757    6.703   0.511
290.50  47.80  10.974  112.276     71.193  17.928    5.027   0.369
290.50  47.80  10.861  78.702     71.193  11.784    6.703   0.369
290.50  47.80  10.520  44.354     59.771  15.135    6.703   0.255
290.50  47.80  10.379  38.072     59.771  15.135    7.261   0.227
290.50  47.80   7.658  16.074     24.314   0.054    6.144   0.227
290.50  47.80   7.431  12.597     24.314   0.613    6.703   0.227
290.50  47.80   4.168   2.089     14.645   3.405    8.378   0.312
290.50  47.80   3.146   0.984     11.252   6.198    6.703   0.227
290.50  47.80   2.494   0.253      9.287   5.640    7.261   0.199
290.50  47.80   1.700   1.427      5.903   4.522    6.144   0.170
290.50  47.80   1.444   0.091      5.903   4.522    7.820   0.227
290.50  47.80   0.849   0.476      3.909   1.730    6.144   0.255
290.50  47.80   0.622   0.298      1.915   2.847   10.054   0.227
290.50  47.80   0.338   0.697      1.915   2.847    5.027   0.199
290.50  47.80   0.140   0.614      0.000   2.288    6.703   0.198
290.50  47.80  10.352  320.828     59.771  159.802    5.586   0.454
290.50  47.80  10.816  14.673     71.193  107.297    9.495   0.397
290.50  47.80   7.854   3.663     29.877  14.577    8.937   0.171
290.50  47.80   8.055  21.459     29.877  -1.063    6.703   0.142
290.50  47.80   7.829  27.792     29.877  -2.180    6.144   0.227
290.50  47.80   7.630  19.715     24.314  -2.739    6.144   0.227
290.50  47.80   7.318  19.007     24.314  -2.180    6.144   0.284
290.50  47.80   7.119   7.348     23.480  -0.504    8.937   0.312
290.50  47.80   4.024   0.051     14.645  16.252    7.820   0.255
290.50  47.80   1.473   0.479      5.903   1.730    6.144   0.199
290.50  47.80   1.388   1.350      5.903   0.613    5.027   0.227
290.50  47.80   0.619  19.685      1.915  19.045    3.910   0.170
290.50  47.80   0.423   0.054      1.915   2.847    8.937   0.369
