3.657228735454152169e+00
3.551872093615672465e+00
3.472832727106767603e+00
3.483675598321565037e+00
3.628037438161122452e+00
3.937785960868356749e+00
4.402771291689097310e+00
4.977172491652829045e+00
5.600415747765654650e+00
6.194801204571970921e+00
6.732153432443102936e+00
7.203048313154323701e+00
7.569833723957807514e+00
7.895153139599397463e+00
8.174588710238504419e+00
8.427974223127657538e+00
8.642254620548390776e+00
8.846700266719372152e+00
9.013273083985280820e+00
9.157452127497309746e+00
9.259375798396973778e+00
9.336258271786535445e+00
9.395035702841756375e+00
9.427961421265729669e+00
9.446566562159341984e+00
9.452188740154500834e+00
9.451326736755612856e+00
9.454542927776385497e+00
9.444679542535642014e+00
9.434226474439725507e+00
9.423704302507333708e+00
9.416934608624368153e+00
3.730340389857352168e+00
3.596024509908093858e+00
3.493696037650561248e+00
3.481039444336599065e+00
3.625803200342110788e+00
3.965001542162988724e+00
4.481746843193007201e+00
5.138435594103277104e+00
5.853017951113110406e+00
6.557730372029463517e+00
7.201181451962557212e+00
7.752854815333477312e+00
8.230707423855168514e+00
8.648567176527782507e+00
9.018873641144564246e+00
9.332199376841332494e+00
9.637606172952443373e+00
9.891412011189464337e+00
1.010708657085019446e+01
1.026883683815578685e+01
1.039136820149926521e+01
1.047333457649949828e+01
1.051959245350246519e+01
1.054208235340310829e+01
1.055698638881071894e+01
1.054629467317206881e+01
1.052359544137085656e+01
1.050378884295438020e+01
1.048715679879189189e+01
1.046578243145568621e+01
1.045085700763346104e+01
1.043671223951327853e+01
3.865732751991159066e+00
3.699868566555404303e+00
3.562134435778831598e+00
3.521651859077136848e+00
3.647826243874800145e+00
3.982436618630760705e+00
4.535462961493561984e+00
5.246094074130380314e+00
6.046867776948055884e+00
6.843662964157521067e+00
7.580978433211357448e+00
8.238896197255765941e+00
8.811498079080527290e+00
9.307490919035641852e+00
9.761626688590331113e+00
1.015912432454319436e+01
1.050409923941184687e+01
1.081326528327508463e+01
1.104605266477362058e+01
1.122760527258404117e+01
1.134521478995817922e+01
1.140447634658791820e+01
1.144386492626949980e+01
1.144319794810665236e+01
1.140904374420444078e+01
1.137323961621119928e+01
1.132148870327326762e+01
1.128742486266240519e+01
1.124206844446281828e+01
1.120548208980537730e+01
1.117067045747155163e+01
1.113104107586826075e+01
4.093244186010512209e+00
3.894307024922293525e+00
3.711731090446269032e+00
3.628526142817249056e+00
3.714902654978712970e+00
4.026989976688632566e+00
4.575070198348442752e+00
5.315087786666401470e+00
6.159664665363011160e+00
7.016195675458893000e+00
7.822195228310921955e+00
8.563250445972814262e+00
9.204033326951030602e+00
9.770006933757667156e+00
1.027922005358845503e+01
1.073203867624286012e+01
1.110887057470651662e+01
1.142373873679664875e+01
1.166538289788594263e+01
1.179371728555655885e+01
1.187760369677372019e+01
1.189718814668395730e+01
1.187401163351145250e+01
1.182847288723025692e+01
1.174484560353272222e+01
1.167181886679053981e+01
1.157908593346068749e+01
1.149822541350151539e+01
1.142001971755483858e+01
1.135556273598412247e+01
1.129275233332799644e+01
1.123954958575517082e+01
4.428943428102296131e+00
4.194950395938715992e+00
3.972213290764356142e+00
3.830911085335028332e+00
3.862885571411061036e+00
4.128306517299395573e+00
4.643156482749599689e+00
5.364022185033134882e+00
6.211804486290454896e+00
7.092851588385806316e+00
7.935376674260496976e+00
8.702017576602088411e+00
9.389244576455661573e+00
9.992443464078670345e+00
1.052308420181631909e+01
1.097487263920083400e+01
1.133481882394990770e+01
1.160557098173509694e+01
1.177786846419904698e+01
1.185583325902358887e+01
1.186560830727931659e+01
1.179906318362303175e+01
1.167793510267506285e+01
1.154478384272585068e+01
1.139817774123700644e+01
1.125916876815184509e+01
1.111694940361125283e+01
1.098001271609089002e+01
1.086727458349733411e+01
1.076384444339501023e+01
1.068572126279775070e+01
1.060394144541254313e+01
4.858668418103271769e+00
4.596415965209813770e+00
4.330309052770211942e+00
4.140549097722349359e+00
4.111921886953957994e+00
4.315297023236708718e+00
4.770299416231344125e+00
5.443822290189900492e+00
6.259248212409151968e+00
7.120942014363015993e+00
7.950026495051029762e+00
8.712557930281706220e+00
9.385504941621183761e+00
9.964812267435213755e+00
1.045566536300512617e+01
1.085307394332016706e+01
1.113855242735630746e+01
1.130899141901508642e+01
1.136879934274980286e+01
1.133097614329645353e+01
1.120951058003090317e+01
1.102921696152122166e+01
1.081680558153771443e+01
1.058690871570588321e+01
1.036367571597297399e+01
1.014094432869447893e+01
9.934435176274444501e+00
9.755886417849717773e+00
9.607640839820051681e+00
9.461962369685329222e+00
9.350277236347205090e+00
9.265299260030346318e+00
5.344082786940140828e+00
5.058308434873036497e+00
4.759923054700572642e+00
4.528870075937980744e+00
4.450125325927326791e+00
4.591383709681614356e+00
4.979197930084043655e+00
5.582701074976481159e+00
6.332026078126244073e+00
7.139217405327204169e+00
7.928758410093277753e+00
8.639885218085471053e+00
9.260745967128878320e+00
9.767552089651026392e+00
1.015508254247560238e+01
1.042289409046630588e+01
1.056909726945364980e+01
1.058641736362336339e+01
1.049090121115689556e+01
1.028743428415578087e+01
1.002372537678641073e+01
9.712348227131164080e+00
9.376458869184320477e+00
9.048134018549930602e+00
8.743804033002334108e+00
8.455639657501128781e+00
8.210454143350403911e+00
7.984244944080301387e+00
7.801474004030673370e+00
7.645196586038722764e+00
7.513948279200835856e+00
7.417835285142879265e+00
5.836359695851732532e+00
5.529648506323916024e+00
5.208864735080148911e+00
4.952728040213252747e+00
4.844091118899521042e+00
4.942615754345429657e+00
5.274000933263071289e+00
5.808640151414848241e+00
6.495511990986135409e+00
7.238116551156276834e+00
7.966672784931154716e+00
8.599481986700272529e+00
9.126221953027995326e+00
9.499096355296991590e+00
9.748909629291610202e+00
9.835551975231533461e+00
9.792958036772553498e+00
9.604672662191367394e+00
9.303689930140508935e+00
8.927281315171610387e+00
8.500218502366809759e+00
8.061046252354291397e+00
7.615738920653588373e+00
7.213420510854084533e+00
6.852173440992907594e+00
6.533266507043909321e+00
6.256913557711410334e+00
6.029459030484914273e+00
5.836843666253508367e+00
5.680079429007983016e+00
5.556248824651902396e+00
5.452082138281848955e+00
6.279665400255407093e+00
5.955954194497878440e+00
5.627916689826023777e+00
5.373875860769065760e+00
5.267461131850245337e+00
5.362161965267961072e+00
5.672659350796184441e+00
6.182693176666282930e+00
6.824905756039488125e+00
7.529752208741142816e+00
8.197347010804600487e+00
8.764130592459276059e+00
9.171659836539779675e+00
9.405289118901146495e+00
9.455634993894621587e+00
9.324781312213795914e+00
9.038839098375651915e+00
8.620939783199624173e+00
8.105774008013908016e+00
7.536936910991198779e+00
6.951674147639427481e+00
6.400757195556779244e+00
5.896762512608456852e+00
5.454100708390376973e+00
5.074130139748857182e+00
4.755083424690417893e+00
4.494582617268188862e+00
4.285044449529921806e+00
4.114652605891565784e+00
3.985371866597758217e+00
3.882375173806362323e+00
3.801225049166687686e+00
6.620198728198913862e+00
6.292842988644213875e+00
5.980807864939333029e+00
5.765994659371890485e+00
5.712550177151995534e+00
5.861186289465831756e+00
6.222244011059409274e+00
6.768093315414309252e+00
7.446120992969791352e+00
8.165623524647630305e+00
8.834744022433723032e+00
9.348985002649159881e+00
9.661614184274656125e+00
9.730511446637363449e+00
9.557814590086410433e+00
9.175323439614080812e+00
8.621423797847123538e+00
7.932146525332488096e+00
7.185426039720777425e+00
6.428613970991104765e+00
5.722116127067806701e+00
5.078125414988974740e+00
4.531405222990628978e+00
4.088230362468718404e+00
3.728112735270176614e+00
3.449560013818807835e+00
3.237558553797337257e+00
3.083145562146136331e+00
2.962627059399655760e+00
2.878696866532275411e+00
2.816086362972254786e+00
2.771013278518751566e+00
6.826842298523883024e+00
6.513692588716641474e+00
6.253353314571865162e+00
6.124621557617381917e+00
6.189286022852807712e+00
6.473864343153951317e+00
6.970286991071280802e+00
7.655151265171298292e+00
8.462852219918746144e+00
9.298569769096806326e+00
1.003765203029814401e+01
1.057278691368715506e+01
1.081928847445837505e+01
1.073745728394209387e+01
1.033706671502041274e+01
9.663796688196820028e+00
8.803115039115569473e+00
7.823493846778205807e+00
6.814651935290924278e+00
5.863657547560841898e+00
5.016195047512003846e+00
4.309118677372745232e+00
3.738857368156640160e+00
3.308958850776794858e+00
2.994389192224619745e+00
2.775710595593215313e+00
2.630022906430515395e+00
2.538357134279675353e+00
2.482535228992350351e+00
2.453020543321217328e+00
2.438272613181531323e+00
2.433520782957549589e+00
6.900493180526127368e+00
6.631256393157555884e+00
6.459754161707212283e+00
6.471870290177812457e+00
6.720642661187469002e+00
7.219938726413146490e+00
7.953926897946903551e+00
8.883478586879158811e+00
9.935514852362814509e+00
1.099868423818101171e+01
1.192502393047954179e+01
1.256789636710660041e+01
1.280480887699214065e+01
1.260299870970353453e+01
1.196724346814881379e+01
1.099540002639896130e+01
9.782999099787211605e+00
8.464445229006132720e+00
7.164697128714384355e+00
5.981527782300990026e+00
4.970222883005839698e+00
4.165218619143391976e+00
3.560135586137155528e+00
3.132662100180187981e+00
2.852913997105106958e+00
2.685614276522042321e+00
2.598582131656133054e+00
2.566814485930281275e+00
2.566650251880905564e+00
2.586408801776539867e+00
2.614174650868215100e+00
2.643645431857932326e+00
6.892488980425738099e+00
6.692846110863801989e+00
6.644426399294688146e+00
6.837725863646735291e+00
7.319812637603107852e+00
8.093402985911801295e+00
9.133286588080183677e+00
1.039432800468510720e+01
1.179010236023427183e+01
1.318987432562822448e+01
1.441069018790677525e+01
1.525793871320068718e+01
1.557668337384351709e+01
1.529290983664435721e+01
1.444902077855937250e+01
1.314448868862214148e+01
1.156188523676892999e+01
9.859968658050243917e+00
8.217398272362942180e+00
6.753070910607056554e+00
5.535957959327156175e+00
4.592295924921636185e+00
3.909744465965174332e+00
3.452395957301235274e+00
3.173952464622860514e+00
3.028641288382139862e+00
2.972721347849018869e+00
2.975482319697513756e+00
3.008991858193708513e+00
3.058687800741129781e+00
3.112821302095697629e+00
3.162127577014126611e+00
6.886484018972839571e+00
6.767344495596232967e+00
6.850787227362535425e+00
7.232402304629402146e+00
7.954328707868278059e+00
9.010633349101789591e+00
1.037662973931715626e+01
1.199845033037381370e+01
1.379336689133761062e+01
1.560339908171572887e+01
1.720387601971849989e+01
1.833645946207141719e+01
1.881273078912909114e+01
1.851685704346460426e+01
1.748335866370023695e+01
1.587820937296777579e+01
1.390351541183420814e+01
1.180430661431902983e+01
9.787314847109454874e+00
8.002943820490175497e+00
6.538452299520101541e+00
5.418421957854692828e+00
4.620784565741811178e+00
4.092511902141161784e+00
3.777171127288711627e+00
3.615415864544620828e+00
3.558399956307968015e+00
3.563457006094536528e+00
3.606791011436790040e+00
3.663330337097207678e+00
3.723375965476269922e+00
3.782537492501334864e+00
6.976473525895023897e+00
6.918753802380305018e+00
7.107130583935004076e+00
7.636821640144733969e+00
8.547657010797875543e+00
9.837238437334946184e+00
1.147773758785718989e+01
1.342540607123754448e+01
1.559318721293495713e+01
1.781760832162071395e+01
1.981663104007619935e+01
2.129587210810331399e+01
2.197328948736662824e+01
2.171705844703273769e+01
2.056516876713743613e+01
1.869454956482849539e+01
1.636378558476524248e+01
1.389064599779251985e+01
1.150982222161489510e+01
9.411464997630359264e+00
7.698275295055117873e+00
6.389737011854724535e+00
5.459385418662002110e+00
4.840991213404687521e+00
4.468474742638266939e+00
4.268714467622942266e+00
4.188041388807806520e+00
4.180524781987822180e+00
4.211560100193076472e+00
4.262461932666627540e+00
4.317572055311198476e+00
4.367167709079906146e+00
7.223689198829579716e+00
7.187009963703907545e+00
7.420816017316995250e+00
8.021707777720942900e+00
9.029675484937564889e+00
1.044741705147562350e+01
1.225019025115875060e+01
1.441244100737522693e+01
1.685926897112561917e+01
1.941272877859986679e+01
2.177227069755579691e+01
2.356989287293934510e+01
2.447369861596993701e+01
2.429971578019018352e+01
2.308083418926715069e+01
2.102100399324503144e+01
1.841493678048832905e+01
1.562599586723067269e+01
1.295275391999433090e+01
1.060082437066799166e+01
8.680114368111320644e+00
7.226916812855673555e+00
6.184843081848433677e+00
5.495924426868112000e+00
5.073738214802847146e+00
4.845368100932510025e+00
4.742722146077153589e+00
4.720549216890178812e+00
4.740257903070921763e+00
4.779677212867903258e+00
4.828160859563364049e+00
4.871934907730819830e+00
7.655955617195213669e+00
7.586685893886904175e+00
7.795312377412478178e+00
8.380358876923189371e+00
9.378091974890782723e+00
1.079836543026513418e+01
1.262869755443022513e+01
1.485591782554001306e+01
1.743063775426456630e+01
2.018182895767569462e+01
2.278621286734395213e+01
2.483337190428640540e+01
2.592936721371363618e+01
2.585298730701165582e+01
2.461182914886273565e+01
2.242633347784338582e+01
1.963699031587522725e+01
1.664472106187108480e+01
1.377083775907566299e+01
1.125809607629562947e+01
9.223573065886078837e+00
7.687806583175625263e+00
6.605067711936963626e+00
5.892843223852458401e+00
5.462650726477914276e+00
5.231385709896465563e+00
5.132005629861440710e+00
5.110352551698508883e+00
5.131329587833327821e+00
5.172444493010977418e+00
5.216722558227870898e+00
5.259217457029583542e+00
8.282950220681279063e+00
8.143248304325219067e+00
8.278528579412833821e+00
8.777332596186392166e+00
9.686449450207426537e+00
1.100368912282301004e+01
1.272948161723340199e+01
1.487562013604563127e+01
1.741319446680122951e+01
2.019432459891134002e+01
2.290106351560628539e+01
2.508169669609721097e+01
2.629672284504532342e+01
2.628294540314897176e+01
2.503860645188954948e+01
2.277757048107082483e+01
1.989371448060922987e+01
1.678765364369266067e+01
1.382157928653110979e+01
1.125281525224023049e+01
9.195383607521815605e+00
7.667337891342870471e+00
6.613081114913299530e+00
5.939644201605532636e+00
5.550283316697155023e+00
5.357485526750399352e+00
5.291482212292381249e+00
5.295992870924481899e+00
5.338148932141014491e+00
5.390723950704963130e+00
5.447107912720326794e+00
5.494097520712784011e+00
9.188640486743748781e+00
8.969486444829906091e+00
9.008777974630630681e+00
9.398023965258182955e+00
1.016507356094759373e+01
1.130764045915702276e+01
1.282968582056373386e+01
1.476056235456965737e+01
1.710939983371995865e+01
1.976555422195241007e+01
2.241613625245276964e+01
2.460136192949176959e+01
2.585353092372772110e+01
2.585455047136319706e+01
2.458843077562562485e+01
2.229427712722042543e+01
1.934537656602588385e+01
1.619445327473410501e+01
1.321185607248112781e+01
1.065775898416846168e+01
8.653219806893126531e+00
7.198033345031618069e+00
6.226809403670433340e+00
5.640264145078905500e+00
5.333514955181446915e+00
5.210651352937015979e+00
5.201952486189285629e+00
5.251538492107022726e+00
5.327478782305069771e+00
5.407288336414872276e+00
5.481510430021917735e+00
5.546216832282702569e+00
1.052977986672305910e+01
1.024189970496645152e+01
1.019099868481100835e+01
1.045570302590709666e+01
1.105785689227699464e+01
1.198078582682950177e+01
1.322872495298035211e+01
1.484364679404154153e+01
1.688596813542102737e+01
1.928326630992068758e+01
2.175249090811761121e+01
2.383771433832849596e+01
2.503094873904676021e+01
2.499604385530345496e+01
2.368538139989415114e+01
2.133710022698592823e+01
1.834280729725571391e+01
1.516221117370134230e+01
1.219227390475254680e+01
9.689511520500582620e+00
7.765954858037584785e+00
6.414318778673337995e+00
5.557742498450916280e+00
5.079579677861246090e+00
4.871489387505741675e+00
4.834020305445671184e+00
4.894213019073370141e+00
5.000601240753937304e+00
5.115743447110523867e+00
5.226253265624166922e+00
5.323155999455464915e+00
5.397448008315429036e+00
1.236027273304355134e+01
1.206311923771397865e+01
1.191920791671616797e+01
1.205158981093872761e+01
1.246861323230377216e+01
1.314104909433507373e+01
1.406408270306093300e+01
1.531267823020339769e+01
1.697720982762010777e+01
1.904055629070579059e+01
2.125704156143016021e+01
2.315816116342852737e+01
2.423815422367452754e+01
2.411826630460174314e+01
2.273163445604413369e+01
2.029826374606700057e+01
1.724459823072922049e+01
1.402904469164035639e+01
1.106176006656293964e+01
8.599342026649464898e+00
6.749983103528144568e+00
5.495154239138117624e+00
4.744363717757770438e+00
4.372723214864697283e+00
4.259952590465380773e+00
4.306733762439997726e+00
4.431411325452733863e+00
4.590185283373097391e+00
4.744159469548432817e+00
4.885846472885135405e+00
5.001062470598163223e+00
5.094855998610200665e+00
1.471440393393455714e+01
1.427737953744646404e+01
1.403087725328319380e+01
1.401127424483155615e+01
1.422562704394852595e+01
1.463404363274368158e+01
1.523809957918243008e+01
1.611544481771474935e+01
1.740450899202916091e+01
1.913166617684553827e+01
2.107998796517025397e+01
2.279349404708015925e+01
2.373505663473582672e+01
2.351064304846255482e+01
2.201681817105421501e+01
1.948115076340165430e+01
1.633039577360479910e+01
1.304230694447691086e+01
1.003530185572629740e+01
7.578231775764277423e+00
5.770236839139389673e+00
4.583018430384274922e+00
3.912991823269577285e+00
3.625732144588459605e+00
3.591842905335189684e+00
3.706287748151105621e+00
3.888163110963068547e+00
4.087747163404015005e+00
4.278353725449091094e+00
4.440056001070285419e+00
4.571776325413318354e+00
4.676120266368074319e+00
1.696749855234165594e+01
1.645566470637739087e+01
1.609118966436670561e+01
1.590757333851051136e+01
1.592577449694966241e+01
1.610498706772451527e+01
1.643655092760408465e+01
1.702339383751997204e+01
1.802415488376404440e+01
1.948962891464462288e+01
2.123404568859201191e+01
2.279708617164896012e+01
2.362433594227853817e+01
2.328856070194308714e+01
2.168045300571585088e+01
1.901208351949451014e+01
1.573046643327232808e+01
1.232662907649564765e+01
9.237465349405370674e+00
6.742274125301610077e+00
4.932438952345467698e+00
3.777487761292795287e+00
3.155002029084188919e+00
2.922547730935111776e+00
2.943733257315481300e+00
3.107908867942378084e+00
3.330752797802455589e+00
3.564057519293374110e+00
3.778268213657355989e+00
3.959225913486392301e+00
4.103478734404184536e+00
4.213283986970159489e+00
1.865996660821915398e+01
1.806401242892298953e+01
1.758211551439490705e+01
1.726234015013908163e+01
1.713127984747881172e+01
1.715692641100708826e+01
1.733768829566950131e+01
1.777796996146190622e+01
1.863752144700785252e+01
1.998433976874525086e+01
2.163690705825130678e+01
2.312966814856964959e+01
2.388996256807125462e+01
2.347184217204562628e+01
2.175090064512516719e+01
1.892875833766038696e+01
1.548452760206561685e+01
1.192768974190132703e+01
8.724571540473018416e+00
6.140952636089749284e+00
4.291117948519942438e+00
3.127801998651984494e+00
2.522508673113096567e+00
2.320183741234234098e+00
2.375127137684675649e+00
2.569259157829678397e+00
2.819345760543578994e+00
3.077063262305855584e+00
3.304873849251073192e+00
3.495386179127586868e+00
3.647661750909227951e+00
3.765151471874885303e+00
1.938631766763191422e+01
1.873472548489678147e+01
1.817259240894236072e+01
1.776623184971721514e+01
1.756982664358016066e+01
1.755634287659697534e+01
1.774014990293273542e+01
1.821137601493974856e+01
1.910929683895356845e+01
2.049738970826707529e+01
2.219217652309059829e+01
2.371376738725662747e+01
2.447069265161340823e+01
2.399620069923099663e+01
2.216603245175561199e+01
1.918884348272867157e+01
1.556183668867799419e+01
1.183339739595876416e+01
8.469873324942183146e+00
5.777863979795928806e+00
3.856442400601521658e+00
2.656129820058358515e+00
2.040113927789891424e+00
1.844417504676598929e+00
1.913980961047933027e+00
2.125378506931625111e+00
2.392443430025641415e+00
2.660002204686712890e+00
2.898075423866604439e+00
3.096850030367894302e+00
3.252386552389713970e+00
3.371267137931752256e+00
1.906771425457307245e+01
1.837668378707572359e+01
1.778367480216766339e+01
1.737874376824447253e+01
1.720704349222926766e+01
1.729140350268195547e+01
1.762887662556476798e+01
1.828511141493330072e+01
1.939415865455660892e+01
2.098101331906008582e+01
2.283858138466725407e+01
2.447351818321483918e+01
2.527918305145817257e+01
2.478200494982453606e+01
2.285167703044359655e+01
1.973289441324108751e+01
1.592014473709709677e+01
1.199190845709446229e+01
8.458213577056028498e+00
5.630482673843046904e+00
3.612332991295579276e+00
2.355424876889061103e+00
1.711164442576128764e+00
1.504222791018584582e+00
1.572260500567728370e+00
1.787005942268636405e+00
2.059548484839728300e+00
2.331522301070420244e+00
2.573447450662495584e+00
2.774682082699806873e+00
2.932035783961840725e+00
3.050024356659395419e+00
1.783431061625298142e+01
1.717519013059613542e+01
1.661126638755487761e+01
1.628611522052934291e+01
1.625169386853896114e+01
1.653082808938176029e+01
1.713602961211960007e+01
1.810632433168887090e+01
1.953613912378813566e+01
2.141902920907370245e+01
2.351425373095504767e+01
2.532066121948752269e+01
2.621846231235052471e+01
2.572823710205277692e+01
2.372277123553042699e+01
2.046186570585045672e+01
1.646241214732225444e+01
1.234326809527347102e+01
8.634449051298227928e+00
5.657592522887065378e+00
3.536687806827336633e+00
2.207361074820768820e+00
1.518284038947204095e+00
1.286667475705291164e+00
1.342510210802339676e+00
1.550979973347002661e+00
1.818780651815234739e+00
2.088516281847458522e+00
2.329301823717229158e+00
2.529328683969805702e+00
2.685369117023240548e+00
2.802747742622317517e+00
