2.069310418794329820e+01
2.107968633706906658e+01
2.155498180484779880e+01
2.223950582931703934e+01
2.316103408283021281e+01
2.446916783937701112e+01
2.617383662066499639e+01
2.821236819094428583e+01
3.027853712015161847e+01
3.211866953949534320e+01
3.351308954639205950e+01
3.440760641470635761e+01
3.481690494820648496e+01
3.499463229263525932e+01
3.514445759890976717e+01
3.535971118602799379e+01
3.576811459478663835e+01
3.639297588057694810e+01
3.711474775422885841e+01
3.785804152283284907e+01
3.863771909601507559e+01
3.934636988283030234e+01
3.994567843792604833e+01
4.047218654707142349e+01
4.085179289493024868e+01
4.115700142441887266e+01
4.138668242651591100e+01
4.157394345455784190e+01
4.174074336040923328e+01
4.176065140937307518e+01
4.186991497439780119e+01
4.192129305052913679e+01
2.051122087677567407e+01
2.083758416124569379e+01
2.126028095430073250e+01
2.180812499048120756e+01
2.255585396049958646e+01
2.360140995487686766e+01
2.498302998211718418e+01
2.659321697759755310e+01
2.824565061678805833e+01
2.963111436525515074e+01
3.061424857329978977e+01
3.107532819262650037e+01
3.120720942885226989e+01
3.118081155474333599e+01
3.120979454400089992e+01
3.134386335071694418e+01
3.172129533924693945e+01
3.226571773192519288e+01
3.294306095767053222e+01
3.368245290812041048e+01
3.436112457388910713e+01
3.499275716507246159e+01
3.551973670560238361e+01
3.597283444941982111e+01
3.634605915084180339e+01
3.658366313667247027e+01
3.678816309026583298e+01
3.692255508645502005e+01
3.705630613571408816e+01
3.712877014516914187e+01
3.718259776036749287e+01
3.724563222776149019e+01
2.028279026285896691e+01
2.059477677182067623e+01
2.095111114351570336e+01
2.140724280237905575e+01
2.199833341968876255e+01
2.276606190121830764e+01
2.380506360872569260e+01
2.499931940672856356e+01
2.621838691134721699e+01
2.716377472577280372e+01
2.775424284391971952e+01
2.796427185756961720e+01
2.794047048332377514e+01
2.785458435549883305e+01
2.786965539385214186e+01
2.804634447267484276e+01
2.846005915997202251e+01
2.900312416296180373e+01
2.965984461515299486e+01
3.037470537015294880e+01
3.101995296588933115e+01
3.160279357472873940e+01
3.209008695940040923e+01
3.252496022563999389e+01
3.287031781639774408e+01
3.310665268369536562e+01
3.331299801560588492e+01
3.349787578397739907e+01
3.360127706728970765e+01
3.371196661019287433e+01
3.377115966478992704e+01
3.383612188489205863e+01
2.004623112261930373e+01
2.031424187524753577e+01
2.065297757583103078e+01
2.101793322657963259e+01
2.144727475802297079e+01
2.200632316667881483e+01
2.273618367043747668e+01
2.358776386270285386e+01
2.438436892446590676e+01
2.499831934178808268e+01
2.532596380924126223e+01
2.542360286022309523e+01
2.545796893819653306e+01
2.556592485426612882e+01
2.582884259986169440e+01
2.628177762666592798e+01
2.689265506778032844e+01
2.762337505282646433e+01
2.842819403092688901e+01
2.920629307488768234e+01
2.991960346308552232e+01
3.054956316390636673e+01
3.112727325732002370e+01
3.162510501132036111e+01
3.198949374923220645e+01
3.232994386220806149e+01
3.261159084186149926e+01
3.284719149408232397e+01
3.304710613990425117e+01
3.321953740054824777e+01
3.336507054095282854e+01
3.349298190378891604e+01
1.975645269586503261e+01
2.003102495082175594e+01
2.031383193911568696e+01
2.059852864436922459e+01
2.090321009475792025e+01
2.128326439175974372e+01
2.177845179335574599e+01
2.234298929741588324e+01
2.284644318689143816e+01
2.324164460720402303e+01
2.347460619692542494e+01
2.368746324840959616e+01
2.404159560740172097e+01
2.461551337044356913e+01
2.542644891782333616e+01
2.638189363450307212e+01
2.749607517789010203e+01
2.860493296346864156e+01
2.971674706403030086e+01
3.076743021297616210e+01
3.167497619233187578e+01
3.248168887467565469e+01
3.321240801228045569e+01
3.383457553318045541e+01
3.439331170854422481e+01
3.492244876518859087e+01
3.536856538929892935e+01
3.573472267477737319e+01
3.608981833788838145e+01
3.639976869941863669e+01
3.665414739160547697e+01
3.687678450894747328e+01
1.949688078204950159e+01
1.972370481747718429e+01
1.995533579360163756e+01
2.016340708242134028e+01
2.036104703647333736e+01
2.060280065222715606e+01
2.089848202719363002e+01
2.126488765358920219e+01
2.160510854134397363e+01
2.189463482487190404e+01
2.222746261177644556e+01
2.276734769883912080e+01
2.366837552425077718e+01
2.497065184707832941e+01
2.656833295554419294e+01
2.834292876107335601e+01
3.008782577777596501e+01
3.181089162054360742e+01
3.341922524100268532e+01
3.480294263183497350e+01
3.602199594910619851e+01
3.708622380058637447e+01
3.806962667281544554e+01
3.891102333707596728e+01
3.971129913909388165e+01
4.042976289983373306e+01
4.111578337490865209e+01
4.172150761529221086e+01
4.227364163390446095e+01
4.274267253973584957e+01
4.316882389727924618e+01
4.352315073347913454e+01
1.924761682659599416e+01
1.941946631067007800e+01
1.959649111394791632e+01
1.972468768446614718e+01
1.983586619654638383e+01
1.994291341756177616e+01
2.011823661256376283e+01
2.035016011266483460e+01
2.062998060713844239e+01
2.097877612507108225e+01
2.155044989287071999e+01
2.257481658853673423e+01
2.420968252969522894e+01
2.635193871632780827e+01
2.891662009348216955e+01
3.154287695949758685e+01
3.407804733442802103e+01
3.643576533447629373e+01
3.851962588476833815e+01
4.027964360214458850e+01
4.182644983187245202e+01
4.313665639256613815e+01
4.433826372086173961e+01
4.539007479434247472e+01
4.642490854147200707e+01
4.735566157316364411e+01
4.824947471359686801e+01
4.909215927528865109e+01
4.984973041353705270e+01
5.047012009844804226e+01
5.104551681607429003e+01
5.154738037078586643e+01
1.897347779147903424e+01
1.911182472747051264e+01
1.921701931127160989e+01
1.926763212909363077e+01
1.927665066126958493e+01
1.930818489582667041e+01
1.940351436187716416e+01
1.960421119559877567e+01
1.991052186368318999e+01
2.042510862050047393e+01
2.136031735215354743e+01
2.294293640075332874e+01
2.532147924914384873e+01
2.836012822823697732e+01
3.176952234454048707e+01
3.520053242267634630e+01
3.847010218024914252e+01
4.127005209562781118e+01
4.376152719734770358e+01
4.576372847646066333e+01
4.743022028484501362e+01
4.886383871674492951e+01
5.013408889051918038e+01
5.129464424355014529e+01
5.243653880373329201e+01
5.348903939303497168e+01
5.449181299995967720e+01
5.543102252398566065e+01
5.626307614150087488e+01
5.701870110415676152e+01
5.775703829529626177e+01
5.824600906059048100e+01
1.866770079604814114e+01
1.875516807044970591e+01
1.880728254488243323e+01
1.876686338106958019e+01
1.871490443181164665e+01
1.869696193383747840e+01
1.877935182573986950e+01
1.902001220512887869e+01
1.947210594212418400e+01
2.024345778682141628e+01
2.157689577711995810e+01
2.373961805204170972e+01
2.677075323535408202e+01
3.053248598745453180e+01
3.458333940719374056e+01
3.860903568757203175e+01
4.220215677568921819e+01
4.531317181522416604e+01
4.778990352062080404e+01
4.979750794553002180e+01
5.134286249862721263e+01
5.260180841995017431e+01
5.374420530554967712e+01
5.476211320780771530e+01
5.580932280912356447e+01
5.675105627605562120e+01
5.772981467221369201e+01
5.868826929915428536e+01
5.950965845784634922e+01
6.022657544513376138e+01
6.087323395567977968e+01
6.149597492298077128e+01
1.826391243861566949e+01
1.831774065909331739e+01
1.831178217440852407e+01
1.824118688082971573e+01
1.814994104997521518e+01
1.812908455937473562e+01
1.828604891653008480e+01
1.868875848405851059e+01
1.938309973972130251e+01
2.049864872300460661e+01
2.225507384148233569e+01
2.488454232673202782e+01
2.845337830663849843e+01
3.268484015374961871e+01
3.715115826074556082e+01
4.132765852827419906e+01
4.493811112387336948e+01
4.792122500961505693e+01
5.012093909877884812e+01
5.173263074183057597e+01
5.290930339052344067e+01
5.381614880715128635e+01
5.446801861562138924e+01
5.512077579238496838e+01
5.580808235406312434e+01
5.656576651819514723e+01
5.731023250842700634e+01
5.806056450148913939e+01
5.873085221219295704e+01
5.931249348112308439e+01
5.987223632685746111e+01
6.037215345493148533e+01
1.772812590453336057e+01
1.775414339081271820e+01
1.772866342264059725e+01
1.765145018935589150e+01
1.760519877673975486e+01
1.768204556233145652e+01
1.802865229126366842e+01
1.871327766229102707e+01
1.977490705673456262e+01
2.130068050113200329e+01
2.351934082326720343e+01
2.658705122253871522e+01
3.052563205684505476e+01
3.496386195072187775e+01
3.950450209402454504e+01
4.354324871641009054e+01
4.687389776097118244e+01
4.937353234597236451e+01
5.107481596857658701e+01
5.212056388531298268e+01
5.262024299968555852e+01
5.286052912625680733e+01
5.302488548392520329e+01
5.312489239418254527e+01
5.336053413008171731e+01
5.368695185390933489e+01
5.410350206597557587e+01
5.454350470501795201e+01
5.504855168669418930e+01
5.531446256050816856e+01
5.575505902024163873e+01
5.606982578528338479e+01
1.705755024363860528e+01
1.708024533502364051e+01
1.708181706861017091e+01
1.709433729983506467e+01
1.719325080095223868e+01
1.750366164541686587e+01
1.817724898670183009e+01
1.927717945667585653e+01
2.082369164354101088e+01
2.285847843748553032e+01
2.555545613278939143e+01
2.905754414015261489e+01
3.323741018609694464e+01
3.779128636779867634e+01
4.209413062961490937e+01
4.581574459560548007e+01
4.859464801046552651e+01
5.046849407866434944e+01
5.147892015739788008e+01
5.172854013576504428e+01
5.154794980488782130e+01
5.113249952026855993e+01
5.062554478151745485e+01
5.025544577262824220e+01
4.998243455748266229e+01
4.987213300289776896e+01
4.988926575456080315e+01
5.005719247824963958e+01
5.018837448080904551e+01
5.034958749627946162e+01
5.049875983706944282e+01
5.063898579087619822e+01
1.631290016822543976e+01
1.639630156137941341e+01
1.649631675059505298e+01
1.667105765293986153e+01
1.702905975703763275e+01
1.772398373118150516e+01
1.888238258670534719e+01
2.056421431065074046e+01
2.274066710686237158e+01
2.539049540150139350e+01
2.863343892941686164e+01
3.252241401738963589e+01
3.690634625137911939e+01
4.140705472138371590e+01
4.546206757866624315e+01
4.866180788225949527e+01
5.079049318879700081e+01
5.193421503544086448e+01
5.212894472736937956e+01
5.166182294453344781e+01
5.074948458020212172e+01
4.964423344248980641e+01
4.859547100951055398e+01
4.768533755956947573e+01
4.695714101544091790e+01
4.648029596112272799e+01
4.621102674806590471e+01
4.607404498984273289e+01
4.596086332167568855e+01
4.588789907155974390e+01
4.589236031442894870e+01
4.582591826187092465e+01
1.569255749220511120e+01
1.586882970057736664e+01
1.613315649939801588e+01
1.656887237016979597e+01
1.731365898839920803e+01
1.851355559311814147e+01
2.030362670375772183e+01
2.271757905430166247e+01
2.562307010458142287e+01
2.898090098980393137e+01
3.279819669540535898e+01
3.708654276765598468e+01
4.167716518605251252e+01
4.608221029758340137e+01
4.978059927001712026e+01
5.238433159189806076e+01
5.376170174979428396e+01
5.411390993036193464e+01
5.352784105278200144e+01
5.232996840796615601e+01
5.074460445231919437e+01
4.906395435624147439e+01
4.749314848611216888e+01
4.610375170607831308e+01
4.506436740710435629e+01
4.423773552789191399e+01
4.372487697952590935e+01
4.329861913706360355e+01
4.303427538630293725e+01
4.280287849793751320e+01
4.264341349590557684e+01
4.248019368648962768e+01
1.539598723003331315e+01
1.571552903687528691e+01
1.621835297290440536e+01
1.697894015939460033e+01
1.818679118302618747e+01
1.999755126763883339e+01
2.252095262728582270e+01
2.574649286821572503e+01
2.947636127482568824e+01
3.355085641243737626e+01
3.793956409659304541e+01
4.261616187964543201e+01
4.728000661553645045e+01
5.154822587151062407e+01
5.475227216729587809e+01
5.672482790004613662e+01
5.737359188587564063e+01
5.681555366144500852e+01
5.546933192056433626e+01
5.350142202180825990e+01
5.131236786594052290e+01
4.906897176604259414e+01
4.702861222168373700e+01
4.536210425256751932e+01
4.395272448216127259e+01
4.288902856999420976e+01
4.212150905540870838e+01
4.155767751441380398e+01
4.111878623073240391e+01
4.080973229350642839e+01
4.052170147250843968e+01
4.030268456594890836e+01
1.566818027036978833e+01
1.615846114230017605e+01
1.689444025931099347e+01
1.802567139970378207e+01
1.973121426567832515e+01
2.217197037936564641e+01
2.544788410069256557e+01
2.948139306341909816e+01
3.400003815858450906e+01
3.879191094685810981e+01
4.367724874136942503e+01
4.863907848425505165e+01
5.334536563621063010e+01
5.727762463182973107e+01
5.998575716922229617e+01
6.116450180483953858e+01
6.100880559895338706e+01
5.955751592891853363e+01
5.739002396346675994e+01
5.466792763285426560e+01
5.180330743889548017e+01
4.909125944927362184e+01
4.662939012307093378e+01
4.457811559859246131e+01
4.294738971107344128e+01
4.173337579718307211e+01
4.078227920752451041e+01
4.009887152795116805e+01
3.953715442519020939e+01
3.909789807919029414e+01
3.874260588556592921e+01
3.846738114259598262e+01
1.657068010177982842e+01
1.722249561464810697e+01
1.821740466286161819e+01
1.968850157157459435e+01
2.184842015051374631e+01
2.487289932717411389e+01
2.885900662022982743e+01
3.361501212296201402e+01
3.885311563519876188e+01
4.420726129702870111e+01
4.953203747546336189e+01
5.457251151227196573e+01
5.915050348743100983e+01
6.269655980693575259e+01
6.471698172246775016e+01
6.505246627990483432e+01
6.394586617261714423e+01
6.158435215538987961e+01
5.854348184219270479e+01
5.507453020066643745e+01
5.162705933636100752e+01
4.837195098335067911e+01
4.554609187357769429e+01
4.320319852185630793e+01
4.137848590860115650e+01
3.995733495360153142e+01
3.886852497246380267e+01
3.809956682852813969e+01
3.745506000519225154e+01
3.694983942840023872e+01
3.650799787246017303e+01
3.619576009936983496e+01
1.794650624037816655e+01
1.875064269424501617e+01
1.994649527880288531e+01
2.171641597733075457e+01
2.427243778212183045e+01
2.778495497970395078e+01
3.232035367279572569e+01
3.767668163889233313e+01
4.343917039250236201e+01
4.920947458626061888e+01
5.475061313309777233e+01
5.983095196130461346e+01
6.412425088209445789e+01
6.711104251703110890e+01
6.835923387861404876e+01
6.781974883656405950e+01
6.563215094789262594e+01
6.233416380683431157e+01
5.842527299451117528e+01
5.425971213678943172e+01
5.019291906814592608e+01
4.654006287511154483e+01
4.335451128540091048e+01
4.075300500772948453e+01
3.872102933049122697e+01
3.716499926732625880e+01
3.604734738060304267e+01
3.514444195272747606e+01
3.446303595888397808e+01
3.391630145436042909e+01
3.346716166965572370e+01
3.310311645328988561e+01
1.947695779996293908e+01
2.037552882964067535e+01
2.173519889738859234e+01
2.370713627017635616e+01
2.653017088862677753e+01
3.037250371737946608e+01
3.530341616662386883e+01
4.105217541007267812e+01
4.718671052197467475e+01
5.320106459721023384e+01
5.875619563171345305e+01
6.370713023684392340e+01
6.757919341951989622e+01
6.995336846085604066e+01
7.042030326309287602e+01
6.886734100426329519e+01
6.575910765300554317e+01
6.155586637728114141e+01
5.679530859484796679e+01
5.202374274934351206e+01
4.743187444256642493e+01
4.337639463574659970e+01
3.998420240392222524e+01
3.722551232069286442e+01
3.511065513183626052e+01
3.351302856228146965e+01
3.228476694052773865e+01
3.139098364868354807e+01
3.069923106706831106e+01
3.012187602741310855e+01
2.967254641590345088e+01
2.927864611475604306e+01
2.076679879370268011e+01
2.172215719320026395e+01
2.315517245722296380e+01
2.524452082246886775e+01
2.820024502100562458e+01
3.225030028741337418e+01
3.737726750502176287e+01
4.331373824081470758e+01
4.956459186156283181e+01
5.560299367079265664e+01
6.109844191365482402e+01
6.577675694822761443e+01
6.921821107795847183e+01
7.089060670581287127e+01
7.053499328083867681e+01
6.804394863142265137e+01
6.404703896165068500e+01
5.905346171035653668e+01
5.361800887172281449e+01
4.831492787668426558e+01
4.347318135855947929e+01
3.921559853962780551e+01
3.566773431845737719e+01
3.288109368759698725e+01
3.072562643918074343e+01
2.915071126924487288e+01
2.797647421371246423e+01
2.709128201038429751e+01
2.643439481580999129e+01
2.589214262499913843e+01
2.546235278633471211e+01
2.512167839510916068e+01
2.144187255409027415e+01
2.250460369974124930e+01
2.396143199774908439e+01
2.605658644227538900e+01
2.903715880143280614e+01
3.309298431232782889e+01
3.822049142919268405e+01
4.413259313983589038e+01
5.031622674247456928e+01
5.622110715199912079e+01
6.151371120510206225e+01
6.582092499642652683e+01
6.872437652106368944e+01
6.978087364518229663e+01
6.859699575208112776e+01
6.537638913792673634e+01
6.066245185935321871e+01
5.500144214528997111e+01
4.914117030028450017e+01
4.356166604276688759e+01
3.851697606424270504e+01
3.423189521289214099e+01
3.074890841253666451e+01
2.805405700711683181e+01
2.600355322996968610e+01
2.453274212517282749e+01
2.347088214927192240e+01
2.269099172374918894e+01
2.210451088189046942e+01
2.163860864777274884e+01
2.127627098336402511e+01
2.096337798189765422e+01
2.177655019600562269e+01
2.268004254506984552e+01
2.407507445181973083e+01
2.610252982822465384e+01
2.895451872626915701e+01
3.285629977549010050e+01
3.778149155242714130e+01
4.346708797481463193e+01
4.942249846445765371e+01
5.510341777651001394e+01
6.002004461438617966e+01
6.394014344508556746e+01
6.634176001477459295e+01
6.678893681632501966e+01
6.499570607716164261e+01
6.113799145343674013e+01
5.580397148572134824e+01
4.975098104238669805e+01
4.369379566327008035e+01
3.801658466501665856e+01
3.306423218554316890e+01
2.892772347545182399e+01
2.566622159990813401e+01
2.316584187541816675e+01
2.138587597915226723e+01
2.008340292095522983e+01
1.918450327124624266e+01
1.853674902404064539e+01
1.806200952473351862e+01
1.769847212354576271e+01
1.741908571949775464e+01
1.715925073195174733e+01
2.149208746823115490e+01
2.232158013329734203e+01
2.360086460387147156e+01
2.544634164237116636e+01
2.805976019320918979e+01
3.166452783602887422e+01
3.628334805808494679e+01
4.164261765364202716e+01
4.719702402262893770e+01
5.246404094012812891e+01
5.704583516061589421e+01
6.050165984176442180e+01
6.248632591818337545e+01
6.241170233639010689e+01
6.009811788047677084e+01
5.569137919453826413e+01
5.005381547986438306e+01
4.383897226503654565e+01
3.777128053777628480e+01
3.225488552051638891e+01
2.757033346095846227e+01
2.377298258167300915e+01
2.085664403945021306e+01
1.870128110199893001e+01
1.719243612291857914e+01
1.613902955447154497e+01
1.543080930327038658e+01
1.493741500759771945e+01
1.460923565138339342e+01
1.435962122462314028e+01
1.416498339388999561e+01
1.399955846308293417e+01
2.089254053620862095e+01
2.161193965934554839e+01
2.270507229530101867e+01
2.431649852103919685e+01
2.662471987736505952e+01
2.984046960684426963e+01
3.401036767187652288e+01
3.888647728038566953e+01
4.398787795721450067e+01
4.879118051777184206e+01
5.292579159704559544e+01
5.606333605415770194e+01
5.755921870141415297e+01
5.709771821991906648e+01
5.438598790924992699e+01
4.977185153777961091e+01
4.396900797439067787e+01
3.780490172066609489e+01
3.194360637108064083e+01
2.675104540499874517e+01
2.252777662666941083e+01
1.918160532409311969e+01
1.672995920523722901e+01
1.499996994001356931e+01
1.381446240691035143e+01
1.302334151385898409e+01
1.251558711610124952e+01
1.220131794046446139e+01
1.199160451113745829e+01
1.182899651347252323e+01
1.172156316355260230e+01
1.162016764991015982e+01
2.015164137995241234e+01
2.073410785611464036e+01
2.163282089506853367e+01
2.297601865512648089e+01
2.492722542365623539e+01
2.767893117971512496e+01
3.132907450879211808e+01
3.562846540057666544e+01
4.016866571146235287e+01
4.449654559589628633e+01
4.823838763073676716e+01
5.101296721980676807e+01
5.225776432805958649e+01
5.149816118758227645e+01
4.860235550863680487e+01
4.386799862497989722e+01
3.811576178757869116e+01
3.212469069792399523e+01
2.667824871811287579e+01
2.202376127787067972e+01
1.833142239207527169e+01
1.555042624766141302e+01
1.361260109630386950e+01
1.229268716974523556e+01
1.145775749638289653e+01
1.093633681848262640e+01
1.062677411741054989e+01
1.044196824120471234e+01
1.033116758741067365e+01
1.025595690747162791e+01
1.020056644877424645e+01
1.015857512668920570e+01
1.941659572997724936e+01
1.986298648453296778e+01
2.056897401924733870e+01
2.163362130837090191e+01
2.319165379944110938e+01
2.547861949194243891e+01
2.856044712342214353e+01
3.226743219981166533e+01
3.623013691863111063e+01
4.008125965532795476e+01
4.347851695693304919e+01
4.591231338326051059e+01
4.695039671139272741e+01
4.604191669102903717e+01
4.304537107802613605e+01
3.837466015797777175e+01
3.284257221393648507e+01
2.724326884454690045e+01
2.225951657234022107e+01
1.823270863971644218e+01
1.516248702660143088e+01
1.300936791005270265e+01
1.161647093744903891e+01
1.074218935246782891e+01
1.022691852746866381e+01
9.946743201833518455e+00
9.787958822827294014e+00
9.709530539667451166e+00
9.675805397437969191e+00
9.652347106655954079e+00
9.640860628978316527e+00
9.626627555213650211e+00
1.877767478527255918e+01
1.911703504299651257e+01
1.964446343207232104e+01
2.043768202696217173e+01
2.163609905898478303e+01
2.344763266258712164e+01
2.595431091099331766e+01
2.906446556006703474e+01
3.246104762791770781e+01
3.586427685468588322e+01
3.890332996994313675e+01
4.115339311639612419e+01
4.204795645483544320e+01
4.111731933068539746e+01
3.818165666267844216e+01
3.370602207849411514e+01
2.845643342009281440e+01
2.332240569172491718e+01
1.892548192783806726e+01
1.551890633853658663e+01
1.312563116425795506e+01
1.159236358934646383e+01
1.070738114811004493e+01
1.024456889401413662e+01
1.003060579344683667e+01
9.937868358426722892e+00
9.907022828706324447e+00
9.905987604401897073e+00
9.912923549285636682e+00
9.917831140749584051e+00
9.923651798013416681e+00
9.928149630886569099e+00
