1.255729353998542820e+03
1.250003055231250073e+03
1.240710738409303531e+03
1.228481797076579596e+03
1.214860620555521791e+03
1.201539196967865792e+03
1.189911842876030960e+03
1.180814261017938634e+03
1.174317567295421668e+03
1.170072311794007419e+03
1.167721835080186338e+03
1.166592245772744263e+03
1.166296460889324180e+03
1.166638681256986047e+03
1.167337117054554028e+03
1.168266505747932342e+03
1.169420391521456168e+03
1.170598558774022877e+03
1.171770341477627881e+03
1.172940847535958710e+03
1.173958000107804082e+03
1.174839320149295418e+03
1.175653073958816094e+03
1.176298121499408580e+03
1.176806447389170444e+03
1.177242086685454296e+03
1.177591466746786409e+03
1.177900718227781454e+03
1.178135600715909959e+03
1.178274641357116707e+03
1.178461129455937453e+03
1.178535053830195920e+03
1.252240166076939659e+03
1.245240566541608132e+03
1.234513944081083764e+03
1.220843865739765533e+03
1.206113210964814471e+03
1.192093694793667510e+03
1.180456812483434987e+03
1.172088208436344758e+03
1.166942359092330889e+03
1.164633312582785493e+03
1.164479918537694402e+03
1.165758756784988464e+03
1.168086670372840445e+03
1.171007847046780626e+03
1.174336216154996237e+03
1.177803782511241479e+03
1.181331441349359920e+03
1.184680617770147592e+03
1.187849256127861054e+03
1.190655181798320200e+03
1.193116594188175441e+03
1.195172247898118485e+03
1.196905822197029920e+03
1.198256770915822244e+03
1.199484594132126858e+03
1.200315227955150704e+03
1.201022977757188073e+03
1.201633003755278196e+03
1.202068413554833114e+03
1.202402460780869887e+03
1.202716845555400141e+03
1.202904891125230961e+03
1.248902757624115566e+03
1.240651480966755116e+03
1.228605795998582835e+03
1.213796029985242740e+03
1.198128787164036112e+03
1.183979551301444872e+03
1.173046111492757973e+03
1.166245472642479626e+03
1.163567151178526956e+03
1.164492221861981989e+03
1.168124307185098587e+03
1.173545569807111860e+03
1.180080993402436661e+03
1.187235825597533903e+03
1.194713464362942659e+03
1.202078795343803904e+03
1.209186075444874177e+03
1.215829379644495702e+03
1.221762452088672717e+03
1.227007606082879192e+03
1.231394989343577890e+03
1.235078113062858847e+03
1.238103026452514314e+03
1.240547016444153769e+03
1.242465430654262718e+03
1.243998593857240849e+03
1.245105885425190081e+03
1.246130673112492559e+03
1.246824127870133225e+03
1.247405116708092464e+03
1.247848898748186457e+03
1.248200332124799615e+03
1.245388501670607866e+03
1.235847605666433765e+03
1.222536606660098869e+03
1.206598356562612707e+03
1.190523693844790387e+03
1.176786506308229946e+03
1.167384097579015815e+03
1.163411091077336096e+03
1.164869607772017616e+03
1.170875360140908924e+03
1.180234934547283956e+03
1.191821853938067761e+03
1.204654205097605427e+03
1.217942950696415892e+03
1.231244976965603428e+03
1.244133292913735886e+03
1.256155355101862369e+03
1.267070320173102573e+03
1.276706418569004200e+03
1.284897108995590315e+03
1.291829164012175170e+03
1.297492019238195780e+03
1.302049885278012880e+03
1.305738473220397054e+03
1.308580519388083985e+03
1.310837649242198268e+03
1.312548580656049353e+03
1.313976529210086710e+03
1.315021894274295846e+03
1.315890340760875233e+03
1.316525699759740746e+03
1.317015710723039774e+03
1.241283495070378422e+03
1.230223928839875043e+03
1.215609024973195574e+03
1.198865420865278793e+03
1.182648263106242439e+03
1.170082579710879600e+03
1.163391528326478010e+03
1.163907594569686353e+03
1.171380215961268732e+03
1.184754026712635550e+03
1.202275814099406944e+03
1.222359298630680769e+03
1.243670341084813344e+03
1.265142709891692675e+03
1.286059731196584835e+03
1.305791647621764241e+03
1.323794867179225548e+03
1.339822105470359702e+03
1.353713818023286649e+03
1.365410354514051505e+03
1.375143394001385559e+03
1.382958328832644838e+03
1.389129633528441673e+03
1.394088963834984270e+03
1.397957275449568442e+03
1.401074386020501606e+03
1.403381796689695875e+03
1.405237605689657130e+03
1.406698475869125787e+03
1.407853093853670998e+03
1.408714586708125807e+03
1.409349469491619402e+03
1.236590399598738031e+03
1.223830165329889269e+03
1.207851492828112441e+03
1.190367378677802208e+03
1.174556417958208158e+03
1.164011210859979656e+03
1.161578129172357421e+03
1.168397844066998914e+03
1.184255859664681566e+03
1.207547721465331961e+03
1.235756932935900750e+03
1.266757416227475460e+03
1.298618367179078632e+03
1.329868199638613078e+03
1.359661055847252555e+03
1.387099887007833786e+03
1.411682398704622301e+03
1.433103030935472816e+03
1.451350343152379082e+03
1.466490492102539065e+03
1.478788086929326710e+03
1.488649978720387253e+03
1.496508668944032479e+03
1.502735008378905150e+03
1.507592649301204119e+03
1.511345345138801122e+03
1.514301380590248073e+03
1.516565102221031566e+03
1.518405508615345752e+03
1.519842490798130484e+03
1.520915475841674152e+03
1.521843686794355563e+03
1.232066630214973657e+03
1.217442351615578900e+03
1.199745060143768342e+03
1.181754005101861594e+03
1.166986674075173369e+03
1.159616410315053145e+03
1.162921572580511793e+03
1.178298483041667396e+03
1.205013493789614131e+03
1.240597794727627161e+03
1.281957662409328123e+03
1.325763807513273377e+03
1.369713648200851139e+03
1.411712220539657665e+03
1.450618822024507608e+03
1.485668898560779326e+03
1.516343355006292768e+03
1.542586693328798447e+03
1.564476770067446751e+03
1.582365640213810366e+03
1.596639336277987695e+03
1.608128275623565287e+03
1.617084486632078097e+03
1.624051189878363857e+03
1.629620134892784108e+03
1.633991212045775001e+03
1.637448649881894880e+03
1.640120673059913997e+03
1.642224135964484049e+03
1.643948951105683591e+03
1.645319355802300379e+03
1.646434696248290493e+03
1.228763504937468724e+03
1.211772856731748561e+03
1.192638264537656141e+03
1.174318253886421644e+03
1.161181017375219426e+03
1.158060283547201607e+03
1.168791559076844806e+03
1.194744047870505256e+03
1.234474886573721960e+03
1.284663995278620632e+03
1.340762762202475415e+03
1.398491949211651445e+03
1.454596599327141348e+03
1.506803835708331917e+03
1.553815126958472547e+03
1.594981481434474063e+03
1.630070232446887303e+03
1.659238451262847320e+03
1.683029320478844284e+03
1.701887003040579657e+03
1.716872228774738687e+03
1.728646692162113595e+03
1.737731588562085790e+03
1.744954916954738792e+03
1.750716747826806341e+03
1.755243071408793412e+03
1.758896123524218638e+03
1.761739458281049792e+03
1.764075270679174537e+03
1.765907517430935059e+03
1.767454120516815010e+03
1.768675671734692514e+03
1.227460284059280411e+03
1.208134451863174490e+03
1.187341247273531735e+03
1.168916513743483392e+03
1.158008804762137288e+03
1.160177016535345047e+03
1.179656157255326434e+03
1.217701457089343194e+03
1.271988603513621001e+03
1.337822765099737808e+03
1.408985092122244623e+03
1.480059600813176303e+03
1.546901631326431698e+03
1.607051655904551581e+03
1.659323029395259709e+03
1.703256520171251168e+03
1.739264899379091730e+03
1.768142187524546216e+03
1.790700626383481449e+03
1.808151047136865600e+03
1.821448066183874289e+03
1.831659484665301534e+03
1.839684446533551863e+03
1.845981376938037556e+03
1.850976314408045255e+03
1.855030076841871960e+03
1.858322015946959709e+03
1.861055437707434976e+03
1.863193375991135554e+03
1.865024304419145437e+03
1.866589779760923420e+03
1.867769349481798827e+03
1.229087513995452355e+03
1.207312304923276997e+03
1.184988840909137252e+03
1.166444042843307443e+03
1.157866190232351983e+03
1.165740084155267141e+03
1.194587855997262295e+03
1.245288480572040498e+03
1.314417937165368585e+03
1.395248182509389608e+03
1.480149590297766053e+03
1.562032058861757605e+03
1.636051513896999950e+03
1.699667684660105124e+03
1.752118634336035711e+03
1.793805208337243585e+03
1.825967573431222490e+03
1.849895449771267522e+03
1.867194955449945155e+03
1.879549520168893650e+03
1.888533125193773913e+03
1.894864077706070248e+03
1.899712784653993367e+03
1.903706199698428463e+03
1.906974227113330926e+03
1.909648910764787615e+03
1.912088148504955143e+03
1.914047775637088080e+03
1.915695991277700386e+03
1.917240020343386277e+03
1.918504872880297171e+03
1.919439794177305657e+03
1.234456619430909996e+03
1.209976464477763784e+03
1.185665777687995387e+03
1.166806327402979377e+03
1.160388364365355073e+03
1.173582221154861145e+03
1.211348469435835341e+03
1.273752752387780902e+03
1.355988699650745275e+03
1.449473159221557808e+03
1.544312016686915285e+03
1.632253321031695577e+03
1.707897456397855194e+03
1.768922531311241301e+03
1.815223828265208340e+03
1.848261208052896791e+03
1.870492080506375032e+03
1.884142420724267367e+03
1.891749848708425134e+03
1.895495781146616764e+03
1.896815387804067541e+03
1.897181338800289041e+03
1.897069845114593136e+03
1.897205811566533612e+03
1.897596354611792776e+03
1.898088116504215122e+03
1.898786575146723635e+03
1.899667274919465399e+03
1.900436957655440892e+03
1.901278342306417699e+03
1.902010225440742715e+03
1.902589501812193475e+03
1.243291805996728044e+03
1.215715097534423421e+03
1.189133314795735714e+03
1.169245737794820116e+03
1.164103124151779411e+03
1.181429088639975362e+03
1.226160011548814055e+03
1.297739934338578223e+03
1.389705976321894468e+03
1.491203931478205504e+03
1.590652230811120489e+03
1.678413383802982935e+03
1.748612165443895037e+03
1.799660221117919036e+03
1.832712896256443628e+03
1.850657991928522051e+03
1.857075883282431278e+03
1.855592766059605083e+03
1.849390075772553701e+03
1.841272153198303613e+03
1.832585319091119118e+03
1.824958288549137023e+03
1.818732748165217799e+03
1.814113794310949061e+03
1.810847465115420391e+03
1.808803563164304705e+03
1.807496833245655580e+03
1.806855870610255124e+03
1.806583351169898833e+03
1.806474604104295850e+03
1.806489709444261052e+03
1.806657372128121779e+03
1.253663860039067913e+03
1.222860674234479347e+03
1.193558968092920622e+03
1.171954725337598347e+03
1.166804353085241019e+03
1.186317474627100864e+03
1.235336673169345886e+03
1.312380697705282955e+03
1.409254254738788632e+03
1.513213071588894309e+03
1.610630462328299245e+03
1.691053227130580353e+03
1.748727005027826181e+03
1.782766257279841739e+03
1.796056022810844979e+03
1.793037867716298933e+03
1.779096773992445151e+03
1.758857790919706531e+03
1.736278602770833231e+03
1.714434924338675046e+03
1.694878677792381495e+03
1.678707649242272964e+03
1.665876174666388124e+03
1.656479414682849892e+03
1.649822195348401010e+03
1.645167068287945767e+03
1.642086243466654196e+03
1.640082764734787588e+03
1.638820701686865050e+03
1.637950222066291644e+03
1.637360917404409065e+03
1.636964518868826872e+03
1.262045792512073831e+03
1.228294576168395452e+03
1.196199862795740728e+03
1.172610752618951210e+03
1.166597804837678723e+03
1.186673647349253770e+03
1.237317256562210787e+03
1.316127287332122023e+03
1.413336069727692347e+03
1.514071267009586336e+03
1.603669518995656063e+03
1.670399720938814198e+03
1.709334274277230861e+03
1.720779449195942107e+03
1.709381055310754618e+03
1.681903821813545392e+03
1.644907804659576414e+03
1.604458104022939324e+03
1.564898584907380382e+03
1.529418636875303719e+03
1.499493801262722855e+03
1.475661417247052668e+03
1.457542259541847216e+03
1.444211352249816628e+03
1.434969684483233323e+03
1.428595716318277027e+03
1.424364633165774194e+03
1.421559361821921357e+03
1.419772550523856580e+03
1.418452444476538858e+03
1.417585284867291875e+03
1.416854099222587820e+03
1.264500347357394276e+03
1.228685194203375431e+03
1.194994637507512380e+03
1.170235261319695610e+03
1.163825964848579815e+03
1.184218602700661449e+03
1.235538227676620409e+03
1.314224957038349430e+03
1.408889373700667647e+03
1.503087271679363994e+03
1.580433145640685552e+03
1.629532478170845479e+03
1.645727880498745435e+03
1.631123143941293392e+03
1.592914367439341731e+03
1.539529124274760079e+03
1.479212960864758315e+03
1.419271301346989048e+03
1.364169865314574736e+03
1.316899078657897235e+03
1.278678857308830629e+03
1.249279469217225369e+03
1.227654839230175185e+03
1.212381883269102900e+03
1.202028197477085769e+03
1.195286761060709523e+03
1.190967905364381068e+03
1.188306040901733013e+03
1.186569106697538700e+03
1.185489548859933393e+03
1.184691420978872202e+03
1.184041264371244552e+03
1.258365061603831009e+03
1.222854592654520047e+03
1.189895010966652762e+03
1.166613026437394637e+03
1.162239277572984975e+03
1.185028827945479861e+03
1.238501950038590621e+03
1.317835557818623101e+03
1.410136305685636444e+03
1.497102263437944657e+03
1.561325092158086818e+03
1.591033982364880785e+03
1.583007495914041556e+03
1.541611094890813320e+03
1.476257089371770235e+03
1.397677874917273812e+03
1.315666422417375315e+03
1.238245563022573606e+03
1.170226159950359033e+03
1.114177362551092983e+03
1.070378058029326894e+03
1.038107442568438728e+03
1.015325347590427782e+03
1.000179994976990542e+03
9.905774777017468296e+02
9.848506840765275001e+02
9.816724228522034537e+02
9.800697796081889237e+02
9.792657576111200797e+02
9.789638334692892840e+02
9.788757953320183560e+02
9.787739901798430537e+02
1.243817089677617105e+03
1.211736482145338186e+03
1.183197403145278713e+03
1.165392221460227802e+03
1.167290447681036312e+03
1.196777486846492366e+03
1.256402035326866780e+03
1.339889417238859096e+03
1.432465991063974798e+03
1.514170441328335528e+03
1.566188311439616655e+03
1.577343051117182995e+03
1.545597224375194173e+03
1.477855928997155615e+03
1.386241648702157590e+03
1.283944145918475442e+03
1.182355773461370973e+03
1.090014049380044298e+03
1.011796404561940335e+03
9.496459401703050389e+02
9.030553819302613192e+02
8.702089750273106574e+02
8.484775526479899099e+02
8.351249295966614454e+02
8.277446912022924153e+02
8.242491616177159131e+02
8.231794226960748802e+02
8.234048514905963430e+02
8.242558137093298001e+02
8.252111305537754333e+02
8.260994877713438882e+02
8.269116901653468403e+02
1.223406782528034455e+03
1.198292986226406583e+03
1.178377241620452878e+03
1.170768061987507053e+03
1.184134677917677664e+03
1.225628733318142849e+03
1.296500007478832913e+03
1.388894809898785070e+03
1.485704697934291744e+03
1.565103936207664674e+03
1.607296960509268274e+03
1.601006056042503587e+03
1.546244988159054401e+03
1.452834681978626577e+03
1.335997777103794988e+03
1.210903557566505469e+03
1.091247940157557878e+03
9.858041967114596673e+02
8.992071260248457065e+02
8.327426914448908519e+02
7.850483278535737099e+02
7.532176160379307248e+02
7.337343581156628716e+02
7.232548013642955311e+02
7.188892653911832440e+02
7.183403076651566153e+02
7.198584652104378847e+02
7.223224964431647095e+02
7.250464371106968429e+02
7.275655214195951430e+02
7.297855451700633012e+02
7.315654151760755894e+02
1.202124287067892737e+03
1.187365961953757960e+03
1.179973570822489137e+03
1.186917599236539445e+03
1.216584544103329108e+03
1.275039385215713764e+03
1.361975103539130259e+03
1.467553882880565652e+03
1.572017795234965661e+03
1.651515710234962398e+03
1.685113033185552240e+03
1.662297261338384942e+03
1.584972894932075633e+03
1.465741140040506025e+03
1.323151538386703578e+03
1.175974233556504259e+03
1.038357798995938765e+03
9.201937941338102291e+02
8.259777269609049881e+02
7.559085897068302984e+02
7.075851760061677851e+02
6.771594576549618978e+02
6.602516801069921257e+02
6.528631456440152760e+02
6.516606391528293898e+02
6.540117103722996035e+02
6.581605214306613334e+02
6.628741055365628654e+02
6.674629381940334270e+02
6.715535579288322197e+02
6.750463027010155201e+02
6.778489781330431470e+02
1.188473809872721858e+03
1.186595262715573426e+03
1.194443920536575888e+03
1.219247943695846061e+03
1.268564333107170796e+03
1.347267833367543972e+03
1.453444393801347132e+03
1.574597346922228098e+03
1.688645921230016711e+03
1.769241920454605406e+03
1.794620206527499704e+03
1.754913720262130482e+03
1.654048733530752543e+03
1.508386622952433072e+03
1.339470213605655999e+03
1.168909467751018838e+03
1.012935375528400186e+03
8.816107075117398608e+02
7.792810782058875247e+02
7.052411527947915602e+02
6.560180386559687804e+02
6.266240106053146519e+02
6.118723385488507347e+02
6.071458241218693956e+02
6.086664597781459634e+02
6.135850136788761802e+02
6.199868780364557779e+02
6.266432230448004930e+02
6.328570164173238481e+02
6.382501770797939571e+02
6.427915790656646777e+02
6.464548078189219495e+02
1.194730970622643781e+03
1.206244752634870565e+03
1.230819359393351988e+03
1.274728640881294268e+03
1.344934199158312140e+03
1.444989575515575325e+03
1.570918367551924348e+03
1.707992642129313708e+03
1.831250515072986673e+03
1.912322893003695299e+03
1.928690200603525227e+03
1.870711397061937305e+03
1.745528265314326745e+03
1.572187486142810940e+03
1.375979759365706741e+03
1.181141888423476303e+03
1.006039355452204745e+03
8.608611774632042852e+02
7.497382056081050905e+02
6.710328599712905771e+02
6.201705751751516118e+02
5.910884526231585596e+02
5.777799635163333960e+02
5.750445697248329679e+02
5.786131175271011671e+02
5.855240793877458145e+02
5.936452495043588442e+02
6.018004632906759070e+02
6.091802256500324120e+02
6.156584787743461220e+02
6.210056750463581920e+02
6.253289229788218790e+02
1.230640497779593943e+03
1.256637497047094939e+03
1.297426460521036461e+03
1.359724632212918550e+03
1.449663559456919529e+03
1.569437231991795443e+03
1.713306470393069731e+03
1.863891685412468178e+03
1.994247381853836714e+03
2.073938797109305597e+03
2.079618407759285219e+03
2.002661964705059290e+03
1.852188563986610461e+03
1.651101823209597796e+03
1.427449012906083908e+03
1.208548646756510607e+03
1.013890639379935578e+03
8.546691694339458536e+02
7.343794131087219057e+02
6.504681830861202343e+02
5.973631673574651586e+02
5.680061146884584105e+02
5.555362148076358153e+02
5.541085526456622574e+02
5.591844117128243852e+02
5.674603414832602084e+02
5.768471968715939511e+02
5.860584525935202009e+02
5.943479969455707987e+02
6.014405488890957940e+02
6.073843523693585666e+02
6.121635632293414346e+02
1.304423271987121780e+03
1.342683027787155879e+03
1.397599894514696871e+03
1.475635286083309666e+03
1.581999106526727701e+03
1.717589878586002442e+03
1.875040121579730112e+03
2.035195831848706803e+03
2.169045411039230203e+03
2.244954395103024581e+03
2.238545993666702088e+03
2.142513931413387581e+03
1.968018737229251883e+03
1.739479932226360233e+03
1.490099526836665291e+03
1.248123350020652879e+03
1.035148883516551905e+03
8.626406872603233751e+02
7.337170747632080747e+02
6.449281910328286358e+02
5.896319601031864295e+02
5.598023354667384410e+02
5.478676010865057151e+02
5.474081542592515461e+02
5.535508567290625024e+02
5.628766374468722233e+02
5.731820787832712085e+02
5.830958169989239650e+02
5.919570473214293997e+02
5.996224340816256699e+02
6.059073601785694336e+02
6.110018710911402877e+02
1.411932972938939201e+03
1.459943949306963987e+03
1.525948722051697814e+03
1.615659794594513869e+03
1.733604443397533487e+03
1.879461973017193714e+03
2.044828746669978045e+03
2.209189624292926510e+03
2.342531531738456124e+03
2.412040679660529804e+03
2.393431659991004381e+03
2.279212240112330619e+03
2.082732624502906219e+03
1.831122790797519428e+03
1.558830127328170192e+03
1.296912719618347637e+03
1.068217411461179154e+03
8.845747077158820275e+02
7.485978371031239931e+02
6.559313754978785482e+02
5.990682313537805612e+02
5.691355831820571893e+02
5.578689509848703665e+02
5.584111365973030843e+02
5.655963202086159072e+02
5.758294971430001397e+02
5.868150975246438747e+02
5.974000164149339298e+02
6.067165571640490498e+02
6.146737285310729249e+02
6.212640380651112082e+02
6.265144907760111437e+02
1.540557661347605517e+03
1.595277737655633246e+03
1.668475898610028025e+03
1.765192528530999425e+03
1.888910918078237728e+03
2.039029947130975415e+03
2.206083521767790899e+03
2.369146202346921200e+03
2.498149978058859688e+03
2.559859232602350858e+03
2.529562692811183297e+03
2.400223117967539110e+03
2.186137980357544620e+03
1.915460495386988214e+03
1.625666000951019441e+03
1.348384003409554225e+03
1.108234723959339817e+03
9.169881569663649543e+02
7.762459444463684122e+02
6.818296032752730298e+02
6.248676275568135452e+02
5.957729822995986524e+02
5.858050104209129358e+02
5.877218518311509570e+02
5.961250401312979648e+02
6.073471722729833573e+02
6.191975261081360031e+02
6.303191642054034673e+02
6.400892574472052274e+02
6.483562501653685786e+02
6.551250250142836649e+02
6.605993693909085778e+02
1.671854489478870619e+03
1.730420416322860092e+03
1.806857934175408900e+03
1.905842590903750306e+03
2.030191683949569779e+03
2.178246563359697575e+03
2.340908035661912891e+03
2.498011117944886337e+03
2.619269855059020756e+03
2.672233997427144004e+03
2.631814330845866152e+03
2.491877289056026711e+03
2.265585417822525415e+03
1.982854716290088845e+03
1.681791232909998826e+03
1.395748391316788457e+03
1.149076440838211965e+03
9.538302290786293725e+02
8.120548315150049348e+02
7.181705784961352492e+02
6.628388607722532697e+02
6.359037015734402303e+02
6.281001443188461053e+02
6.319601233101432172e+02
6.420780293834358190e+02
6.546171109887181956e+02
6.674206673788930857e+02
6.792718542844394278e+02
6.895481190397371165e+02
6.982201903782174668e+02
7.052129418465374329e+02
7.108980717262569442e+02
1.788221952470752512e+03
1.847518054989518987e+03
1.923959397629869272e+03
2.020847653266994712e+03
2.140518037120926238e+03
2.281408438731150454e+03
2.434978535450914023e+03
2.581805886155770168e+03
2.693614205685418710e+03
2.737602836034809116e+03
2.690087656270335174e+03
2.543756815992539487e+03
2.312049588433426379e+03
2.024670189793452664e+03
1.719529528010922832e+03
1.430901614229117513e+03
1.183309513594583677e+03
9.890650620344034678e+02
8.494986957717293308e+02
7.587626112623746621e+02
7.070823315671075306e+02
6.836615860586728104e+02
6.790439088267991110e+02
6.856081925707162554e+02
6.978048625695145120e+02
7.120372626146080393e+02
7.260722799357215536e+02
7.387445283150416344e+02
7.496904215169619192e+02
7.587871216129444747e+02
7.661209580569102400e+02
7.720135813827819220e+02
