196.50  67.17   0.104
289.50  62.60   0.701
290.21  62.97   3.278
294.22  63.02   2.238
291.63  63.36   2.127
292.05  63.22   8.087
293.86  62.09   1.175
293.52  62.36   1.152
286.09  69.37   3.113
237.50  49.10   3.377
235.73  49.28   4.096
236.64  48.41   0.662
267.97  74.97  14.969
274.20  78.38  17.613
274.53  78.10   6.569
274.64  79.96   1.109
277.25  78.67   1.309
273.77  78.88   1.732
278.50  79.75   1.065
280.50  80.60  10.240
278.50  80.40   8.491
270.07  81.03   4.813
292.43  82.63   4.135
289.63  81.18   5.577
283.47  79.08   0.428
287.37  79.82   2.094
282.08  79.22   0.250
289.65  80.42   0.416
290.00  58.75   6.017
285.73  62.12   5.696
283.50  56.27   4.299
282.50  53.58   3.985
282.70  52.78  13.894
277.50  50.08   0.344
265.80  56.43   0.359
246.36  67.66   6.931
273.30  66.73   2.522
293.52  48.01   3.572
295.72  45.78   2.581
293.89  45.23   4.924
292.26  44.61   3.423
290.76  44.12  23.379
290.68  44.98   6.280
290.17  43.74  50.079
289.96  41.71   9.336
290.02  42.63  84.081
301.58  49.11   9.607
301.48  48.44   9.805
296.65  44.67  13.589
296.15  49.64   2.346
288.17  48.42   1.209
290.28  48.10   0.639
295.50  48.07   1.079
294.13  48.17   9.793
294.96  49.22  19.916
294.05  49.22  16.395
292.44  48.84   6.484
291.15  48.30  15.361
289.52  47.02  13.324
290.44  47.84   4.260
285.85  45.02   4.710
288.70  46.86   1.022
242.72  70.03   2.858
237.73  48.83   1.103
