210.45  -17.45   7.210   1.015     -5.638  -0.500    5.100   0.000
210.45  -17.45   7.670   1.133     -9.529  -4.100    5.100   0.000
210.45  -17.45   7.780   0.862     -10.336  -5.600    5.100   0.000
210.45  -17.45   8.580   0.069     -17.462  -18.800    5.100   0.000
210.45  -17.45   8.790   1.239     -20.178  -14.500    5.100   0.000
210.45  -17.45   9.330   1.157     -28.285  -22.800    5.100   0.000
210.45  -17.45   9.600   2.295     -32.827  -25.100    5.100   0.000
210.45  -17.45   9.880   3.674     -37.767  -27.800    5.200   0.000
210.45  -17.45   9.980   3.290     -39.532  -30.100    5.200   0.000
210.45  -17.45  10.180   1.338     -42.515  -36.500    5.200   0.000
210.45  -17.45  10.290   3.496     -44.123  -34.400    5.200   0.000
210.45  -17.45  10.310   3.636     -44.415  -34.500    5.200   0.000
210.45  -17.45  10.640   1.726     -49.132  -42.300    5.200   0.000
210.45  -17.45  11.090   5.310     -55.283  -43.300    5.200   0.000
210.45  -17.45  11.350   1.995     -58.645  -51.300    5.200   0.000
210.45  -17.45  11.560   0.506     -60.997  -57.300    5.200   0.000
210.45  -17.45  12.000   1.303     -64.027  -52.500   10.100   0.000
210.45  -17.45  12.770   0.772     -69.275  -60.400   10.100   0.000
210.45  -17.45  12.780   0.685     -69.359  -61.000   10.100   0.000
210.45  -17.45  12.940   0.829     -70.694  -61.500   10.100   0.000
210.45  -17.45  12.950   1.684     -70.777  -63.900    5.300   0.000
210.45  -17.45  12.980   0.632     -71.028  -63.000   10.100   0.000
210.45  -17.45  13.140   0.792     -73.087  -64.100   10.100   0.000
210.45  -17.45  13.600   1.606     -79.900  -67.100   10.100   0.000
210.45  -17.45  13.840   7.559     -84.572  -70.000    5.300   0.000
210.45  -17.45  14.300   6.913     -97.135  -83.200    5.300   0.000
210.45  -17.45  14.350   0.000     -98.710  -98.600    5.300   0.000
210.45  -17.45  14.520   0.846     -103.581  -94.200   10.200   0.000
210.45  -17.45  14.640   0.647     -104.463  -100.200    5.300   0.000
210.45  -17.45  14.990   0.590     -107.037  -99.200   10.200   0.000
210.45  -17.45  15.150   0.427     -108.866  -102.200   10.200   0.000
210.45  -17.45  15.180   0.360     -109.217  -103.100   10.200   0.000
210.45  -17.45  15.510   0.557     -113.116  -105.500   10.200   0.000
210.45  -17.45  16.020   2.762     -120.975  -112.000    5.400   0.000
202.52  1.98   0.090   1.671      0.029  -0.100    0.100   0.000
202.52  1.98   0.090   1.671      0.029  -0.100    0.100   0.000
202.52  1.98   0.119   1.924      0.039  -0.100    0.100   0.000
202.52  1.98   0.184   2.555      0.060  -0.100    0.100   0.000
202.52  1.98   0.591   4.071      0.202   0.000    0.100   0.000
202.52  1.98   0.607   9.527      0.209  -0.100    0.100   0.000
202.52  1.98   0.610   4.408      0.210   0.000    0.100   0.000
202.52  1.98   0.614   4.480      0.212   0.000    0.100   0.000
202.52  1.98   0.644   5.044      0.225   0.000    0.100   0.000
202.52  1.98   0.675   5.661      0.238   0.000    0.100   0.000
202.52  1.98   0.723   6.688      0.259   0.000    0.100   0.000
202.52  1.98   0.749  13.676      0.270  -0.100    0.100   0.000
202.52  1.98   1.059  16.210      0.403   0.000    0.100   0.000
202.52  1.98   1.123  10.853      0.429   0.100    0.100   0.000
202.52  1.98   1.280  35.430      0.495  -0.100    0.100   0.000
202.52  1.98   1.408  72.057      0.549  -0.300    0.100   0.000
202.52  1.98   1.432  31.240      0.559   0.000    0.100   0.000
202.52  1.98   1.467  13.957      0.574   0.200    0.100   0.000
202.52  1.98   1.477  22.828      0.578   0.100    0.100   0.000
202.52  1.98   1.490  34.016      0.583   0.000    0.100   0.000
202.52  1.98   1.496  34.310      0.586   0.000    0.100   0.000
202.52  1.98   1.540  25.670      0.607   0.100    0.100   0.000
202.52  1.98   1.565  26.902      0.619   0.100    0.100   0.000
202.52  1.98   1.571  17.771      0.622   0.200    0.100   0.000
202.52  1.98   1.583  39.354      0.627   0.000    0.100   0.000
202.52  1.98   1.599  40.325      0.635   0.000    0.100   0.000
202.52  1.98   1.599  28.625      0.635   0.100    0.100   0.000
202.52  1.98   1.628  72.074      0.649  -0.200    0.100   0.000
202.52  1.98   1.644  43.120      0.657   0.000    0.100   0.000
202.52  1.98   1.668  44.649      0.668   0.000    0.100   0.000
202.52  1.98   1.717  24.183      0.692   0.200    0.100   0.000
202.52  1.98   1.727  48.520      0.697   0.000    0.100   0.000
202.52  1.98   1.734  35.992      0.700   0.100    0.100   0.000
202.52  1.98   1.740  36.339      0.703   0.100    0.100   0.000
202.52  1.98   1.773  51.651      0.719   0.000    0.100   0.000
202.52  1.98   1.775  67.182      0.720  -0.100    0.100   0.000
202.52  1.98   1.778  67.419      0.721  -0.100    0.100   0.000
202.52  1.98   1.815  29.039      0.739   0.200    0.100   0.000
202.52  1.98   1.832  89.691      0.747  -0.200    0.100   0.000
202.52  1.98   1.836  56.096      0.749   0.000    0.100   0.000
202.52  1.98   1.841  72.485      0.751  -0.100    0.100   0.000
202.52  1.98   1.856  57.546      0.759   0.000    0.100   0.000
202.52  1.98   1.868  58.425      0.764   0.000    0.100   0.000
202.52  1.98   1.880  59.310      0.770   0.000    0.100   0.000
202.52  1.98   1.880  44.908      0.770   0.100    0.100   0.000
202.52  1.98   1.896  60.501      0.778   0.000    0.100   0.000
202.52  1.98   1.898  77.227      0.779  -0.100    0.100   0.000
202.52  1.98   1.919  62.234      0.789   0.000    0.100   0.000
202.52  1.98   1.923  62.538      0.791   0.000    0.100   0.000
202.52  1.98   1.945  49.194      0.801   0.100    0.100   0.000
202.52  1.98   1.951  81.770      0.804  -0.100    0.100   0.000
202.52  1.98   2.004  52.412      0.824   0.100    0.100   0.000
202.52  1.98   2.190  41.463      0.644   0.000    0.100   0.000
202.52  1.98   2.223  37.451      0.612   0.000    0.100   0.000
202.52  1.98   2.351  34.583      0.488  -0.100    0.100   0.000
202.52  1.98   2.486  12.773      0.357   0.000    0.100   0.000
202.52  1.98   2.507  12.001      0.346   0.000    0.100   0.000
202.52  1.98   2.531  20.728      0.355  -0.100    0.100   0.000
202.52  1.98   2.612  23.538      0.385  -0.100    0.100   0.000
202.52  1.98   2.624   8.386      0.390   0.100    0.100   0.000
202.52  1.98   2.734  28.107      0.430  -0.100    0.100   0.000
202.52  1.98   2.749  28.697      0.436  -0.100    0.100   0.000
202.52  1.98   2.749  11.269      0.436   0.100    0.100   0.000
202.52  1.98   2.794  30.503      0.452  -0.100    0.100   0.000
202.52  1.98   2.803  12.646      0.456   0.100    0.100   0.000
202.52  1.98   2.810  31.159      0.458  -0.100    0.100   0.000
202.52  1.98   2.813  31.282      0.459  -0.100    0.100   0.000
202.52  1.98   2.825  13.230      0.464   0.100    0.100   0.000
202.52  1.98   2.837  32.280      0.468  -0.100    0.100   0.000
202.52  1.98   2.936  49.657      0.505  -0.200    0.100   0.000
202.52  1.98   2.985  27.327      0.523   0.000    0.100   0.000
202.52  1.98   3.000  53.040      0.528  -0.200    0.100   0.000
202.52  1.98   3.204  51.520      0.618  -0.100    0.100   0.000
202.52  1.98   3.220  39.036      0.625   0.000    0.100   0.000
202.52  1.98   3.329  45.239      0.673   0.000    0.100   0.000
202.52  1.98   3.550  24.354      0.693   0.200    0.100   0.000
202.52  1.98   3.550  48.093      0.693   0.000    0.100   0.000
202.52  1.98   3.582  57.587      0.659  -0.100    0.100   0.000
202.52  1.98   3.632  25.477      0.605   0.100    0.100   0.000
202.52  1.98   3.685  41.910      0.547  -0.100    0.100   0.000
202.52  1.98   3.704  39.290      0.527  -0.100    0.100   0.000
202.52  1.98   3.797   1.592      0.426   0.300    0.100   0.000
202.52  1.98   3.816  36.675      0.406  -0.200    0.100   0.000
202.52  1.98   3.865   6.379      0.353   0.100    0.100   0.000
202.52  1.98   3.878  19.227      0.338  -0.100    0.100   0.000
202.52  1.98   3.908  25.606      0.306  -0.200    0.100   0.000
202.52  1.98   3.925   3.520      0.288   0.100    0.100   0.000
202.52  1.98   3.932   3.242      0.280   0.100    0.100   0.000
202.52  1.98   4.131   4.616      0.015  -0.200    0.100   0.000
202.52  1.98   4.138   3.818      0.005   0.200    0.100   0.000
202.52  1.98   4.175   2.265     -0.050  -0.200    0.100   0.000
202.52  1.98   4.210   0.000     -0.101  -0.100    0.100   0.000
202.52  1.98   4.217   0.012     -0.111  -0.100    0.100   0.000
202.52  1.98   4.243   0.240     -0.149  -0.100    0.100   0.000
202.52  1.98   4.277   8.923     -0.199   0.100    0.100   0.000
202.52  1.98   4.303   5.604     -0.237   0.000    0.100   0.000
202.52  1.98   4.389   6.892     -0.363  -0.100    0.100   0.000
202.52  1.98   4.426  10.026     -0.417  -0.100    0.100   0.000
202.52  1.98   4.467  14.184     -0.477  -0.100    0.100   0.000
202.52  1.98   4.614  24.873     -0.499   0.000    0.100   0.000
202.52  1.98   4.676  23.475     -0.485   0.000    0.100   0.000
202.52  1.98   4.682  14.679     -0.483  -0.100    0.100   0.000
202.52  1.98   4.703  33.445     -0.478   0.100    0.100   0.000
202.52  1.98   4.712  22.682     -0.476   0.000    0.100   0.000
202.52  1.98   4.776  43.768     -0.462   0.200    0.100   0.000
202.52  1.98   5.137  62.116     -0.588   0.200    0.100   0.000
202.52  1.98   5.160  38.194     -0.618   0.000    0.100   0.000
202.52  1.98   5.255  54.967     -0.741   0.000    0.100   0.000
172.67  -43.50   0.639   0.699      0.336  -0.500    1.000   0.000
172.67  -43.50   4.232   5.141      1.767  -0.500    1.000   0.000
172.67  -43.50   6.636   0.308      2.010   0.900    2.000   0.000
172.67  -43.50   7.027   0.272      0.896  -0.200    2.100   0.000
172.67  -43.50   7.462   2.168     -1.619  -5.300    2.500   0.000
172.67  -43.50   7.619   0.883     -2.387  -5.300    3.100   0.000
172.67  -43.50   8.240   1.816     -5.527  -9.300    2.800   0.000
172.67  -43.50   8.261   4.074     -5.648  -11.300    2.800   0.000
172.67  -43.50   8.364   1.351     -6.243  -8.800    2.200   0.000
172.67  -43.50   8.385   1.336     -6.364  -9.600    2.800   0.000
172.67  -43.50   8.572  11.261     -7.682  -15.400    2.300   0.000
172.67  -43.50   8.729   6.341     -9.108  -14.900    2.300   0.000
172.67  -43.50   8.855  10.963     -10.253  -18.200    2.400   0.000
172.67  -43.50   8.950   0.395     -11.117  -12.500    2.200   0.000
172.67  -43.50   9.111   1.463     -12.839  -15.500    2.200   0.000
172.67  -43.50   9.219  30.386     -14.073  -26.200    2.200   0.000
172.67  -43.50   9.362   6.677     -15.706  -23.200    2.900   0.000
172.67  -43.50   9.495  14.490     -17.226  -25.600    2.200   0.000
172.67  -43.50  10.259   0.785     -26.415  -24.200    2.500   0.000
172.67  -43.50  10.538   4.962     -29.355  -24.900    2.000   0.000
172.67  -43.50  10.695   1.331     -30.953  -28.300    2.300   0.000
172.67  -43.50  11.151   0.753     -35.679  -31.600    4.700   0.000
150.18  -35.70   2.390  16.976      0.564   1.800    0.300   0.000
150.18  -35.70   2.506  18.667      0.504   1.800    0.300   0.000
150.18  -35.70   2.540   6.794      0.518   1.300    0.300   0.000
150.18  -35.70   2.840  14.867      0.643   1.800    0.300   0.000
150.18  -35.70   2.852  14.739      0.648   1.800    0.300   0.000
150.18  -35.70   3.610   0.119      0.896   1.000    0.300   0.000
133.65  -32.11   1.255   4.253      0.625  -0.200    0.400   0.000
133.65  -32.11   1.306   0.400      0.653   0.400    0.400   0.000
133.65  -32.11   3.004   3.600      1.159   0.400    0.400   0.000
133.65  -32.11   3.491   7.354      1.485   0.400    0.400   0.000
133.65  -32.11   3.606   6.933      1.453   0.400    0.400   0.000
133.65  -32.11   5.177  13.269      1.257  -0.200    0.400   0.000
133.65  -32.11   5.502  12.867      1.135  -0.300    0.400   0.000
133.65  -32.11   6.131  16.898      1.044  -0.600    0.400   0.000
133.65  -32.11   6.930   0.841     -0.233  -0.600    0.400   0.000
135.94  -34.70   2.056   5.683      0.854  -0.100    0.400   0.000
135.94  -34.70   2.177   0.069      0.795   0.900    0.400   0.000
135.94  -34.70   2.424   0.314      0.676   0.900    0.400   0.000
135.94  -34.70   2.473   0.017      0.652   0.600    0.400   0.000
135.94  -34.70   2.624   0.556      0.698   0.400    0.400   0.000
135.94  -34.70   2.801   0.915      0.783   0.400    0.400   0.000
135.94  -34.70   2.928   3.453      0.843   0.100    0.400   0.000
135.94  -34.70   3.017   1.483      0.887   0.400    0.400   0.000
135.94  -34.70   3.081   0.038      0.922   1.000    0.400   0.000
135.94  -34.70   3.260   3.254      1.022   0.300    0.400   0.000
135.94  -34.70   3.452   0.463      1.128   1.400    0.400   0.000
135.94  -34.70   3.862   0.529      0.991   0.700    0.400   0.000
135.94  -34.70   4.015   6.470      0.917  -0.100    0.400   0.000
135.94  -34.70   4.092   1.328      0.861   0.400    0.400   0.000
135.94  -34.70   4.396   3.631      0.638   1.400    0.400   0.000
135.94  -34.70   4.584   0.237      0.605   0.800    0.400   0.000
135.94  -34.70   5.213   0.002      0.720   0.700    0.400   0.000
135.94  -34.70   5.442   0.276      0.610   0.400    0.400   0.000
136.93  -33.73   1.996   0.149      1.368   1.600    0.600   0.000
136.93  -33.73   3.491   0.252      2.102   1.400    1.400   0.000
136.93  -33.73   3.939   0.003      2.066   2.100    0.600   0.000
136.93  -33.73   4.659   3.563      2.032   0.900    0.600   0.000
136.93  -33.73   5.994   3.850      2.377   1.200    0.600   0.000
136.93  -33.73   6.481  13.026      2.665   0.500    0.600   0.000
137.87  -32.69   1.245   0.066      0.854   0.700    0.600   0.000
137.87  -32.69   1.336   0.138      0.923   0.700    0.600   0.000
137.87  -32.69   1.386   0.188      0.960   0.700    0.600   0.000
137.87  -32.69   1.537   0.049      1.077   0.900    0.800   0.000
137.87  -32.69   1.640   2.365      1.161   0.700    0.300   0.000
137.87  -32.69   1.672  41.452      1.188  -0.100    0.200   0.000
137.87  -32.69   2.202  16.398      1.425  -0.600    0.500   0.000
137.87  -32.69   2.226   5.774      1.421   0.700    0.300   0.000
137.87  -32.69   2.699   0.729      1.541   1.200    0.400   0.000
137.87  -32.69   2.788   0.269      1.615   1.200    0.800   0.000
137.87  -32.69   3.503  30.437      2.255   0.600    0.300   0.000
137.87  -32.69   4.015  28.900      2.213   0.600    0.300   0.000
137.87  -32.69   5.936   0.002      2.534   2.500    0.700   0.000
137.87  -32.69   5.959   1.258      2.537   2.200    0.300   0.000
137.87  -32.69   6.525   0.842      2.759   2.300    0.500   0.000
137.87  -32.69   8.447   6.788     -6.284  -4.200    0.800   0.000
138.01  -33.16   0.430   0.143      0.265   0.000    0.700   0.000
138.01  -33.16   0.484   5.417      0.298  -0.400    0.300   0.000
138.01  -33.16   0.923  37.429      0.624  -0.600    0.200   0.000
138.01  -33.16   1.066   0.708      0.732   0.900    0.200   0.000
138.01  -33.16   1.075   4.809      0.739   0.300    0.200   0.000
138.01  -33.16   1.215   0.064      0.846   1.200    1.400   0.000
138.01  -33.16   1.512  31.175      1.075  -0.600    0.300   0.000
138.01  -33.16   1.608   2.967      1.155   1.500    0.200   0.000
138.01  -33.16   1.704   0.032      1.236   1.200    0.200   0.000
138.01  -33.16   1.821   8.010      1.334   1.900    0.200   0.000
138.01  -33.16   2.080   8.195      1.473   0.900    0.200   0.000
138.01  -33.16   2.208   1.616      1.454   1.200    0.200   0.000
138.01  -33.16   2.318   2.865      1.438   1.100    0.200   0.000
138.01  -33.16   2.349   2.790      1.434   1.100    0.200   0.000
138.01  -33.16   2.731  16.344      1.609   0.800    0.200   0.000
138.01  -33.16   3.061  12.076      1.895   1.200    0.200   0.000
138.01  -33.16   3.273  120.677      2.097  -0.100    0.200   0.000
138.01  -33.16   3.548  36.681      2.311   1.100    0.200   0.000
138.01  -33.16   3.638  12.508      2.307   1.600    0.200   0.000
138.01  -33.16   3.913  20.036      2.295   1.400    0.200   0.000
138.01  -33.16   4.270  16.441      2.211   1.400    0.200   0.000
138.01  -33.16   4.377  15.173      2.179   1.400    0.200   0.000
138.01  -33.16   4.478  38.997      2.149   0.900    0.200   0.000
138.01  -33.16   4.572  20.808      2.212   1.300    0.200   0.000
138.01  -33.16   5.370   0.015      2.625   2.600    0.200   0.000
138.01  -33.16   5.472   2.620      2.624   2.300    0.200   0.000
138.01  -33.16   6.177  36.674      2.811   1.600    0.200   0.000
138.01  -33.16   6.430  87.622      2.972   1.100    0.200   0.000
138.01  -33.16   6.641   7.226      2.638   2.100    0.200   0.000
138.01  -33.16   6.984   3.694      1.716   2.100    0.200   0.000
138.01  -33.16   7.561  12.947     -1.479  -0.400    0.300   0.000
138.09  -34.13   1.135   5.463      0.769  -0.400    0.500   0.000
138.09  -34.13   1.185   0.619      0.806   1.200    0.500   0.000
138.09  -34.13   1.972  13.458      1.434  -0.400    0.500   0.000
138.09  -34.13   2.449   1.915      1.392   0.700    0.500   0.000
138.09  -34.13   2.966   4.632      1.776   0.700    0.500   0.000
138.09  -34.13   3.145  15.084      1.942   0.000    0.500   0.000
138.09  -34.13   3.414   4.809      2.196   1.100    0.500   0.000
138.09  -34.13   3.606   3.795      2.274   1.300    0.500   0.000
138.09  -34.13   3.709   1.301      2.270   1.700    0.500   0.000
138.09  -34.13   3.862  18.743      2.265   0.100    0.500   0.000
138.09  -34.13   7.951   0.006     -3.061  -3.100    0.500   0.000
138.46  -34.64   0.825   1.346      0.520   1.100    0.500   0.000
138.46  -34.64   2.288   9.763      1.362  -0.200    0.500   0.000
138.46  -34.64   4.796  11.470      2.293   0.600    0.500   0.000
138.46  -34.64   7.091   0.466      1.059   1.400    0.500   0.000
138.46  -34.64   7.409   6.273     -0.699  -1.200    0.200   0.000
138.46  -34.64   7.556   8.508     -1.458   0.000    0.500   0.000
137.88  -33.43   1.456   5.928      1.030   0.300    0.300   0.000
137.88  -33.43   1.772   0.231      1.292   1.100    0.400   0.000
137.88  -33.43   2.008   0.208      1.482   1.300    0.400   0.000
137.88  -33.43   2.104   0.178      1.469   1.300    0.400   0.000
137.88  -33.43   2.473   0.027      1.417   1.500    0.500   0.000
137.88  -33.43   3.004   3.557      1.843   0.900    0.500   0.000
137.88  -33.43   3.273   4.004      2.101   0.900    0.600   0.000
137.88  -33.43   3.465   1.301      2.284   1.600    0.600   0.000
137.88  -33.43   4.054   1.598      2.285   1.400    0.700   0.000
137.88  -33.43   4.219   4.979      2.238   3.800    0.700   0.000
137.88  -33.43   4.497   1.384      2.159   3.100    0.800   0.000
137.88  -33.43   4.821   2.745      2.475   3.800    0.800   0.000
137.80  -32.70   1.772   5.877      1.270   0.300    0.400   0.000
137.80  -32.70   2.436   2.477      1.387   0.600    0.500   0.000
137.80  -32.70   4.345   0.144      2.104   1.800    0.800   0.000
137.80  -32.70   4.672   5.721      2.213   0.300    0.800   0.000
137.80  -32.70   4.957   4.844      2.481   0.500    0.900   0.000
137.80  -32.70   5.104   3.223      2.516   0.900    0.900   0.000
137.86  -33.33   0.369   0.749      0.227   0.400    0.200   0.000
137.86  -33.33   1.215   0.722      0.845   1.100    0.300   0.000
137.86  -33.33   1.588   0.210      1.138   1.000    0.300   0.000
137.86  -33.33   1.872   0.192      1.375   1.200    0.400   0.000
137.86  -33.33   2.263   0.013      1.445   1.400    0.400   0.000
137.86  -33.33   2.712   3.297      1.592   2.500    0.500   0.000
137.86  -33.33   3.952   2.031      2.297   1.300    0.700   0.000
137.86  -33.33   4.534   0.534      2.185   1.600    0.800   0.000
137.86  -33.33   5.561   0.029      2.654   2.500    0.900   0.000
113.83  -28.68   1.058   0.006      0.335   0.500    2.100   0.000
113.83  -28.68   2.335   0.012      0.466   0.700    2.100   0.000
113.83  -28.68   3.226   0.001      0.622   0.700    2.100   0.000
113.83  -28.68   3.831   0.021      0.495   0.800    2.100   0.000
113.83  -28.68   3.867   0.064      0.468   1.000    2.100   0.000
113.83  -28.68   5.825   1.065     -0.667   1.500    2.100   0.000
113.83  -28.68   6.323   0.713     -0.888   0.800    2.000   0.000
113.83  -28.68   6.832   3.346     -2.241   1.600    2.100   0.000
113.83  -28.68   6.919   3.596     -2.583   1.400    2.100   0.000
113.83  -28.68   6.309   4.702     -0.884   0.200    0.500   0.000
113.83  -28.68   6.714   1.337     -1.778  -1.200    0.500   0.000
113.83  -28.68   7.099   1.735     -3.617  -2.300    1.000   0.000
113.83  -28.68   7.842  12.638     -8.555  -5.000    1.000   0.000
113.83  -28.68   7.996   1.512     -9.471  -10.700    1.000   0.000
113.83  -28.68   8.119   0.878     -10.312  -7.500    3.000   0.000
113.83  -28.68   8.619   0.000     -14.151  -14.200    3.000   0.000
113.83  -28.68   8.990   0.082     -17.960  -17.100    3.000   0.000
113.83  -28.68   9.345   0.810     -22.500  -19.800    3.000   0.000
113.83  -28.68   9.610   0.655     -26.028  -23.600    3.000   0.000
113.83  -28.68   9.800   1.905     -28.679  -24.400    3.100   0.000
147.43  -18.63   7.740   5.699     -5.187  -2.800    1.000   0.000
147.43  -18.63   7.970   1.750     -6.446  -3.800    2.000   0.000
147.43  -18.63   8.170   2.475     -7.647  -4.500    2.000   0.000
147.43  -18.63   8.400   2.030     -9.050  -6.200    2.000   0.000
147.43  -18.63   8.710   2.222     -11.681  -8.700    2.000   0.000
147.43  -18.63   9.180   0.401     -16.766  -15.500    2.000   0.000
147.43  -18.63   9.610   1.744     -22.417  -27.700    4.000   0.000
147.43  -18.63  12.290   1.259     -48.188  -43.700    4.000   0.000
146.90  -19.20   1.922   0.253      1.563  -0.300    3.700   0.000
146.90  -19.20   2.640   0.070      1.635   0.600    3.900   0.000
146.90  -19.20   6.621   0.049      2.566   1.700    3.900   0.000
146.90  -19.20   7.175   0.163      0.164   1.700    3.800   0.000
146.90  -19.20   8.203   0.550     -5.717  -2.900    3.800   0.000
146.90  -19.20   8.725   0.800     -9.446  -5.600    4.300   0.000
146.90  -19.20   9.025   2.159     -12.266  -5.800    4.400   0.000
146.48  -18.60   2.541  15.590      1.385   0.200    0.300   0.000
146.48  -18.60   2.588  31.626      1.425   0.300    0.200   0.000
146.48  -18.60   3.168  26.356      1.940   0.400    0.300   0.000
146.48  -18.60   3.875  69.200      2.164   0.500    0.200   0.000
146.48  -18.60   3.177  67.970      1.949   0.300    0.200   0.000
146.48  -18.60   3.947  67.643      2.145   0.500    0.200   0.000
146.48  -18.60   4.812  26.999      2.159   0.600    0.300   0.000
146.48  -18.60   5.459  73.851      2.219   0.500    0.200   0.000
146.48  -18.60   5.601  18.713      2.198   0.900    0.300   0.000
146.48  -18.60   5.850  61.803      2.172   0.600    0.200   0.000
146.48  -18.60   5.889  46.806      2.168   0.800    0.200   0.000
146.48  -18.60   5.896  53.845      2.168   0.700    0.200   0.000
146.48  -18.60   5.994  27.961      2.158   1.100    0.200   0.000
146.48  -18.60   6.074  35.617      2.194   1.000    0.200   0.000
146.48  -18.60   6.086  42.220      2.200   0.900    0.200   0.000
146.48  -18.60   6.113  65.037      2.213   0.600    0.200   0.000
146.48  -18.60   6.147  37.807      2.230   1.000    0.200   0.000
146.48  -18.60   6.170  59.378      2.241   0.700    0.200   0.000
146.48  -18.60   6.222  23.372      2.267   1.300    0.200   0.000
146.48  -18.60   6.242  40.756      2.277   1.000    0.200   0.000
146.48  -18.60   6.305  56.852      2.308   0.800    0.200   0.000
146.48  -18.60   6.427  53.908      2.368   0.900    0.200   0.000
146.48  -18.60   6.476  55.704      2.393   0.900    0.200   0.000
146.48  -18.60   6.488  63.892      2.399   0.800    0.200   0.000
146.48  -18.60   6.538  54.560      2.277   0.800    0.200   0.000
146.48  -18.60   6.582  44.215      2.130   0.800    0.200   0.000
146.48  -18.60   6.625  48.013      1.986   0.600    0.200   0.000
146.16  -18.17   0.356   0.003      0.215   0.200    0.300   0.000
146.16  -18.17   3.193  17.178      1.843   0.600    0.300   0.000
146.16  -18.17   5.128  28.287      2.096   0.500    0.300   0.000
146.16  -18.17   5.412  18.872      2.003   0.700    0.300   0.000
146.16  -18.17   5.418  11.140      2.001   1.000    0.300   0.000
146.16  -18.17   5.973  10.957      1.893   0.900    0.300   0.000
146.16  -18.17   6.068   5.716      1.917   1.200    0.300   0.000
146.16  -18.17   6.703   0.117      1.402   1.300    0.300   0.000
146.87  -19.15   0.360   0.053      0.246   0.200    0.200   0.000
146.87  -19.15   3.260  29.310      2.224   0.600    0.300   0.000
146.87  -19.15   5.102  51.516      2.653   0.500    0.300   0.000
146.87  -19.15   5.268  55.151      2.628   0.400    0.300   0.000
146.87  -19.15   5.481  28.281      2.595   1.000    0.300   0.000
146.87  -19.15   5.498  39.808      2.593   0.700    0.300   0.000
146.87  -19.15   5.942  31.990      2.597   0.900    0.300   0.000
146.87  -19.15   6.034  40.876      2.618   0.700    0.300   0.000
146.87  -19.15   6.079  23.213      2.645   1.200    0.300   0.000
146.87  -19.15   6.103  61.883      2.660   0.300    0.300   0.000
146.87  -19.15   6.519  41.833      2.840   0.900    0.300   0.000
146.87  -19.15   6.663  12.912      2.378   1.300    0.300   0.000
147.62  -6.11   7.782   0.262     -6.963  -4.200    5.400   0.000
147.62  -6.11   8.163   0.195     -9.483  -7.100    5.400   0.000
147.62  -6.11   8.300   0.172     -10.537  -8.300    5.400   0.000
147.62  -6.11   8.465   0.000     -11.807  -11.900    5.400   0.000
147.62  -6.11   8.495   0.281     -12.038  -14.900    5.400   0.000
147.62  -6.11   8.516   0.106     -12.257  -10.500    5.400   0.000
147.62  -6.11   8.763   0.054     -15.057  -13.800    5.400   0.000
147.62  -6.11   9.132   0.000     -19.677  -19.600    5.400   0.000
147.62  -6.11   9.513   0.488     -25.271  -21.500    5.400   0.000
147.62  -6.11   9.561   0.202     -26.027  -23.600    5.400   0.000
147.62  -6.11   9.565   0.023     -26.089  -26.900    5.400   0.000
147.62  -6.11   9.843   0.000     -30.466  -30.400    5.400   0.000
147.62  -6.11   9.901   0.369     -31.379  -28.100    5.400   0.000
147.62  -6.11   9.950   0.206     -32.150  -29.700    5.400   0.000
147.62  -6.11  10.035   0.001     -33.393  -33.200    5.400   0.000
147.62  -6.11  10.199   1.182     -35.530  -41.400    5.400   0.000
147.62  -6.11  10.228   0.353     -35.908  -32.700    5.400   0.000
147.62  -6.11  10.325   0.005     -37.172  -36.800    5.400   0.000
147.62  -6.11  10.492   0.025     -39.348  -38.500    5.400   0.000
147.62  -6.11  10.504   0.077     -39.501  -41.000    5.400   0.000
147.62  -6.11  10.630   0.031     -41.045  -40.100    5.400   0.000
147.62  -6.11  10.776   0.192     -42.835  -45.200    5.400   0.000
147.62  -6.11  11.132   0.004     -47.065  -47.400    5.400   0.000
147.62  -6.11  11.406   0.024     -50.146  -49.300    5.500   0.000
147.62  -6.11  12.280   0.046     -54.973  -53.800    5.500   0.000
147.62  -6.11  12.628   0.795     -56.895  -61.800    5.500   0.000
147.62  -6.11  12.651   0.250     -57.050  -54.300    5.500   0.000
147.62  -6.11  12.998   0.644     -59.387  -63.800    5.500   0.000
147.62  -6.11  31.529  182.183     -117.541  -70.300    3.500   0.000
147.62  -6.11  31.997  57.246     -116.901  -76.800    5.300   0.000
147.62  -6.11  32.262  69.761     -116.538  -70.600    5.500   0.000
147.62  -6.11  32.600  163.943     -116.075  -68.700    3.700   0.000
147.62  -6.11  34.100  171.148     -114.021  -63.000    3.900   0.000
147.62  -6.11  34.800  428.195     -113.063  -63.400    2.400   0.000
108.65  4.36  14.350  65.892     -67.248  -91.600    3.000   0.000
108.65  4.36  14.350  87.436     -67.248  -95.300    3.000   0.000
108.65  4.36  14.720  53.900     -71.175  -93.200    3.000   0.000
108.65  4.36  14.730  64.449     -71.216  -95.300    3.000   0.000
108.65  4.36  14.750  63.481     -71.298  -95.200    3.000   0.000
108.65  4.36  14.760  62.208     -71.338  -95.000    3.000   0.000
108.65  4.36  15.290  37.193     -74.804  -93.100    3.000   0.000
103.77  1.21   6.750  115.633      5.501   1.200    0.400   0.000
103.77  1.21   6.910  84.207      5.071   1.400    0.400   0.000
103.77  1.21   7.030  91.714      4.631   0.800    0.400   0.000
103.77  1.21   7.045  77.964      4.532   1.000    0.400   0.000
103.77  1.21   8.256  39.040     -2.102  -9.600    1.200   0.000
103.77  1.21   8.556  29.315     -3.903  -10.400    1.200   0.000
103.87  1.31   6.106  72.661      5.610   2.200    0.400   0.000
103.87  1.31   6.410  47.313      6.015   1.200    0.700   0.000
103.87  1.31   6.456  48.526      6.076   1.200    0.700   0.000
103.87  1.31   6.705  86.387      5.577   0.000    0.600   0.000
103.87  1.31   6.820  214.882      5.264  -0.600    0.400   0.000
103.87  1.31   6.822  12.007      5.258   1.100    1.200   0.000
103.87  1.31   7.025  69.663      4.608  -0.400    0.600   0.000
103.87  1.31   7.043  120.378      4.489   0.100    0.400   0.000
103.87  1.31   7.092  102.152      4.164  -1.900    0.600   0.000
103.87  1.31   7.100  86.083      4.111   0.400    0.400   0.000
103.87  1.31   7.120  119.837      3.979  -0.400    0.400   0.000
103.87  1.31   7.175  72.872      3.615   0.200    0.400   0.000
103.87  1.31   7.275  82.581      2.952  -2.500    0.600   0.000
103.87  1.31   7.350  98.532      2.456  -3.500    0.600   0.000
103.87  1.31   7.401  145.088      2.118  -2.700    0.400   0.000
103.87  1.31   7.505  82.783      1.439  -2.200    0.400   0.000
103.87  1.31   7.520  130.529      1.370  -3.200    0.400   0.000
103.87  1.31   7.545  70.318      1.254  -2.100    0.400   0.000
103.87  1.31   7.595  64.914      1.023  -2.200    0.400   0.000
103.87  1.31   7.780  39.404      0.166  -3.600    0.600   0.000
103.87  1.31   7.840  99.430     -0.111  -4.100    0.400   0.000
103.87  1.31   7.875  20.852     -0.273  -2.100    0.400   0.000
103.87  1.31   7.880  18.827     -0.297  -2.900    0.600   0.000
103.87  1.31   7.895  69.471     -0.366  -3.700    0.400   0.000
103.87  1.31   7.975  41.076     -0.736  -3.300    0.400   0.000
103.87  1.31   7.987  53.975     -0.792  -5.200    0.600   0.000
103.87  1.31   8.000   7.543     -0.852  -2.500    0.600   0.000
103.87  1.31   8.100  40.523     -1.381  -5.200    0.600   0.000
103.87  1.31   8.155  39.969     -1.671  -4.200    0.400   0.000
103.87  1.31   8.165  71.233     -1.724  -5.100    0.400   0.000
103.87  1.31   8.170  54.119     -1.750  -6.900    0.700   0.000
103.87  1.31   8.175  87.833     -1.777  -7.400    0.600   0.000
103.87  1.31   8.185   8.560     -1.830  -3.000    0.400   0.000
103.87  1.31   8.225  31.340     -2.041  -5.400    0.600   0.000
103.87  1.31   8.230  16.657     -2.067  -3.700    0.400   0.000
103.87  1.31   8.300  38.842     -2.437  -6.800    0.700   0.000
103.87  1.31   8.410  15.753     -3.019  -5.400    0.600   0.000
103.87  1.31   8.450  46.014     -3.230  -7.300    0.600   0.000
103.87  1.31   8.465  63.753     -3.309  -8.100    0.600   0.000
103.87  1.31   8.470  173.207     -3.336  -8.600    0.400   0.000
103.87  1.31   8.505  21.667     -3.542  -6.800    0.700   0.000
103.87  1.31   8.560  128.626     -4.063  -8.600    0.400   0.000
103.87  1.31   8.610  35.247     -4.538  -8.100    0.600   0.000
103.87  1.31   8.795  12.826     -6.293  -8.800    0.700   0.000
103.87  1.31   8.795  12.826     -6.293  -8.800    0.700   0.000
98.41  7.75   2.224   0.360      1.600   1.300    0.500   0.000
98.41  7.75   2.483   0.000      1.492   1.500    0.500   0.000
98.41  7.75   3.468   2.622      2.410   1.600    0.500   0.000
98.41  7.75   3.582   3.330      2.412   1.500    0.500   0.000
98.41  7.75   4.667   0.326      2.085   1.800    0.500   0.000
98.41  7.75   4.674   0.340      2.092   1.800    0.500   0.000
98.41  7.75   4.714   0.432      2.128   1.800    0.500   0.000
98.41  7.75   5.559   0.494      2.151   1.800    0.500   0.000
98.41  7.75   6.052   0.060      2.022   1.900    0.500   0.000
98.41  7.75   6.673   1.096      1.477   2.000    0.500   0.000
98.41  7.75   6.785   3.644      1.045   2.000    0.500   0.000
108.85  11.33   2.057   5.530      1.289   2.700    0.600   0.000
108.85  11.33   2.075   0.500      1.276   1.700    0.600   0.000
108.85  11.33   3.555   0.907      1.771   1.200    0.600   0.000
108.85  11.33   3.915   0.269      1.611   1.300    0.600   0.000
108.85  11.33   4.110   0.257      1.496   1.800    0.600   0.000
108.85  11.33   5.677  11.490      1.344   2.700    0.400   0.000
108.85  11.33   5.711   3.174      1.331   2.400    0.600   0.000
108.85  11.33   5.948   7.650      1.240   2.900    0.600   0.000
108.85  11.33   6.032   8.773      1.227   3.300    0.700   0.000
108.85  11.33   6.237   0.794      1.265   1.800    0.600   0.000
108.85  11.33   6.409   0.986      1.298   1.000    0.300   0.000
108.85  11.33   7.070  30.340     -1.205   2.100    0.600   0.000
117.85  24.40   1.821   2.814      2.145   0.300    1.100   0.000
117.85  24.40   1.936   2.085      2.300   1.000    0.900   0.000
117.85  24.40   2.349   0.000      2.406   2.400    1.100   0.000
117.85  24.40   3.369   1.601      3.677   1.400    1.800   0.000
117.85  24.40   3.624   1.778      3.900   1.500    1.800   0.000
117.85  24.40   4.147   2.286      3.963   2.300    1.100   0.000
117.85  24.40   4.851   5.369      4.517   2.200    1.000   0.000
109.45  18.28   2.461   1.539      0.740  -0.500    1.000   0.000
109.45  18.28   3.701   0.108      1.165   1.000    0.500   0.000
109.45  18.28   4.198   0.069      0.738   1.000    1.000   0.000
109.45  18.28   4.264   0.398      0.669   1.300    1.000   0.000
109.45  18.28   4.527   0.317      0.437   1.000    1.000   0.000
109.45  18.28   4.652   0.816      0.504  -0.400    1.000   0.000
109.45  18.28   4.948   0.115      0.660   1.000    1.000   0.000
109.45  18.28   5.430   0.697      0.335  -0.500    1.000   0.000
109.45  18.28   5.707   0.030      0.127   0.300    1.000   0.000
109.45  18.28   5.761   0.150      0.087  -0.300    1.000   0.000
109.45  18.28   5.952   0.003     -0.052   0.000    1.000   0.000
109.45  18.28   6.272   0.069     -0.137  -0.400    1.000   0.000
109.45  18.28   6.497   0.006     -0.179  -0.300    1.500   0.000
109.45  18.28   7.286  15.720     -4.665  -0.700    1.000   0.000
109.45  18.28   8.113   7.478     -10.502  -6.400    1.500   0.000
109.50  18.23   1.289   1.670      0.646   0.000    0.500   0.000
109.50  18.23   2.879   0.353      0.894   0.300    1.000   0.000
109.50  18.23   3.955   0.005      0.928   1.000    1.000   0.000
109.50  18.23   4.121   0.587      0.766   0.000    1.000   0.000
109.50  18.23   4.279   0.358      0.598   0.000    1.000   0.000
109.50  18.23   4.505   0.028      0.366   0.200    1.000   0.000
72.98  4.30   0.445   0.202      0.026   0.700    1.500   0.000
72.98  4.30   1.470   0.496      0.156  -0.900    1.500   0.000
72.98  4.30   1.780   0.160      0.200   0.800    1.500   0.000
72.98  4.30   3.475   0.067     -0.289   0.100    1.500   0.000
72.98  4.30   3.815   0.217     -0.701  -1.400    1.500   0.000
72.98  4.30   4.115   1.087     -1.136  -2.700    1.500   0.000
72.98  4.30   4.595   1.937     -1.787   0.300    1.500   0.000
72.98  4.30   6.125   4.195     -3.472  -0.400    1.500   0.000
72.98  4.30   6.450   2.957     -3.779  -1.200    1.500   0.000
72.98  4.30   7.030   4.430     -6.714  -0.400    3.000   0.000
72.98  4.30   7.205   6.158     -8.344  -0.900    3.000   0.000
72.98  4.30   7.280   4.903     -9.043  -2.400    3.000   0.000
72.98  4.30   7.295   3.716     -9.183  -3.400    3.000   0.000
72.98  4.30   7.520   9.702     -11.245  -1.900    3.000   0.000
72.98  4.30   7.680   4.084     -12.463  -6.400    3.000   0.000
72.98  4.30   7.700   2.470     -12.615  -7.900    3.000   0.000
72.98  4.30   7.725   6.944     -12.805  -4.900    3.000   0.000
72.98  4.30   7.725   6.944     -12.805  -4.900    3.000   0.000
72.98  4.30   8.050   2.203     -15.353  -10.900    3.000   0.000
72.98  4.30   8.060   4.059     -15.444  -9.400    3.000   0.000
72.98  4.30   8.110   6.247     -15.898  -8.400    3.000   0.000
72.98  4.30   8.125   2.087     -16.034  -11.700    3.000   0.000
72.98  4.30   8.235   0.892     -17.033  -14.200    3.000   0.000
72.98  4.30   8.290   0.003     -17.532  -17.700    3.000   0.000
72.98  4.30   8.400   1.631     -18.531  -14.700    3.000   0.000
72.98  4.30   8.405   0.085     -18.576  -17.700    3.000   0.000
72.98  4.30   8.555   1.167     -20.140  -16.900    3.000   0.000
72.98  4.30  21.000  20.381     -147.573  -125.000    5.000   0.000
73.03  5.27   2.095   2.025      0.073   0.500    0.300   0.000
73.03  5.27   2.104   2.130      0.062   0.500    0.300   0.000
73.03  5.27   3.445   4.898     -0.364   0.300    0.300   0.000
73.03  5.27   3.930   1.501     -0.938   0.900    1.500   0.000
73.03  5.27   4.368   2.468     -1.657   0.700    1.500   0.000
73.03  5.27   4.600   4.542     -1.897   1.300    1.500   0.000
73.03  5.27   5.026   3.741     -2.001   0.900    1.500   0.000
73.03  5.27   6.060   4.482     -3.576  -0.400    1.500   0.000
73.03  5.27   6.328   4.119     -3.844  -0.800    1.500   0.000
73.03  5.27   6.440   6.609     -3.956  -0.100    1.500   0.000
73.03  5.27   6.589   3.698     -4.484  -1.600    1.500   0.000
73.03  5.27   6.918   2.469     -6.214  -1.500    3.000   0.000
73.03  5.27   6.935   2.894     -6.303  -1.200    3.000   0.000
73.03  5.27   6.973   3.872     -6.503  -0.600    3.000   0.000
73.03  5.27   7.138   4.462     -7.937  -1.600    3.000   0.000
73.03  5.27   7.231   4.282     -8.808  -2.600    3.000   0.000
73.03  5.27   7.244   5.808     -8.930  -1.700    3.000   0.000
73.03  5.27   7.266   4.893     -9.136  -2.500    3.000   0.000
73.03  5.27   7.280   3.956     -9.267  -3.300    3.000   0.000
73.03  5.27   7.424   6.275     -10.615  -3.100    3.000   0.000
73.03  5.27   7.424   4.155     -10.615  -4.500    3.000   0.000
73.03  5.27   7.441   4.657     -10.774  -4.300    3.000   0.000
73.03  5.27   7.793   4.104     -13.577  -7.500    3.000   0.000
73.03  5.27   8.071   5.784     -15.815  -8.600    3.000   0.000
73.03  5.27   8.097   4.626     -16.052  -9.600    3.000   0.000
73.03  5.27   8.136   4.146     -16.408  -10.300    3.000   0.000
96.82  -12.18   0.916   0.899      0.010   0.200    0.200   0.000
96.82  -12.18   2.611  28.185     -0.562   0.500    0.200   0.000
96.82  -12.18   2.801  28.236     -0.563   0.500    0.200   0.000
96.82  -12.18   2.826  28.243     -0.563   0.500    0.200   0.000
96.82  -12.18   2.851  28.250     -0.563   0.500    0.200   0.000
96.82  -12.18   3.170  22.937     -0.558   0.400    0.200   0.000
96.82  -12.18   3.221  27.882     -0.556   0.500    0.200   0.000
96.82  -12.18   3.439  14.655     -0.548   0.600    0.300   0.000
96.82  -12.18   3.503  17.370     -0.550   0.700    0.300   0.000
55.52  -4.68   3.740   0.104     -0.104   0.700    2.500   0.000
55.52  -4.68   4.110   0.212     -0.548  -1.700    2.500   0.000
55.52  -4.68   4.289   0.193     -0.801  -1.900    2.500   0.000
55.52  -4.68   4.685   0.982     -1.078   1.400    2.500   0.000
55.52  -4.68   7.200   0.176     -6.751  -7.800    2.500   0.000
55.52  -4.68   8.200  10.070     -14.633  -6.700    2.500   0.000
45.27  -12.80   9.170   5.261     -29.947  -28.800    0.500   0.000
45.27  -12.80   9.640   1.752     -37.347  -34.700    2.000   0.000
45.27  -12.80   9.725   4.113     -38.756  -34.700    2.000   0.000
45.27  -12.80  11.080   0.633     -57.704  -58.500    1.000   0.000
45.27  -12.80  11.375   7.715     -61.389  -60.000    0.500   0.000
45.27  -12.80  11.405  24.275     -61.763  -59.300    0.500   0.000
45.27  -12.80  11.635  44.255     -63.826  -60.500    0.500   0.000
45.27  -12.80  12.035  95.981     -66.399  -61.500    0.500   0.000
45.27  -12.80   1.500   0.879     -0.144   2.200    2.500   0.000
45.27  -12.80   2.660   6.961     -0.881  -2.200    0.500   0.000
45.27  -12.80   3.700   0.341     -1.360   0.100    2.500   0.000
45.27  -12.80   6.950   4.872     -7.904  -6.800    0.500   0.000
45.27  -12.80   7.200   6.185     -10.017  -3.800    2.500   0.000
45.27  -12.80   7.305   3.947     -10.987  -9.000    1.000   0.000
45.27  -12.80   7.965  52.554     -16.249  -9.000    1.000   0.000
45.27  -12.80   8.200  24.765     -18.341  -5.900    2.500   0.000
45.27  -12.80   8.200  16.781     -18.341  -8.100    2.500   0.000
45.27  -12.80   8.600  13.355     -22.336  -13.200    2.500   0.000
45.27  -12.80   9.110  17.718     -29.023  -18.500    2.500   0.000
45.27  -12.80  16.900   1.660     -126.865  -123.000    3.000   0.000
45.27  -12.80  17.100   2.214     -127.464  -123.000    3.000   0.000
45.27  -12.80  18.200   3.517     -128.626  -123.000    3.000   0.000
32.40  -28.47   8.993   0.881     -19.877  -18.000    2.000   0.000
32.40  -28.47   9.068   2.059     -20.870  -18.000    2.000   0.000
32.40  -28.47   9.219   6.013     -22.904  -18.000    2.000   0.000
32.40  -28.47   9.373   1.796     -24.979  -29.000    3.000   0.000
32.40  -28.47   9.849   1.630     -31.830  -28.000    3.000   0.000
32.40  -28.47   9.979   3.666     -33.744  -28.000    3.000   0.000
32.40  -28.47  10.793   0.018     -43.595  -44.000    3.000   0.000
32.40  -28.47  10.904   8.764     -44.881  -36.000    3.000   0.000
32.40  -28.47  11.581   1.956     -52.196  -48.000    3.000   0.000
300.45  13.04   0.726   0.343     -0.381   1.200    2.700   0.000
300.45  13.04   8.934  12.968     -32.983  -22.900    2.800   0.000
300.45  13.04   8.936  14.901     -33.008  -22.200    2.800   0.000
300.45  13.04   9.155  13.213     -36.278  -26.100    2.800   0.000
300.45  13.04   9.618  19.439     -43.686  -30.900    2.900   0.000
300.45  13.04   9.922  36.465     -48.712  -31.200    2.900   0.000
300.45  13.04   9.930  102.388     -48.844  -19.500    2.900   0.000
300.45  13.04  10.571  41.404     -57.660  -39.000    2.900   0.000
300.45  13.04  10.808  48.655     -60.628  -40.400    2.900   0.000
300.45  13.04  11.078  56.618     -63.921  -42.100    2.900   0.000
300.45  13.04  11.391  15.956     -67.484  -55.900    2.900   0.000
300.45  13.04  11.392  20.081     -67.495  -54.500    2.900   0.000
300.45  13.04  11.511  18.813     -68.778  -56.200    2.900   0.000
300.45  13.04  11.512  20.044     -68.783  -55.800    2.900   0.000
300.45  13.04  12.002  16.216     -71.181  -59.100    3.000   0.000
300.45  13.04  12.170  17.509     -72.053  -59.500    3.000   0.000
300.45  13.04  12.203  18.274     -72.224  -59.400    3.000   0.000
300.45  13.04  12.798  19.152     -75.529  -62.400    3.000   0.000
300.45  13.04  12.844  14.697     -75.801  -64.300    3.000   0.000
300.45  13.04  12.993  13.158     -76.682  -65.800    3.000   0.000
300.45  13.04  13.088  11.982     -77.785  -67.400    3.000   0.000
300.45  13.04  13.179  13.400     -78.882  -67.900    3.000   0.000
300.45  13.04  13.555  16.881     -83.626  -71.300    3.000   0.000
300.45  13.04  13.574  16.885     -83.928  -71.600    3.000   0.000
300.45  13.04  13.578  16.514     -83.991  -71.800    3.000   0.000
300.45  13.04  13.632  18.059     -84.849  -72.100    3.000   0.000
300.45  13.04  14.082   0.190     -92.307  -91.000    3.000   0.000
300.45  13.04  14.255   0.656     -95.711  -93.200    3.100   0.000
300.45  13.04  14.295   2.105     -96.498  -92.000    3.100   0.000
300.45  13.04  14.396   1.192     -98.485  -95.100    3.100   0.000
300.45  13.04  14.408   1.441     -98.721  -95.000    3.100   0.000
300.45  13.04  14.539   1.872     -100.742  -96.500    3.100   0.000
300.45  13.04  14.573   5.135     -100.925  -93.900    3.100   0.000
300.45  13.04  17.580  20.050     -124.377  -109.600    3.300   0.000
300.45  13.04  18.116  24.626     -125.376  -109.000    3.300   0.000
300.45  13.04  18.174  23.094     -125.559  -109.700    3.300   0.000
300.45  13.04  18.176  22.534     -125.565  -109.900    3.300   0.000
300.45  13.04  18.218  23.206     -125.697  -109.800    3.300   0.000
300.45  13.04  18.408  39.327     -126.295  -105.600    3.300   0.000
300.45  13.04  18.448  25.062     -126.421  -109.900    3.300   0.000
300.45  13.04  18.549  22.864     -126.679  -110.900    3.300   0.000
300.45  13.04  18.716  17.752     -127.004  -113.100    3.300   0.000
300.45  13.04  18.746  22.526     -127.062  -111.400    3.300   0.000
300.45  13.04  18.783  22.159     -127.134  -111.600    3.300   0.000
300.45  13.04  18.806  17.688     -127.179  -113.300    3.300   0.000
300.45  13.04  19.075   9.091     -127.950  -118.000    3.300   0.000
300.45  13.04  19.392  51.207     -129.614  -106.000    3.300   0.000
300.45  13.04  19.518  47.656     -130.281  -107.500    3.300   0.000
300.45  13.04  19.708  49.980     -131.330  -108.000    3.300   0.000
300.45  13.04  30.147  91.028     -124.718  -85.600    4.100   0.000
300.45  13.04  30.225  88.604     -124.593  -86.000    4.100   0.000
300.45  13.04  30.242  85.747     -124.566  -86.600    4.100   0.000
300.45  13.04  30.298  81.329     -124.477  -86.600    4.200   0.000
0.00  0.00   0.000   0.000      0.000   0.000    0.000   0.000
0.00  0.00   0.000   0.000      0.000   0.000    0.000   0.000
0.00  0.00   0.000   0.000      0.000   0.000    0.000   0.000
0.00  0.00   0.000   0.000      0.000   0.000    0.000   0.000
0.00  0.00   0.000   0.000      0.000   0.000    0.000   0.000
0.00  0.00   0.000   0.000      0.000   0.000    0.000   0.000
0.00  0.00   0.000   0.000      0.000   0.000    0.000   0.000
0.00  0.00   0.000   0.000      0.000   0.000    0.000   0.000
0.00  0.00   0.000   0.000      0.000   0.000    0.000   0.000
0.00  0.00   0.000   0.000      0.000   0.000    0.000   0.000
0.00  0.00   0.000   0.000      0.000   0.000    0.000   0.000
0.00  0.00   0.000   0.000      0.000   0.000    0.000   0.000
0.00  0.00   0.000   0.000      0.000   0.000    0.000   0.000
0.00  0.00   0.000   0.000      0.000   0.000    0.000   0.000
0.00  0.00   0.000   0.000      0.000   0.000    0.000   0.000
0.00  0.00   0.000   0.000      0.000   0.000    0.000   0.000
0.00  0.00   0.000   0.000      0.000   0.000    0.000   0.000
0.00  0.00   0.000   0.000      0.000   0.000    0.000   0.000
0.00  0.00   0.000   0.000      0.000   0.000    0.000   0.000
0.00  0.00   0.000   0.000      0.000   0.000    0.000   0.000
0.00  0.00   0.000   0.000      0.000   0.000    0.000   0.000
0.00  0.00   0.000   0.000      0.000   0.000    0.000   0.000
0.00  0.00   0.000   0.000      0.000   0.000    0.000   0.000
0.00  0.00   0.000   0.000      0.000   0.000    0.000   0.000
0.00  0.00   0.000   0.000      0.000   0.000    0.000   0.000
0.00  0.00   0.000   0.000      0.000   0.000    0.000   0.000
0.00  0.00   0.000   0.000      0.000   0.000    0.000   0.000
0.00  0.00   0.000   0.000      0.000   0.000    0.000   0.000
0.00  0.00   0.000   0.000      0.000   0.000    0.000   0.000
0.00  0.00   0.000   0.000      0.000   0.000    0.000   0.000
0.00  0.00   0.000   0.000      0.000   0.000    0.000   0.000
0.00  0.00   0.000   0.000      0.000   0.000    0.000   0.000
0.00  0.00   0.000   0.000      0.000   0.000    0.000   0.000
0.00  0.00   0.000   0.000      0.000   0.000    0.000   0.000
0.00  0.00   0.000   0.000      0.000   0.000    0.000   0.000
0.00  0.00   0.000   0.000      0.000   0.000    0.000   0.000
0.00  0.00   0.000   0.000      0.000   0.000    0.000   0.000
0.00  0.00   0.000   0.000      0.000   0.000    0.000   0.000
0.00  0.00   0.000   0.000      0.000   0.000    0.000   0.000
0.00  0.00   0.000   0.000      0.000   0.000    0.000   0.000
0.00  0.00   0.000   0.000      0.000   0.000    0.000   0.000
0.00  0.00   0.000   0.000      0.000   0.000    0.000   0.000
0.00  0.00   0.000   0.000      0.000   0.000    0.000   0.000
0.00  0.00   0.000   0.000      0.000   0.000    0.000   0.000
0.00  0.00   0.000   0.000      0.000   0.000    0.000   0.000
0.00  0.00   0.000   0.000      0.000   0.000    0.000   0.000
0.00  0.00   0.000   0.000      0.000   0.000    0.000   0.000
0.00  0.00   0.000   0.000      0.000   0.000    0.000   0.000
0.00  0.00   0.000   0.000      0.000   0.000    0.000   0.000
0.00  0.00   0.000   0.000      0.000   0.000    0.000   0.000
0.00  0.00   0.000   0.000      0.000   0.000    0.000   0.000
0.00  0.00   0.000   0.000      0.000   0.000    0.000   0.000
0.00  0.00   0.000   0.000      0.000   0.000    0.000   0.000
0.00  0.00   0.000   0.000      0.000   0.000    0.000   0.000
0.00  0.00   0.000   0.000      0.000   0.000    0.000   0.000
0.00  0.00   0.000   0.000      0.000   0.000    0.000   0.000
0.00  0.00   0.000   0.000      0.000   0.000    0.000   0.000
0.00  0.00   0.000   0.000      0.000   0.000    0.000   0.000
0.00  0.00   0.000   0.000      0.000   0.000    0.000   0.000
0.00  0.00   0.000   0.000      0.000   0.000    0.000   0.000
0.00  0.00   0.000   0.000      0.000   0.000    0.000   0.000
0.00  0.00   0.000   0.000      0.000   0.000    0.000   0.000
0.00  0.00   0.000   0.000      0.000   0.000    0.000   0.000
0.00  0.00   0.000   0.000      0.000   0.000    0.000   0.000
0.00  0.00   0.000   0.000      0.000   0.000    0.000   0.000
0.00  0.00   0.000   0.000      0.000   0.000    0.000   0.000
0.00  0.00   0.000   0.000      0.000   0.000    0.000   0.000
0.00  0.00   0.000   0.000      0.000   0.000    0.000   0.000
0.00  0.00   0.000   0.000      0.000   0.000    0.000   0.000
0.00  0.00   0.000   0.000      0.000   0.000    0.000   0.000
0.00  0.00   0.000   0.000      0.000   0.000    0.000   0.000
0.00  0.00   0.000   0.000      0.000   0.000    0.000   0.000
0.00  0.00   0.000   0.000      0.000   0.000    0.000   0.000
0.00  0.00   0.000   0.000      0.000   0.000    0.000   0.000
0.00  0.00   0.000   0.000      0.000   0.000    0.000   0.000
0.00  0.00   0.000   0.000      0.000   0.000    0.000   0.000
0.00  0.00   0.000   0.000      0.000   0.000    0.000   0.000
0.00  0.00   0.000   0.000      0.000   0.000    0.000   0.000
0.00  0.00   0.000   0.000      0.000   0.000    0.000   0.000
0.00  0.00   0.000   0.000      0.000   0.000    0.000   0.000
0.00  0.00   0.000   0.000      0.000   0.000    0.000   0.000
0.00  0.00   0.000   0.000      0.000   0.000    0.000   0.000
0.00  0.00   0.000   0.000      0.000   0.000    0.000   0.000
0.00  0.00   0.000   0.000      0.000   0.000    0.000   0.000
0.00  0.00   0.000   0.000      0.000   0.000    0.000   0.000
0.00  0.00   0.000   0.000      0.000   0.000    0.000   0.000
0.00  0.00   0.000   0.000      0.000   0.000    0.000   0.000
0.00  0.00   0.000   0.000      0.000   0.000    0.000   0.000
0.00  0.00   0.000   0.000      0.000   0.000    0.000   0.000
0.00  0.00   0.000   0.000      0.000   0.000    0.000   0.000
0.00  0.00   0.000   0.000      0.000   0.000    0.000   0.000
0.00  0.00   0.000   0.000      0.000   0.000    0.000   0.000
0.00  0.00   0.000   0.000      0.000   0.000    0.000   0.000
0.00  0.00   0.000   0.000      0.000   0.000    0.000   0.000
0.00  0.00   0.000   0.000      0.000   0.000    0.000   0.000
0.00  0.00   0.000   0.000      0.000   0.000    0.000   0.000
0.00  0.00   0.000   0.000      0.000   0.000    0.000   0.000
0.00  0.00   0.000   0.000      0.000   0.000    0.000   0.000
0.00  0.00   0.000   0.000      0.000   0.000    0.000   0.000
0.00  0.00   0.000   0.000      0.000   0.000    0.000   0.000
0.00  0.00   0.000   0.000      0.000   0.000    0.000   0.000
0.00  0.00   0.000   0.000      0.000   0.000    0.000   0.000
0.00  0.00   0.000   0.000      0.000   0.000    0.000   0.000
0.00  0.00   0.000   0.000      0.000   0.000    0.000   0.000
0.00  0.00   0.000   0.000      0.000   0.000    0.000   0.000
0.00  0.00   0.000   0.000      0.000   0.000    0.000   0.000
0.00  0.00   0.000   0.000      0.000   0.000    0.000   0.000
0.00  0.00   0.000   0.000      0.000   0.000    0.000   0.000
0.00  0.00   0.000   0.000      0.000   0.000    0.000   0.000
0.00  0.00   0.000   0.000      0.000   0.000    0.000   0.000
0.00  0.00   0.000   0.000      0.000   0.000    0.000   0.000
0.00  0.00   0.000   0.000      0.000   0.000    0.000   0.000
0.00  0.00   0.000   0.000      0.000   0.000    0.000   0.000
0.00  0.00   0.000   0.000      0.000   0.000    0.000   0.000
0.00  0.00   0.000   0.000      0.000   0.000    0.000   0.000
0.00  0.00   0.000   0.000      0.000   0.000    0.000   0.000
0.00  0.00   0.000   0.000      0.000   0.000    0.000   0.000
0.00  0.00   0.000   0.000      0.000   0.000    0.000   0.000
0.00  0.00   0.000   0.000      0.000   0.000    0.000   0.000
0.00  0.00   0.000   0.000      0.000   0.000    0.000   0.000
0.00  0.00   0.000   0.000      0.000   0.000    0.000   0.000
0.00  0.00   0.000   0.000      0.000   0.000    0.000   0.000
0.00  0.00   0.000   0.000      0.000   0.000    0.000   0.000
0.00  0.00   0.000   0.000      0.000   0.000    0.000   0.000
0.00  0.00   0.000   0.000      0.000   0.000    0.000   0.000
0.00  0.00   0.000   0.000      0.000   0.000    0.000   0.000
0.00  0.00   0.000   0.000      0.000   0.000    0.000   0.000
0.00  0.00   0.000   0.000      0.000   0.000    0.000   0.000
0.00  0.00   0.000   0.000      0.000   0.000    0.000   0.000
0.00  0.00   0.000   0.000      0.000   0.000    0.000   0.000
0.00  0.00   0.000   0.000      0.000   0.000    0.000   0.000
0.00  0.00   0.000   0.000      0.000   0.000    0.000   0.000
0.00  0.00   0.000   0.000      0.000   0.000    0.000   0.000
0.00  0.00   0.000   0.000      0.000   0.000    0.000   0.000
0.00  0.00   0.000   0.000      0.000   0.000    0.000   0.000
0.00  0.00   0.000   0.000      0.000   0.000    0.000   0.000
0.00  0.00   0.000   0.000      0.000   0.000    0.000   0.000
0.00  0.00   0.000   0.000      0.000   0.000    0.000   0.000
0.00  0.00   0.000   0.000      0.000   0.000    0.000   0.000
0.00  0.00   0.000   0.000      0.000   0.000    0.000   0.000
0.00  0.00   0.000   0.000      0.000   0.000    0.000   0.000
0.00  0.00   0.000   0.000      0.000   0.000    0.000   0.000
0.00  0.00   0.000   0.000      0.000   0.000    0.000   0.000
0.00  0.00   0.000   0.000      0.000   0.000    0.000   0.000
0.00  0.00   0.000   0.000      0.000   0.000    0.000   0.000
0.00  0.00   0.000   0.000      0.000   0.000    0.000   0.000
0.00  0.00   0.000   0.000      0.000   0.000    0.000   0.000
0.00  0.00   0.000   0.000      0.000   0.000    0.000   0.000
0.00  0.00   0.000   0.000      0.000   0.000    0.000   0.000
0.00  0.00   0.000   0.000      0.000   0.000    0.000   0.000
0.00  0.00   0.000   0.000      0.000   0.000    0.000   0.000
0.00  0.00   0.000   0.000      0.000   0.000    0.000   0.000
0.00  0.00   0.000   0.000      0.000   0.000    0.000   0.000
0.00  0.00   0.000   0.000      0.000   0.000    0.000   0.000
0.00  0.00   0.000   0.000      0.000   0.000    0.000   0.000
0.00  0.00   0.000   0.000      0.000   0.000    0.000   0.000
0.00  0.00   0.000   0.000      0.000   0.000    0.000   0.000
0.00  0.00   0.000   0.000      0.000   0.000    0.000   0.000
0.00  0.00   0.000   0.000      0.000   0.000    0.000   0.000
0.00  0.00   0.000   0.000      0.000   0.000    0.000   0.000
0.00  0.00   0.000   0.000      0.000   0.000    0.000   0.000
0.00  0.00   0.000   0.000      0.000   0.000    0.000   0.000
0.00  0.00   0.000   0.000      0.000   0.000    0.000   0.000
0.00  0.00   0.000   0.000      0.000   0.000    0.000   0.000
0.00  0.00   0.000   0.000      0.000   0.000    0.000   0.000
0.00  0.00   0.000   0.000      0.000   0.000    0.000   0.000
0.00  0.00   0.000   0.000      0.000   0.000    0.000   0.000
0.00  0.00   0.000   0.000      0.000   0.000    0.000   0.000
0.00  0.00   0.000   0.000      0.000   0.000    0.000   0.000
0.00  0.00   0.000   0.000      0.000   0.000    0.000   0.000
0.00  0.00   0.000   0.000      0.000   0.000    0.000   0.000
0.00  0.00   0.000   0.000      0.000   0.000    0.000   0.000
0.00  0.00   0.000   0.000      0.000   0.000    0.000   0.000
0.00  0.00   0.000   0.000      0.000   0.000    0.000   0.000
0.00  0.00   0.000   0.000      0.000   0.000    0.000   0.000
0.00  0.00   0.000   0.000      0.000   0.000    0.000   0.000
0.00  0.00   0.000   0.000      0.000   0.000    0.000   0.000
0.00  0.00   0.000   0.000      0.000   0.000    0.000   0.000
0.00  0.00   0.000   0.000      0.000   0.000    0.000   0.000
0.00  0.00   0.000   0.000      0.000   0.000    0.000   0.000
0.00  0.00   0.000   0.000      0.000   0.000    0.000   0.000
0.00  0.00   0.000   0.000      0.000   0.000    0.000   0.000
0.00  0.00   0.000   0.000      0.000   0.000    0.000   0.000
0.00  0.00   0.000   0.000      0.000   0.000    0.000   0.000
0.00  0.00   0.000   0.000      0.000   0.000    0.000   0.000
0.00  0.00   0.000   0.000      0.000   0.000    0.000   0.000
0.00  0.00   0.000   0.000      0.000   0.000    0.000   0.000
0.00  0.00   0.000   0.000      0.000   0.000    0.000   0.000
0.00  0.00   0.000   0.000      0.000   0.000    0.000   0.000
0.00  0.00   0.000   0.000      0.000   0.000    0.000   0.000
0.00  0.00   0.000   0.000      0.000   0.000    0.000   0.000
0.00  0.00   0.000   0.000      0.000   0.000    0.000   0.000
0.00  0.00   0.000   0.000      0.000   0.000    0.000   0.000
0.00  0.00   0.000   0.000      0.000   0.000    0.000   0.000
0.00  0.00   0.000   0.000      0.000   0.000    0.000   0.000
0.00  0.00   0.000   0.000      0.000   0.000    0.000   0.000
0.00  0.00   0.000   0.000      0.000   0.000    0.000   0.000
0.00  0.00   0.000   0.000      0.000   0.000    0.000   0.000
0.00  0.00   0.000   0.000      0.000   0.000    0.000   0.000
0.00  0.00   0.000   0.000      0.000   0.000    0.000   0.000
0.00  0.00   0.000   0.000      0.000   0.000    0.000   0.000
0.00  0.00   0.000   0.000      0.000   0.000    0.000   0.000
0.00  0.00   0.000   0.000      0.000   0.000    0.000   0.000
0.00  0.00   0.000   0.000      0.000   0.000    0.000   0.000
0.00  0.00   0.000   0.000      0.000   0.000    0.000   0.000
0.00  0.00   0.000   0.000      0.000   0.000    0.000   0.000
0.00  0.00   0.000   0.000      0.000   0.000    0.000   0.000
0.00  0.00   0.000   0.000      0.000   0.000    0.000   0.000
0.00  0.00   0.000   0.000      0.000   0.000    0.000   0.000
0.00  0.00   0.000   0.000      0.000   0.000    0.000   0.000
0.00  0.00   0.000   0.000      0.000   0.000    0.000   0.000
0.00  0.00   0.000   0.000      0.000   0.000    0.000   0.000
0.00  0.00   0.000   0.000      0.000   0.000    0.000   0.000
0.00  0.00   0.000   0.000      0.000   0.000    0.000   0.000
0.00  0.00   0.000   0.000      0.000   0.000    0.000   0.000
0.00  0.00   0.000   0.000      0.000   0.000    0.000   0.000
0.00  0.00   0.000   0.000      0.000   0.000    0.000   0.000
0.00  0.00   0.000   0.000      0.000   0.000    0.000   0.000
0.00  0.00   0.000   0.000      0.000   0.000    0.000   0.000
0.00  0.00   0.000   0.000      0.000   0.000    0.000   0.000
0.00  0.00   0.000   0.000      0.000   0.000    0.000   0.000
0.00  0.00   0.000   0.000      0.000   0.000    0.000   0.000
0.00  0.00   0.000   0.000      0.000   0.000    0.000   0.000
0.00  0.00   0.000   0.000      0.000   0.000    0.000   0.000
0.00  0.00   0.000   0.000      0.000   0.000    0.000   0.000
0.00  0.00   0.000   0.000      0.000   0.000    0.000   0.000
0.00  0.00   0.000   0.000      0.000   0.000    0.000   0.000
0.00  0.00   0.000   0.000      0.000   0.000    0.000   0.000
0.00  0.00   0.000   0.000      0.000   0.000    0.000   0.000
0.00  0.00   0.000   0.000      0.000   0.000    0.000   0.000
0.00  0.00   0.000   0.000      0.000   0.000    0.000   0.000
0.00  0.00   0.000   0.000      0.000   0.000    0.000   0.000
0.00  0.00   0.000   0.000      0.000   0.000    0.000   0.000
0.00  0.00   0.000   0.000      0.000   0.000    0.000   0.000
0.00  0.00   0.000   0.000      0.000   0.000    0.000   0.000
0.00  0.00   0.000   0.000      0.000   0.000    0.000   0.000
0.00  0.00   0.000   0.000      0.000   0.000    0.000   0.000
0.00  0.00   0.000   0.000      0.000   0.000    0.000   0.000
0.00  0.00   0.000   0.000      0.000   0.000    0.000   0.000
0.00  0.00   0.000   0.000      0.000   0.000    0.000   0.000
0.00  0.00   0.000   0.000      0.000   0.000    0.000   0.000
0.00  0.00   0.000   0.000      0.000   0.000    0.000   0.000
0.00  0.00   0.000   0.000      0.000   0.000    0.000   0.000
0.00  0.00   0.000   0.000      0.000   0.000    0.000   0.000
0.00  0.00   0.000   0.000      0.000   0.000    0.000   0.000
0.00  0.00   0.000   0.000      0.000   0.000    0.000   0.000
0.00  0.00   0.000   0.000      0.000   0.000    0.000   0.000
0.00  0.00   0.000   0.000      0.000   0.000    0.000   0.000
0.00  0.00   0.000   0.000      0.000   0.000    0.000   0.000
0.00  0.00   0.000   0.000      0.000   0.000    0.000   0.000
0.00  0.00   0.000   0.000      0.000   0.000    0.000   0.000
0.00  0.00   0.000   0.000      0.000   0.000    0.000   0.000
0.00  0.00   0.000   0.000      0.000   0.000    0.000   0.000
0.00  0.00   0.000   0.000      0.000   0.000    0.000   0.000
0.00  0.00   0.000   0.000      0.000   0.000    0.000   0.000
0.00  0.00   0.000   0.000      0.000   0.000    0.000   0.000
0.00  0.00   0.000   0.000      0.000   0.000    0.000   0.000
0.00  0.00   0.000   0.000      0.000   0.000    0.000   0.000
0.00  0.00   0.000   0.000      0.000   0.000    0.000   0.000
0.00  0.00   0.000   0.000      0.000   0.000    0.000   0.000
0.00  0.00   0.000   0.000      0.000   0.000    0.000   0.000
0.00  0.00   0.000   0.000      0.000   0.000    0.000   0.000
0.00  0.00   0.000   0.000      0.000   0.000    0.000   0.000
0.00  0.00   0.000   0.000      0.000   0.000    0.000   0.000
0.00  0.00   0.000   0.000      0.000   0.000    0.000   0.000
0.00  0.00   0.000   0.000      0.000   0.000    0.000   0.000
0.00  0.00   0.000   0.000      0.000   0.000    0.000   0.000
0.00  0.00   0.000   0.000      0.000   0.000    0.000   0.000
0.00  0.00   0.000   0.000      0.000   0.000    0.000   0.000
0.00  0.00   0.000   0.000      0.000   0.000    0.000   0.000
0.00  0.00   0.000   0.000      0.000   0.000    0.000   0.000
0.00  0.00   0.000   0.000      0.000   0.000    0.000   0.000
0.00  0.00   0.000   0.000      0.000   0.000    0.000   0.000
0.00  0.00   0.000   0.000      0.000   0.000    0.000   0.000
0.00  0.00   0.000   0.000      0.000   0.000    0.000   0.000
0.00  0.00   0.000   0.000      0.000   0.000    0.000   0.000
0.00  0.00   0.000   0.000      0.000   0.000    0.000   0.000
0.00  0.00   0.000   0.000      0.000   0.000    0.000   0.000
0.00  0.00   0.000   0.000      0.000   0.000    0.000   0.000
0.00  0.00   0.000   0.000      0.000   0.000    0.000   0.000
0.00  0.00   0.000   0.000      0.000   0.000    0.000   0.000
0.00  0.00   0.000   0.000      0.000   0.000    0.000   0.000
0.00  0.00   0.000   0.000      0.000   0.000    0.000   0.000
0.00  0.00   0.000   0.000      0.000   0.000    0.000   0.000
0.00  0.00   0.000   0.000      0.000   0.000    0.000   0.000
0.00  0.00   0.000   0.000      0.000   0.000    0.000   0.000
0.00  0.00   0.000   0.000      0.000   0.000    0.000   0.000
0.00  0.00   0.000   0.000      0.000   0.000    0.000   0.000
0.00  0.00   0.000   0.000      0.000   0.000    0.000   0.000
0.00  0.00   0.000   0.000      0.000   0.000    0.000   0.000
0.00  0.00   0.000   0.000      0.000   0.000    0.000   0.000
0.00  0.00   0.000   0.000      0.000   0.000    0.000   0.000
0.00  0.00   0.000   0.000      0.000   0.000    0.000   0.000
0.00  0.00   0.000   0.000      0.000   0.000    0.000   0.000
0.00  0.00   0.000   0.000      0.000   0.000    0.000   0.000
0.00  0.00   0.000   0.000      0.000   0.000    0.000   0.000
