2.588577680719601304e+01
2.551341926187048514e+01
2.508449384728672982e+01
2.463432519364097573e+01
2.422174707755143075e+01
2.388876192118370057e+01
2.366299652397366060e+01
2.353988574209760642e+01
2.350328038101492467e+01
2.352336983424999417e+01
2.357860574521895813e+01
2.364881659626065513e+01
2.371762763878381364e+01
2.378688821613643967e+01
2.384972190531886582e+01
2.390718300653374229e+01
2.395683174308969754e+01
2.399989446608066146e+01
2.403441326736491490e+01
2.406046906835324961e+01
2.407531919512469187e+01
2.408414836787425628e+01
2.408461871082430505e+01
2.408004274217516283e+01
2.407282439658324336e+01
2.406254522822419872e+01
2.405309610310846580e+01
2.404412926057598554e+01
2.403471535638387380e+01
2.402618766134637340e+01
2.401890942475304414e+01
2.401222210413709135e+01
2.560603056699952162e+01
2.512954079737196977e+01
2.459460239808252879e+01
2.406519205618183577e+01
2.360009015213233852e+01
2.325398668920010437e+01
2.304237804517188692e+01
2.296484973596576751e+01
2.299507876933139272e+01
2.309612961037112555e+01
2.323647197865528469e+01
2.338969921129197971e+01
2.354257791177358072e+01
2.368566503083647845e+01
2.381808606605363110e+01
2.393594358742364747e+01
2.403882967339191268e+01
2.412456281194605268e+01
2.419027033552107753e+01
2.423684349198560994e+01
2.426550254220317981e+01
2.427895626494633419e+01
2.427900218000980459e+01
2.427187011065094069e+01
2.425904814173354751e+01
2.424063877018176072e+01
2.422025902385063034e+01
2.420341986305299997e+01
2.418692623607091363e+01
2.417141589434838522e+01
2.415981148120691202e+01
2.414873156502038754e+01
2.532625611892568784e+01
2.473858005919219494e+01
2.410161839398062256e+01
2.348862888416377004e+01
2.296851296382843444e+01
2.259848866687435986e+01
2.241070617256573527e+01
2.238857111681652157e+01
2.250283206044015216e+01
2.270470775434479549e+01
2.295049645518949433e+01
2.320834441017965943e+01
2.345940104674066973e+01
2.368993069095328607e+01
2.389890951864041213e+01
2.408134832982357310e+01
2.423282448228949448e+01
2.435460034755679715e+01
2.444207213842262050e+01
2.449963766721552005e+01
2.452695075280482939e+01
2.453044117625725207e+01
2.451813949963492334e+01
2.449471604031857552e+01
2.446464428410404679e+01
2.443030877555518643e+01
2.439295390265533925e+01
2.436083780256485909e+01
2.433095362742877299e+01
2.430437590413628968e+01
2.428136365033082811e+01
2.426289031507282701e+01
2.502342482721563144e+01
2.432057665687406001e+01
2.358086645831336980e+01
2.288086787949727352e+01
2.230408562979408060e+01
2.191603220479970204e+01
2.175403365872563555e+01
2.179923316283815637e+01
2.200634166960343663e+01
2.231918442566382765e+01
2.268123930294333590e+01
2.305045257211341081e+01
2.339978974284383284e+01
2.371370881785928120e+01
2.398768848757795524e+01
2.421643834328117606e+01
2.439649048302911183e+01
2.452845803963306892e+01
2.461297435426315161e+01
2.465228718302276079e+01
2.465491547128658567e+01
2.462945090170035556e+01
2.458494924352299904e+01
2.452681172161389256e+01
2.446423434103473937e+01
2.439975745357339676e+01
2.433776362089052014e+01
2.428410013610116636e+01
2.423172023357934890e+01
2.418836214379462390e+01
2.415044935370351453e+01
2.411951619789401136e+01
2.464397868839983730e+01
2.383756774041665238e+01
2.299520655236353051e+01
2.221479188008973793e+01
2.158731669467204028e+01
2.119111054664447025e+01
2.105770085819114001e+01
2.117098568810951420e+01
2.147631048619975402e+01
2.190021142697088763e+01
2.237073743031945128e+01
2.283550789127664871e+01
2.326306252258958196e+01
2.363086379634815515e+01
2.393231243820285314e+01
2.416924116525791533e+01
2.433331625896868289e+01
2.443467341549073168e+01
2.447555205963844216e+01
2.446255719419557551e+01
2.441079627037523281e+01
2.432821230177819771e+01
2.422759695704118599e+01
2.412072648893970594e+01
2.401313173537984724e+01
2.391242669027339574e+01
2.381597099045794508e+01
2.373236313572943246e+01
2.365831449918759333e+01
2.359621405188331877e+01
2.354229329574226526e+01
2.349786381150258308e+01
2.413967084661604900e+01
2.323827565505709103e+01
2.231380139381410288e+01
2.146527986814237110e+01
2.080000428601347195e+01
2.040276758057714446e+01
2.030761210237474756e+01
2.049285094268044816e+01
2.089015053727245430e+01
2.140984998018987895e+01
2.196411575483086409e+01
2.249071410432710394e+01
2.294801315463072910e+01
2.331503517906295286e+01
2.359063005950917713e+01
2.377651999346393907e+01
2.387629339584566068e+01
2.389558184967021859e+01
2.385142528854087729e+01
2.375277725524811956e+01
2.361867729708739105e+01
2.346454686773830645e+01
2.329952649782236307e+01
2.313833627215448274e+01
2.298428588970771003e+01
2.284388880605802541e+01
2.271782308639926384e+01
2.260931678758745633e+01
2.251736994928149116e+01
2.243980570962154175e+01
2.237428368545279156e+01
2.232152241351521127e+01
2.344245663743158303e+01
2.246609808863267688e+01
2.148826522999974742e+01
2.060067812690394362e+01
1.992275276641058568e+01
1.954824410113327815e+01
1.950424988733312404e+01
1.976308911075517827e+01
2.024165499782881739e+01
2.083195362697482267e+01
2.143159253402207653e+01
2.196903682259317137e+01
2.240081213345130706e+01
2.270856190732347812e+01
2.289693490133371512e+01
2.297769708351315998e+01
2.296092985807761266e+01
2.286550231568144653e+01
2.271380505085911850e+01
2.251835376101958630e+01
2.230157654054591632e+01
2.207854328034307301e+01
2.186218765499904038e+01
2.165921306098556087e+01
2.147899831088434652e+01
2.132013766234603480e+01
2.118475902632651398e+01
2.106976401657109221e+01
2.097518705191067667e+01
2.089713269469516632e+01
2.083327971657400113e+01
2.078367851390958876e+01
2.250248253663919584e+01
2.148991052814001179e+01
2.048653264715875011e+01
1.960041890271340748e+01
1.895122980134798141e+01
1.862824898277168373e+01
1.865835259331889517e+01
1.899892102862480670e+01
1.954694441567369623e+01
2.018184096871084421e+01
2.078754836880654722e+01
2.128437556715638479e+01
2.163501614457723932e+01
2.183012164302766323e+01
2.188693583098548956e+01
2.182848217487103426e+01
2.167955557532980748e+01
2.146544772890864650e+01
2.121196538742588444e+01
2.094065573858605589e+01
2.067245866437172097e+01
2.042184223303206281e+01
2.019517048993890995e+01
2.000040853661002416e+01
1.983633207034855417e+01
1.969978390050896877e+01
1.959066462446519097e+01
1.950445642136529045e+01
1.943751264486958164e+01
1.938330664930639813e+01
1.934267669187675764e+01
1.930986560494532966e+01
2.131853854070138965e+01
2.031201935514568291e+01
1.932799417959065025e+01
1.848819552815636058e+01
1.791048737445713002e+01
1.768000702841978011e+01
1.780849554818860980e+01
1.823962537088447178e+01
1.885045674361202472e+01
1.950572538616220442e+01
2.007812275437227356e+01
2.049424220499535210e+01
2.072399525769271023e+01
2.077553765476326220e+01
2.068311754870181929e+01
2.048270543831506885e+01
2.021233810375273521e+01
1.990989766874383804e+01
1.960228270320369148e+01
1.931326821327534304e+01
1.905681893618429612e+01
1.884661343383586640e+01
1.868157678410883449e+01
1.855922094143738477e+01
1.847484232600366028e+01
1.841773328971592960e+01
1.838679400720336332e+01
1.836775167868309566e+01
1.836189469101906013e+01
1.836426587003658284e+01
1.836886689392759919e+01
1.837567726106509980e+01
1.995262714278303662e+01
1.898326766835551638e+01
1.806825815757749609e+01
1.732762840206193644e+01
1.687012863765942328e+01
1.677032296425008084e+01
1.702637163243343821e+01
1.755743469700793824e+01
1.822668487592553177e+01
1.888095331301193269e+01
1.939474960207550680e+01
1.969898829932125039e+01
1.978024131259006779e+01
1.967341057582485675e+01
1.942875896166703242e+01
1.910320997330698134e+01
1.874862669802523740e+01
1.840572563020925401e+01
1.810545036734017899e+01
1.786981116926356705e+01
1.770588556088315002e+01
1.761137243965286103e+01
1.757999310945388771e+01
1.760145963426219495e+01
1.765896436616188581e+01
1.773932598580449493e+01
1.782952336118422565e+01
1.792336288748668238e+01
1.801122543590299685e+01
1.809269539933787740e+01
1.816277299324480410e+01
1.822470615868321531e+01
1.850787888726276265e+01
1.762587290299540754e+01
1.683272673214782955e+01
1.623856325126089928e+01
1.594735167188161817e+01
1.601680863362337348e+01
1.642395209557007618e+01
1.706909201757536465e+01
1.779264541698762159e+01
1.843169755969207202e+01
1.886165436736987644e+01
1.902691293017331020e+01
1.894001635068634215e+01
1.865814614236543889e+01
1.825942022186026037e+01
1.781983292445721290e+01
1.740470320148040173e+01
1.705975177617431626e+01
1.681513395358105711e+01
1.668588635542204202e+01
1.666613141687654931e+01
1.674800068998041169e+01
1.690538202249729594e+01
1.711521927044732294e+01
1.735552271164554838e+01
1.760331608262729119e+01
1.784765211275761843e+01
1.807102688941154867e+01
1.827478200178470757e+01
1.844594572828837897e+01
1.859361357973130779e+01
1.871344961890568115e+01
1.714600755731679627e+01
1.640082981481167579e+01
1.577642467674121285e+01
1.537707085273269136e+01
1.529486334154897520e+01
1.556959515023101837e+01
1.615813933609229380e+01
1.693345080276684556e+01
1.771684082863555432e+01
1.833252361077055070e+01
1.865949638339040106e+01
1.865779370391628689e+01
1.836973647216058936e+01
1.788054496248087233e+01
1.730064075699438675e+01
1.672720699051180304e+01
1.623884735083579400e+01
1.588515270673316060e+01
1.569870826978494271e+01
1.567842701828482177e+01
1.581400250784562012e+01
1.607483714781085737e+01
1.642589217936890833e+01
1.682928735425980804e+01
1.725571743827686788e+01
1.767183195298191478e+01
1.806333595560142058e+01
1.841617835553167737e+01
1.872469916258163991e+01
1.898488808681196360e+01
1.920221909501404767e+01
1.937707813745625884e+01
1.603589931930090273e+01
1.547086443175651382e+01
1.506007006647626945e+01
1.490240386645821502e+01
1.507476640106399834e+01
1.559693551155244506e+01
1.640078879345660212e+01
1.733301729538861125e+01
1.818820929031053169e+01
1.878115360448010662e+01
1.898900396218711251e+01
1.879384457371341455e+01
1.826216347099510884e+01
1.751329090910120101e+01
1.669199038084511955e+01
1.592187613473871011e+01
1.529868913266907171e+01
1.488052611396991942e+01
1.469504906665346944e+01
1.473481014908202447e+01
1.497200289973931930e+01
1.536574101759465094e+01
1.586694454737150117e+01
1.642297878087132190e+01
1.699013986526329134e+01
1.753945699115882206e+01
1.805051288777252694e+01
1.850057082745452064e+01
1.888860983250022940e+01
1.921107937289450618e+01
1.948107631000764783e+01
1.969786332737670875e+01
1.531374221319443762e+01
1.496970345452752227e+01
1.481513558394506092e+01
1.493959510036923000e+01
1.540795115985688746e+01
1.622076296162690312e+01
1.728087813144419727e+01
1.840139938159008182e+01
1.935791062909917315e+01
1.993577914173829768e+01
2.002397327963575435e+01
1.960650229525768040e+01
1.878169311846609446e+01
1.770991135826623619e+01
1.657045656278266321e+01
1.551897675217540851e+01
1.466923730007782112e+01
1.409411700848693627e+01
1.381610431613856527e+01
1.382588653878829632e+01
1.407947955370153892e+01
1.452325061697405850e+01
1.509518125174003700e+01
1.573018352353605209e+01
1.637987138936829368e+01
1.700625074808278825e+01
1.757788511357854588e+01
1.808281878942392495e+01
1.851426300556952143e+01
1.887363098556087238e+01
1.916823567027890363e+01
1.940327972525146549e+01
1.506083634782032021e+01
1.496648995291553064e+01
1.509549311710173214e+01
1.553260645090601244e+01
1.632953709510045925e+01
1.746320754395388164e+01
1.881319187794306913e+01
2.015834629480587736e+01
2.123959166006697075e+01
2.182123576231785833e+01
2.178099329862847711e+01
2.112493719018458904e+01
1.997205739823540327e+01
1.852018934460762978e+01
1.699097293600406289e+01
1.557584657797331040e+01
1.441011505583960961e+01
1.358284949074775838e+01
1.311968183163006607e+01
1.300211198703188664e+01
1.318284155435144811e+01
1.359074108575646633e+01
1.415208043149896433e+01
1.479442760409000712e+01
1.545860962425101981e+01
1.609950951916943040e+01
1.668513181530713751e+01
1.720207041206374754e+01
1.763907823307191336e+01
1.800548728163662560e+01
1.830146797331139297e+01
1.853906854547332728e+01
1.527095987875241612e+01
1.543572983498412832e+01
1.585686211648089561e+01
1.661438534541435175e+01
1.774733548397335170e+01
1.921450672941898219e+01
2.086593980269426041e+01
2.244797063152877215e+01
2.366416857980043176e+01
2.426207846067265095e+01
2.409733715908806673e+01
2.318234545702563665e+01
2.167150932877697045e+01
1.979844690432081222e+01
1.782953765808123947e+01
1.599088693541262174e+01
1.444609921299527500e+01
1.330147321039815367e+01
1.258442126585346621e+01
1.227640632356857964e+01
1.231802463999880537e+01
1.262901494359926247e+01
1.312257936740295072e+01
1.371789527221783977e+01
1.434811935897295854e+01
1.496117368576624962e+01
1.552816129554922675e+01
1.602651893120345861e+01
1.644830018740599797e+01
1.679629344739112895e+01
1.708035700185015315e+01
1.730674990072028052e+01
1.585375595989777864e+01
1.626468601114907031e+01
1.696083092095750899e+01
1.802112816840836729e+01
1.947231765374971246e+01
2.125466319019111694e+01
2.319091252493405264e+01
2.499698948312868296e+01
2.633797712738548924e+01
2.693699913817911806e+01
2.662923450195177111e+01
2.544858900565875359e+01
2.355757230881161846e+01
2.124368076794482363e+01
1.880596497887344754e+01
1.651580656174706263e+01
1.456778544139171849e+01
1.307745215500177238e+01
1.208068363442709803e+01
1.155756947924403732e+01
1.143711447307918405e+01
1.162703397191974020e+01
1.203324789413940543e+01
1.256013932105737751e+01
1.313891043830572869e+01
1.371075567808316542e+01
1.423944409649146969e+01
1.471009435861936687e+01
1.510551331015339827e+01
1.543223215917101854e+01
1.569572280070142511e+01
1.590670726482199093e+01
1.667283684098827834e+01
1.729878965600989105e+01
1.823924409517283252e+01
1.956289981476337658e+01
2.128657165621503466e+01
2.334135112309298776e+01
2.551913001683739779e+01
2.750838628112034456e+01
2.894591109413934049e+01
2.951743667773422786e+01
2.905567809224571008e+01
2.758449648715191671e+01
2.530408885711482725e+01
2.253824002485770706e+01
1.963067790570206483e+01
1.689036010938153254e+01
1.454522588956225349e+01
1.272397476978214037e+01
1.146494657446803700e+01
1.074405276040942248e+01
1.047924332551265181e+01
1.056690407989096947e+01
1.089819261761697966e+01
1.137085567020623422e+01
1.190810427642312774e+01
1.244633659328124864e+01
1.294818030333170533e+01
1.338927929646494874e+01
1.376451517626416532e+01
1.407284271921237462e+01
1.431841946344021999e+01
1.451544545678881093e+01
1.760438033042608552e+01
1.841255672794540743e+01
1.955042566652680947e+01
2.108915504294767018e+01
2.304420767863878083e+01
2.531307267359826696e+01
2.768501481027903566e+01
2.981557552366663444e+01
3.130232462571232332e+01
3.181034327232756453e+01
3.116921678011692265e+01
2.939488483999381430e+01
2.672604130357604291e+01
2.351597589549580647e+01
2.015434512613856199e+01
1.699976914359400482e+01
1.429426014847230597e+01
1.218791705026312755e+01
1.072050296280193749e+01
9.854344622250803098e+00
9.497361137848484347e+00
9.530583006752680220e+00
9.832870112459756839e+00
1.029085462546063745e+01
1.081769171230666693e+01
1.134962825424739563e+01
1.183906088947261637e+01
1.227478893765225010e+01
1.263975546126839866e+01
1.293781441216843930e+01
1.317542570581141526e+01
1.336250890753093046e+01
1.859680390007522988e+01
1.954922662114555010e+01
2.085144119308783672e+01
2.256923483519733864e+01
2.469895580310707928e+01
2.714143779373976528e+01
2.965306397894654467e+01
3.187390265490690311e+01
3.337465266933131147e+01
3.379662921289610722e+01
3.295413004985423555e+01
3.087913095959376264e+01
2.782654108212835098e+01
2.419923782817415159e+01
2.043089517986568282e+01
1.691105393887728425e+01
1.391269072550856301e+01
1.159350259109642423e+01
9.993003051543615456e+00
9.059785292470056817e+00
8.685961289012528397e+00
8.735994921782317846e+00
9.069548182710578388e+00
9.565974583646680074e+00
1.012671748902210034e+01
1.068873331747949251e+01
1.120376106620092393e+01
1.165114649491374976e+01
1.202532675434457765e+01
1.232707330154982195e+01
1.256759977830385111e+01
1.275157136205019803e+01
1.966827210444183649e+01
2.075345210750903036e+01
2.218704518445668228e+01
2.404201396664208801e+01
2.631525700320744221e+01
2.888679373136272588e+01
3.149889273940653922e+01
3.376758777689118318e+01
3.524998852886545109e+01
3.556717897561416208e+01
3.451626828118847357e+01
3.214918136348104838e+01
2.874686062143463872e+01
2.474572968675970230e+01
2.062701076448866289e+01
1.681268936378656065e+01
1.360261707733399028e+01
1.115958990531292194e+01
9.516783112985244486e+00
8.606012446287065742e+00
8.300518170920048178e+00
8.442114299883350270e+00
8.876126617965693910e+00
9.468438202601470621e+00
1.011334385887625942e+01
1.074494610334387623e+01
1.131143983178405499e+01
1.180145739728377841e+01
1.220118531088569469e+01
1.252225462227596964e+01
1.277269846522782970e+01
1.296136054117145697e+01
2.094026552218787884e+01
2.210505610350579886e+01
2.364514021657839749e+01
2.561166254947053744e+01
2.798889462570156539e+01
3.064815521853378044e+01
3.332412885199133257e+01
3.560241106648926745e+01
3.703788989627677353e+01
3.722906332367329441e+01
3.597815186243003183e+01
3.334376720649854065e+01
2.963210069863969309e+01
2.531703177390717840e+01
2.091790280801872726e+01
1.689609440142059071e+01
1.356496863697089239e+01
1.108853556720886679e+01
9.492838928997406001e+00
8.691929752347457239e+00
8.533262346789141972e+00
8.839316798419242005e+00
9.438875540651320506e+00
1.017904429693690638e+01
1.095400572137600648e+01
1.168649086248316493e+01
1.233723591256153362e+01
1.288633481226746014e+01
1.332989043122704054e+01
1.368072575514897338e+01
1.395038623973947622e+01
1.415292339849738568e+01
2.244391335416009881e+01
2.368482090278688901e+01
2.530285713301591244e+01
2.734870529715019671e+01
2.979322262010426670e+01
3.249415854278013427e+01
3.518028583902209760e+01
3.743418419467746361e+01
3.879186671482607096e+01
3.885579502701800436e+01
3.741428246544541736e+01
3.454485537574588960e+01
3.057781042750543676e+01
2.601543091347136283e+01
2.142152436808686389e+01
1.727235372693873572e+01
1.390441931946718945e+01
1.148074878429537193e+01
1.001369680777656157e+01
9.396245359214875137e+00
9.453758614300795671e+00
9.982199953003286552e+00
1.079115745617919941e+01
1.172286663107178306e+01
1.265955481724735421e+01
1.352092060404136653e+01
1.427406356262821063e+01
1.489446582364372951e+01
1.539442110290696064e+01
1.578318998813055174e+01
1.607930541339369057e+01
1.629827558826921319e+01
2.422831012179825905e+01
2.551938448627185707e+01
2.718526626449762418e+01
2.926601291939095262e+01
3.172649322486219958e+01
3.442124914167915506e+01
3.706495463729513062e+01
3.924656814056895371e+01
4.050071478970324534e+01
4.042305533145936636e+01
3.881861785953065436e+01
3.575331731905620813e+01
3.159485653847784903e+01
2.686402203478495920e+01
2.215289970987807067e+01
1.795689816983003340e+01
1.462775902158033503e+01
1.232622792373865295e+01
1.105108120359643387e+01
1.066964739162114206e+01
1.098493294130341624e+01
1.177184766847352115e+01
1.282433287256042931e+01
1.396997504716235561e+01
1.508362284704706013e+01
1.609141770707358177e+01
1.695104213860639319e+01
1.765721489545905243e+01
1.821673520050771344e+01
1.864744899563125458e+01
1.897404600713600686e+01
1.921181887897321872e+01
2.626121717274331502e+01
2.756720215004103380e+01
2.923947080249321218e+01
3.130732455110818080e+01
3.372854765682111378e+01
3.635523103221424179e+01
3.890309634505002379e+01
4.096634249084113577e+01
4.208865048393866459e+01
4.187113627570305852e+01
4.012128820614826452e+01
3.691112669617132269e+01
3.262550138025073210e+01
2.779618495299595082e+01
2.304132370653076123e+01
1.886847778863090141e+01
1.564231506885064071e+01
1.351530138348292098e+01
1.246707908209027948e+01
1.235359699091339358e+01
1.295119014362436793e+01
1.401538768714995697e+01
1.531434944477483739e+01
1.667871395125564149e+01
1.797720591031631443e+01
1.912534060699309180e+01
2.009736251176978428e+01
2.089138706968270398e+01
2.150761601328439454e+01
2.198030482868393776e+01
2.233403385905518590e+01
2.259095568998373338e+01
2.843929485079087982e+01
2.972400958983032382e+01
3.135440113590328082e+01
3.335863820334064656e+01
3.568529144786873530e+01
3.818327499726719054e+01
4.057827907950267132e+01
4.248206664000968402e+01
4.344512005534427601e+01
4.308693785499897899e+01
4.121377872400969267e+01
3.791772403545115111e+01
3.356550029860984807e+01
2.871125530117488012e+01
2.397972976422427038e+01
1.989388747561874382e+01
1.681277058121684576e+01
1.488590548165434058e+01
1.408919507729767062e+01
1.425102911675491768e+01
1.512487639419108554e+01
1.645662678539630619e+01
1.800489735045515260e+01
1.957588663636724036e+01
2.104763316540356399e+01
2.233636706439555297e+01
2.341502071860395162e+01
2.427934650158198693e+01
2.495477853791117084e+01
2.546399669919764364e+01
2.584272037624117502e+01
2.611714731366932440e+01
3.062607708322904188e+01
3.184831327425165171e+01
3.339682192276315220e+01
3.528337494962376297e+01
3.746052708026660127e+01
3.977677385581324643e+01
4.197495828322229272e+01
4.367946683536584374e+01
4.447068458058635798e+01
4.397402381512920044e+01
4.201261332062497900e+01
3.867120640619280181e+01
3.431638856182581065e+01
2.950254994624527072e+01
2.485156533432185100e+01
2.089495850428402690e+01
1.798990310945836057e+01
1.628378517381763047e+01
1.573545260586185712e+01
1.616358136697919790e+01
1.730860803912174362e+01
1.888856898584363009e+01
2.066173120387664852e+01
2.242417417456615425e+01
2.404993475623307120e+01
2.546353685359802910e+01
2.663009861706223091e+01
2.756486993865808088e+01
2.828545792788558089e+01
2.883142490751416176e+01
2.922885420004998736e+01
2.951688652581385952e+01
