5.040906593894225551e+01
5.064022583012475565e+01
5.087876798296273506e+01
5.111338025228972270e+01
5.136045466817161298e+01
5.166172725903370377e+01
5.203354978129216590e+01
5.251824351592853901e+01
5.310217108441011646e+01
5.380238590031880364e+01
5.458136148734633508e+01
5.540651132947065349e+01
5.625291325133284204e+01
5.708299674119955824e+01
5.786319837394096766e+01
5.856548226034697535e+01
5.919103052382754271e+01
5.971998138491667163e+01
6.017159586296429552e+01
6.055489309949197718e+01
6.086396141866462273e+01
6.112139355333501101e+01
6.133696596859752503e+01
6.151372124938942676e+01
6.165015929040362863e+01
6.176641858032484578e+01
6.185614676658399702e+01
6.193947198426709377e+01
6.199935329550738317e+01
6.204452926262861467e+01
6.208197507126346437e+01
6.211244793053160151e+01
4.918777169256596693e+01
4.947437781667601797e+01
4.976347806658488082e+01
5.008492131472031161e+01
5.044476770140881428e+01
5.089179372235698651e+01
5.144591380345898557e+01
5.214237115819030066e+01
5.297443526647262502e+01
5.392479705711342319e+01
5.496897735151271291e+01
5.606942933686329411e+01
5.716706717536502680e+01
5.824212715080645353e+01
5.923835944979838075e+01
6.014291171833124849e+01
6.093015616640114729e+01
6.160495839365105297e+01
6.217655394523763590e+01
6.264397443563241552e+01
6.302829570428331607e+01
6.334441485808941508e+01
6.360663594189545478e+01
6.380774964393164339e+01
6.397657497451485398e+01
6.410972528331438980e+01
6.422326746065807868e+01
6.431145509886012235e+01
6.437992674753182598e+01
6.443588258966705951e+01
6.447857267103400147e+01
6.451664830191782585e+01
4.780732721510899097e+01
4.807440427273209593e+01
4.836683260633277115e+01
4.871456417986252774e+01
4.913566024491962736e+01
4.967846598056756591e+01
5.038072136535512158e+01
5.125586442633225914e+01
5.229098655979421295e+01
5.347980216175666612e+01
5.477146725743038047e+01
5.610508723067427894e+01
5.743835168048201467e+01
5.871843806321383141e+01
5.990306191631801624e+01
6.096096435812324188e+01
6.187710322720150913e+01
6.265231631953000857e+01
6.330198082516587021e+01
6.382633501296083978e+01
6.425346228836788498e+01
6.459590844079383487e+01
6.486802926027148430e+01
6.508239760838384314e+01
6.524975558281205679e+01
6.538845336219293358e+01
6.549869257265592637e+01
6.558964532502704969e+01
6.565316271466802789e+01
6.571352111091437109e+01
6.575751491625595690e+01
6.579043273258393754e+01
4.637599444910688362e+01
4.655146900356682238e+01
4.678582249304320584e+01
4.707479660463835813e+01
4.747564828610851606e+01
4.804643072344447319e+01
4.881178297217807938e+01
4.980063653846887206e+01
5.098068966740239460e+01
5.232784012034584009e+01
5.377465811014618424e+01
5.526899007655379137e+01
5.674417499307723034e+01
5.813912072086348815e+01
5.941971917874904108e+01
6.054574842784434452e+01
6.150906795371469826e+01
6.230990226208997029e+01
6.295059000330713417e+01
6.346410027018468014e+01
6.387077980375052988e+01
6.418341730916795029e+01
6.442043294699573153e+01
6.460731665078259311e+01
6.474788355989102229e+01
6.485727894943249794e+01
6.494183655218864715e+01
6.500713521498660441e+01
6.506080919583867228e+01
6.510409620410305820e+01
6.514267157466932190e+01
6.516638502690196333e+01
4.498222112269468198e+01
4.500911022041980658e+01
4.508683787402586063e+01
4.523470868663284961e+01
4.552011250382688701e+01
4.600939584880669742e+01
4.673671400008155530e+01
4.771498132248133572e+01
4.892963151550856793e+01
5.031725868702842064e+01
5.180133683875583728e+01
5.332142203958618154e+01
5.479454752041119292e+01
5.617648898785100897e+01
5.740999725827742139e+01
5.846863825200021836e+01
5.934719155312259886e+01
6.004940152513317742e+01
6.059225211573733816e+01
6.100057149597306250e+01
6.129585943765096800e+01
6.150315009524432952e+01
6.165327519825923730e+01
6.174695525551565822e+01
6.181929486340813895e+01
6.186448494218885230e+01
6.189930009192338645e+01
6.192652191275799822e+01
6.194425503388956145e+01
6.195861485725587414e+01
6.197450771809168657e+01
6.198569724291307637e+01
4.372058160537547167e+01
4.353599404710590903e+01
4.337894103516001110e+01
4.328937906119944756e+01
4.334473906576723579e+01
4.362291376032601420e+01
4.418664692369426206e+01
4.502928715983757968e+01
4.613066770840220698e+01
4.740849204589616761e+01
4.878578243893276323e+01
5.017057046367001050e+01
5.148795385629549770e+01
5.268551955425500921e+01
5.371750708619432402e+01
5.456469366329925919e+01
5.522012375757815050e+01
5.570268193460588435e+01
5.603283405417603547e+01
5.623975366573971968e+01
5.635046363289395543e+01
5.638834505689563059e+01
5.639247151494173949e+01
5.636168867029476104e+01
5.632340584954646800e+01
5.628037978663417817e+01
5.623758025910252911e+01
5.620518875630254740e+01
5.617507780009790253e+01
5.614901482043077152e+01
5.613153939019276351e+01
5.612007589123229678e+01
4.265410780535521695e+01
4.220045138281084718e+01
4.172578390661751513e+01
4.130389335783526406e+01
4.101790419366594165e+01
4.097396042368318092e+01
4.122914191406520956e+01
4.181270245946405595e+01
4.267309368632064803e+01
4.371715994596540611e+01
4.485139137742491755e+01
4.597177770693597409e+01
4.699997101780607522e+01
4.788487746221748864e+01
4.859419968524726130e+01
4.911185346885515202e+01
4.945329020068074044e+01
4.963673064396098766e+01
4.968410119055988616e+01
4.963126102326771161e+01
4.951368493169532314e+01
4.935623121383697764e+01
4.918161495767810720e+01
4.901111722037368423e+01
4.885485502456255347e+01
4.870936476287579353e+01
4.859041257244891909e+01
4.848907366281137143e+01
4.840550436735404816e+01
4.834155051558267502e+01
4.829235852613987845e+01
4.825160550620647371e+01
4.177160822218661451e+01
4.099433193263835307e+01
4.015168247095421350e+01
3.931065667055772650e+01
3.859120846912458802e+01
3.811399336988201014e+01
3.796962598123528920e+01
3.818897148696644450e+01
3.871791600786766452e+01
3.945725084894345258e+01
4.028100803289211029e+01
4.107349078996615788e+01
4.175567377261759106e+01
4.228539564569029352e+01
4.262836637492383574e+01
4.279568596221656662e+01
4.280281769232837519e+01
4.267716316439555158e+01
4.245089385290346229e+01
4.215921566404576026e+01
4.183553805763590816e+01
4.150368595299416086e+01
4.118761629913157662e+01
4.089777841650440138e+01
4.064771529665792116e+01
4.042611978352301350e+01
4.024545636687938099e+01
4.009794381342240399e+01
3.998055671506190123e+01
3.988459557353594676e+01
3.980838742244156236e+01
3.975113045704258496e+01
4.098015094509921141e+01
3.984756588899908536e+01
3.857700841158177241e+01
3.726728404350215840e+01
3.605575399253624624e+01
3.507883855056324762e+01
3.447324091947197644e+01
3.427763030786368148e+01
3.445286986504296323e+01
3.487394775515166856e+01
3.539720185538885744e+01
3.589629017229378150e+01
3.627212270663589067e+01
3.648914446783594201e+01
3.653719089254578023e+01
3.642119088412383121e+01
3.617308956709578638e+01
3.582478179854844313e+01
3.541432381980440880e+01
3.497317005792677236e+01
3.453172868396381290e+01
3.411328436484039628e+01
3.373354180591714879e+01
3.340229520663383767e+01
3.311734615940949311e+01
3.288033373164184781e+01
3.268865792157704675e+01
3.253361980061553282e+01
3.240626820046976064e+01
3.231300345457851364e+01
3.223686664201470364e+01
3.217721585242453841e+01
4.013334088592143445e+01
3.862857373625443103e+01
3.692175532611536681e+01
3.511025714025433331e+01
3.335451148819056044e+01
3.186567079595417695e+01
3.078197976142383041e+01
3.018675390149101290e+01
3.003933486639169814e+01
3.020318261355518885e+01
3.051512616670582645e+01
3.081834802648989324e+01
3.101087427197479940e+01
3.104808385036749740e+01
3.092450895169979574e+01
3.066787844471845048e+01
3.030633825884448385e+01
2.988117280319343294e+01
2.942774663821306902e+01
2.897886431478967495e+01
2.855629614779881820e+01
2.817417339702357282e+01
2.784647618578203776e+01
2.757053593647607670e+01
2.734646751277659149e+01
2.716632347005268144e+01
2.702539407857813458e+01
2.691493955361452706e+01
2.683164353825357296e+01
2.676715842176512439e+01
2.672121267785194831e+01
2.668272443404105232e+01
3.910969897321959365e+01
3.723036147146237340e+01
3.507831801515535375e+01
3.277552591735099696e+01
3.050519756023803808e+01
2.851216065507316699e+01
2.699907677098193659e+01
2.606250720250571007e+01
2.567698280929559829e+01
2.569700618023979644e+01
2.592345632330431826e+01
2.617602139749604717e+01
2.633202620537738170e+01
2.634240775036817439e+01
2.620850706124186047e+01
2.595832469789487718e+01
2.564180892346945129e+01
2.529317324849210635e+01
2.494713670872639710e+01
2.463365087920810481e+01
2.436525105641180389e+01
2.414884478311421745e+01
2.398373553747213194e+01
2.386833456926684605e+01
2.378902663825716246e+01
2.373795709042498103e+01
2.371022959698575150e+01
2.369971889098561491e+01
2.369712271835884110e+01
2.370135671438085723e+01
2.370903926843690002e+01
2.371710275887293307e+01
3.783011113118788415e+01
3.560502770337898681e+01
3.305029485535449396e+01
3.029608693131590869e+01
2.756721839575822486e+01
2.514532638065531245e+01
2.327838063157657089e+01
2.211130923421258743e+01
2.161376393141626195e+01
2.162300827724049768e+01
2.190945344929473038e+01
2.225097746785461084e+01
2.250715448192719847e+01
2.262018155298913058e+01
2.259598662526990864e+01
2.247690855799138276e+01
2.231181396862158195e+01
2.215253271159601667e+01
2.202246277314457146e+01
2.195236224856755669e+01
2.193526063779120960e+01
2.197295805048170436e+01
2.205699611291432660e+01
2.217110858043301036e+01
2.230099264732353603e+01
2.243789801826396513e+01
2.256724307697213661e+01
2.268996034986514587e+01
2.279858255020970148e+01
2.289124405039342491e+01
2.297359866482539204e+01
2.304112016908646510e+01
3.628821446678891505e+01
3.376500550634273878e+01
3.088154315596681343e+01
2.776257195892668150e+01
2.467493759184582203e+01
2.193855594155774824e+01
1.985707562640813606e+01
1.858915383578602132e+01
1.812025017679570027e+01
1.825567870139393989e+01
1.871700547929178171e+01
1.925104459441909199e+01
1.968767513904280619e+01
1.996388070896887967e+01
2.009841580800032901e+01
2.014754036834539974e+01
2.017798141387629940e+01
2.024134143379529860e+01
2.037255522542589148e+01
2.058089846707082415e+01
2.086090418969055449e+01
2.119445115828632709e+01
2.156117630543486285e+01
2.193704575290703573e+01
2.230654724935941147e+01
2.264950335811690962e+01
2.295538413549200385e+01
2.322566571041537387e+01
2.345678462972831113e+01
2.365139598187255743e+01
2.381030291966535017e+01
2.394018312123115066e+01
3.446488685796251161e+01
3.173440219218277392e+01
2.862111046861740604e+01
2.527540714466941907e+01
2.197132208099067086e+01
1.907862057588236837e+01
1.693339514192778950e+01
1.572436117947760259e+01
1.541965514581437269e+01
1.578635219565663483e+01
1.650039237088260435e+01
1.725748154285519576e+01
1.786913992531475159e+01
1.827750402637549243e+01
1.852219482605769585e+01
1.869244630437044208e+01
1.886749902659523670e+01
1.911599801101097285e+01
1.946803162816031119e+01
1.993080512616053213e+01
2.048509007928539560e+01
2.109875404586861336e+01
2.173765158659530528e+01
2.236841879776557462e+01
2.296653997239677736e+01
2.350805010442334364e+01
2.398809993658824880e+01
2.439886963437966472e+01
2.474461023301251217e+01
2.503248378420382636e+01
2.526224908052175522e+01
2.545060537250881083e+01
3.238419415855042161e+01
2.955546899693304042e+01
2.634829101984744781e+01
2.291434137403038207e+01
1.956618133394409398e+01
1.670050642970005228e+01
1.467173578126184097e+01
1.367245398433260739e+01
1.365032189315197364e+01
1.431544005062616698e+01
1.528281331339585947e+01
1.621060818489102218e+01
1.690254305953234137e+01
1.731640932029878144e+01
1.753642101604794945e+01
1.768814315421346706e+01
1.788064848979398747e+01
1.820397794564388860e+01
1.868523388792317164e+01
1.932396513983747610e+01
2.008455943628882423e+01
2.092493831853294139e+01
2.178663307535038030e+01
2.263322840305061234e+01
2.342432370439239619e+01
2.413617564433013385e+01
2.475844911906682455e+01
2.529181533409844818e+01
2.573174970053751309e+01
2.609543145605936942e+01
2.638516960783713472e+01
2.661559013268836438e+01
3.006128913440414863e+01
2.725291271838626628e+01
2.409428803982943990e+01
2.075167161333122579e+01
1.755374105447754118e+01
1.490316131266400568e+01
1.316862662010086815e+01
1.252846025996714552e+01
1.287589307201480615e+01
1.386217991892855039e+01
1.503256284657548925e+01
1.601207784007021218e+01
1.660759602802239954e+01
1.683020537532254579e+01
1.682238536229350245e+01
1.676329136652787355e+01
1.680508074287709519e+01
1.705490918195678418e+01
1.753732189360652782e+01
1.824597355262657317e+01
1.912531939644992107e+01
2.010862541819196991e+01
2.113224057819346413e+01
2.213526010617931306e+01
2.307178242382832778e+01
2.391393181868073015e+01
2.464940662581272690e+01
2.527223529716951234e+01
2.578450049890691531e+01
2.620120695336388650e+01
2.653587322851708308e+01
2.679628688100710221e+01
2.757778328866890405e+01
2.491262749266867971e+01
2.194635479506980857e+01
1.886900285077892292e+01
1.600783373881944627e+01
1.377136781179281932e+01
1.250978071722288831e+01
1.236007918408339101e+01
1.314933520055770444e+01
1.444726465269506299e+01
1.573184599818464946e+01
1.661269282575208450e+01
1.691712385933926299e+01
1.673352934885943455e+01
1.627971143417710209e+01
1.581309123795393745e+01
1.553229622884656003e+01
1.555924022196940548e+01
1.592217221665768534e+01
1.659681956143950643e+01
1.750469811854744862e+01
1.856213311993318626e+01
1.967930646902243552e+01
2.078602543554223914e+01
2.182099071008520497e+01
2.275471308901250822e+01
2.356985381045372918e+01
2.425522270119378376e+01
2.481984047812654381e+01
2.527700205732056915e+01
2.563997862313523157e+01
2.592337751775091448e+01
2.505394333796003892e+01
2.265020927193546285e+01
2.002371471175930040e+01
1.737563627855036330e+01
1.503649615060755096e+01
1.339873752756317593e+01
1.277324212962215100e+01
1.323266301649781873e+01
1.452029485581800294e+01
1.611514192335613771e+01
1.743714470101588176e+01
1.807304185189235213e+01
1.791236851244388717e+01
1.713379157117535456e+01
1.606147043211408842e+01
1.502888608801641723e+01
1.429450761701067840e+01
1.399188569453465547e+01
1.414416493262395846e+01
1.471035402600552366e+01
1.558668959983737601e+01
1.666049839392956500e+01
1.782659483794596156e+01
1.899266168901743868e+01
2.009717168777725149e+01
2.109568679747775377e+01
2.196243366186065415e+01
2.269607789618244453e+01
2.329983780284920769e+01
2.378481896250767491e+01
2.416751501613272879e+01
2.446866229800376047e+01
2.268854757512137965e+01
2.064592472040775917e+01
1.848706338408730332e+01
1.641406066240708483e+01
1.475523444749824620e+01
1.387176989274512451e+01
1.401956560306942912e+01
1.518690919979477094e+01
1.701246040120433634e+01
1.888369244391117618e+01
2.017159248330159826e+01
2.046104379002639106e+01
1.972331510196903182e+01
1.822714885868098733e+01
1.641994716134193766e+01
1.473940713270412672e+01
1.347721482059261611e+01
1.278862824999503545e+01
1.269337397929086286e+01
1.311176299303137860e+01
1.392181306555554698e+01
1.498379838803441011e+01
1.617112459572335936e+01
1.737949474199786337e+01
1.852826932780618208e+01
1.957216978169548227e+01
2.048009030348275061e+01
2.125065426045404848e+01
2.188501926346929594e+01
2.239491568220445572e+01
2.279719611255294254e+01
2.311294413663320313e+01
2.071220497204458511e+01
1.912182950164861595e+01
1.752200160257300610e+01
1.613570470043975646e+01
1.527466684668905472e+01
1.525429161998651040e+01
1.625907120600453126e+01
1.818055262635361657e+01
2.055698794957924136e+01
2.268068166609371161e+01
2.387333483384087529e+01
2.375434233726793209e+01
2.235808874864880025e+01
2.009833954192777483e+01
1.752505455536273260e+01
1.516688831361371292e+01
1.336793402572948430e+01
1.228970566793200625e+01
1.193807698893435010e+01
1.220554711144495919e+01
1.294253286729747821e+01
1.398542981497406501e+01
1.517864075330874840e+01
1.641419776583656187e+01
1.759647114509847299e+01
1.867769953053971932e+01
1.962166540657052494e+01
2.042295991225073593e+01
2.108355894894231852e+01
2.161282616240979593e+01
2.203512407555998109e+01
2.235894657019703757e+01
1.934286866341246025e+01
1.829008031840882254e+01
1.730958750716952110e+01
1.667066429978271103e+01
1.665832007879113519e+01
1.753854231197483671e+01
1.941299355541224259e+01
2.207531917054583559e+01
2.496012126912377838e+01
2.727962528574164480e+01
2.832861490414791206e+01
2.775431646224298987e+01
2.569472094023551278e+01
2.266038601575515443e+01
1.934128762128353785e+01
1.633497869135823777e+01
1.403142431986561434e+01
1.259872595263479944e+01
1.201528401175244731e+01
1.215138224159860592e+01
1.282335826038709037e+01
1.384340785039518096e+01
1.504524025371519080e+01
1.629675346274651915e+01
1.750660908250169356e+01
1.861668167182671141e+01
1.958615996790813085e+01
2.041439070129546351e+01
2.109401793327722174e+01
2.164369377347263068e+01
2.207860147900236214e+01
2.241714395664562787e+01
1.890987673403136782e+01
1.832147199357825684e+01
1.797144879611608559e+01
1.807531285504179408e+01
1.889289553943218181e+01
2.062970922826872666e+01
2.331312757781832801e+01
2.662310781924337988e+01
2.992020621008947856e+01
3.235337324542472004e+01
3.320299575610273735e+01
3.216023971771166856e+01
2.944636822422637579e+01
2.570624483185150666e+01
2.170299735457011892e+01
1.813090565261497744e+01
1.539966490441392466e+01
1.367035299414924232e+01
1.290559443704381692e+01
1.294120793366339051e+01
1.356813049153722872e+01
1.457984194467395689e+01
1.579297212202771483e+01
1.706374830997656034e+01
1.829678828030608884e+01
1.942714543956391893e+01
2.042090720046270746e+01
2.126723987020323037e+01
2.196265162139621197e+01
2.252407009088413403e+01
2.297110883873949660e+01
2.331811871478618059e+01
1.936428558785617327e+01
1.927345504630332229e+01
1.951542601159722778e+01
2.030638265943444409e+01
2.186801918163580183e+01
2.434960339118192962e+01
2.769439818419567345e+01
3.151038813275756567e+01
3.508601874077679383e+01
3.754215024372975051e+01
3.814168598771757956e+01
3.664428396527598153e+01
3.335447661786844975e+01
2.898610000115381524e+01
2.443335903876841186e+01
2.040926210353933357e+01
1.735679613410895783e+01
1.542461834382045360e+01
1.454976122221156665e+01
1.453939597985027632e+01
1.516172374355686436e+01
1.618612616264971038e+01
1.742083919569300932e+01
1.872049252841894429e+01
1.997755142061423328e+01
2.113123045087514029e+01
2.214663782257404989e+01
2.300532185269694097e+01
2.371667725356381595e+01
2.429363443860639293e+01
2.474570636862040729e+01
2.509934882260258959e+01
2.073421267692868497e+01
2.108817769777729012e+01
2.185310796826458812e+01
2.322372887290400456e+01
2.539477217593784175e+01
2.845132179000252393e+01
3.227140026811272833e+01
3.641036983592707088e+01
4.011451469079417365e+01
4.248962202547092915e+01
4.283310564057342162e+01
4.092427331652615408e+01
3.716083066344597086e+01
3.233502053556934897e+01
2.737811431058948486e+01
2.305563977492146321e+01
1.981703854090744699e+01
1.779809239422438694e+01
1.690365181159090824e+01
1.691751250999485734e+01
1.758350668759942081e+01
1.865930818704010008e+01
1.994084239222576471e+01
2.128466847017746488e+01
2.258057425482187597e+01
2.376250698698427399e+01
2.479921107349046139e+01
2.568185586099517792e+01
2.640740806797980511e+01
2.698970450001237253e+01
2.745387241949914880e+01
2.781180604437811610e+01
2.289521198301120819e+01
2.362716485516270737e+01
2.482043531496291067e+01
2.664245440086049399e+01
2.925200184336587483e+01
3.268825285179920570e+01
3.678116039375227331e+01
4.105132356212762090e+01
4.473848802963439653e+01
4.695695463968548466e+01
4.704070588575130074e+01
4.480647831102714918e+01
4.071403911176553692e+01
3.558667624751651459e+01
3.041805551234372018e+01
2.596641948800334987e+01
2.269671739561333368e+01
2.071628524325557663e+01
1.989911166090636740e+01
2.001399797795570734e+01
2.078114202920018272e+01
2.194971428185770534e+01
2.331157415942313449e+01
2.471612762667119156e+01
2.606509712277714286e+01
2.728653553990176306e+01
2.835618450880926034e+01
2.926285410908420559e+01
3.000555341258916897e+01
3.060232926041272705e+01
3.107502428208858092e+01
3.143957440203333320e+01
2.568984709186798199e+01
2.671962547959594403e+01
2.822701725469300271e+01
3.036167147893142726e+01
3.323568653615073742e+01
3.684767059860237737e+01
4.100507632420818283e+01
4.522879142137403363e+01
4.875735072975692219e+01
5.076625572009975684e+01
5.060766287597703439e+01
4.817183723535451634e+01
4.389855569160376803e+01
3.866154672233177791e+01
3.346170433550941681e+01
2.906309692435708669e+01
2.590007333648848942e+01
2.406303659439610954e+01
2.341642545084194893e+01
2.369631835946173837e+01
2.461192809899269918e+01
2.590947990162378289e+01
2.737450649430780913e+01
2.886356254518887354e+01
3.027582215459597137e+01
3.154973807425541210e+01
3.265827618985649394e+01
3.358886640326276307e+01
3.435378440687085799e+01
3.496817364903111525e+01
3.544836546102752806e+01
3.581874248668398053e+01
2.894698303112016902e+01
3.018366200890637785e+01
3.189490040543991256e+01
3.419484000750158970e+01
3.716253704917845369e+01
4.076938794118574805e+01
4.481127195636005212e+01
4.882076872947483537e+01
5.210283760212583815e+01
5.385381572972262632e+01
5.350807965995908688e+01
5.095475217684818858e+01
4.666380011010848250e+01
4.150043464828036122e+01
3.643532183426397353e+01
3.223345299292557797e+01
2.929526451199395254e+01
2.770043340799669807e+01
2.728261165851255043e+01
2.777018988375264641e+01
2.886821728297881506e+01
3.031037358968203321e+01
3.189576451155281589e+01
3.347520921484883161e+01
3.495564651919855947e+01
3.628141954178252604e+01
3.742531379644027822e+01
3.838594523009547999e+01
3.917051687383754910e+01
3.980068097891433609e+01
4.029043842899114480e+01
4.066593066595893191e+01
