3.003670884315604894e+01
2.997626814506701720e+01
2.987496871512740171e+01
2.973813069405991172e+01
2.958340662345293026e+01
2.943173139227751989e+01
2.930158602658582723e+01
2.920664375281800318e+01
2.914897481547045999e+01
2.912596413425445618e+01
2.913202266684116992e+01
2.915713498172155127e+01
2.919402000315271550e+01
2.923949255814914139e+01
2.928822068291304603e+01
2.933731493113885236e+01
2.938668039170599400e+01
2.943293969521247533e+01
2.947560535754352884e+01
2.951523200450635187e+01
2.954943359371525702e+01
2.957875065032775552e+01
2.960468670405634839e+01
2.962576885113202252e+01
2.964293427043662277e+01
2.965741274960855023e+01
2.966901948161961045e+01
2.967895039760984233e+01
2.968679315829350429e+01
2.969232898750790994e+01
2.969771534018328651e+01
2.970082932084127592e+01
3.007993637366895001e+01
3.001827044101980846e+01
2.991442240761718097e+01
2.977624269729407303e+01
2.962468163101653218e+01
2.948171800022594269e+01
2.936939654493613006e+01
2.930211591289030437e+01
2.928054012712384946e+01
2.929961492861473715e+01
2.934951013027194477e+01
2.941903822742332864e+01
2.950148415681763225e+01
2.959000242385926072e+01
2.968062180091950708e+01
2.976926028127325452e+01
2.985460061414857691e+01
2.993345926455201322e+01
3.000550239757746951e+01
3.006871884163322761e+01
3.012403130488592140e+01
3.017037638655236265e+01
3.020951533012249968e+01
3.024064229878219834e+01
3.026834306848333256e+01
3.028835375349641978e+01
3.030535687462487715e+01
3.031960665541537381e+01
3.033022061521768720e+01
3.033861067491813301e+01
3.034599762240064535e+01
3.035106454208900573e+01
3.011269621756028414e+01
3.005044115127040527e+01
2.994691573432967857e+01
2.981258310218068885e+01
2.966828858158604731e+01
2.954346587375784949e+01
2.946120442904194903e+01
2.943506399368908788e+01
2.946454473813455266e+01
2.954200562361232585e+01
2.965416230460677127e+01
2.978724087497044337e+01
2.993122310098852523e+01
3.007908134060531324e+01
3.022633985296259596e+01
3.036691259926757525e+01
3.049910982105757995e+01
3.062015923442922372e+01
3.072764644129561162e+01
3.082201394883478329e+01
3.090148215707182189e+01
3.096835202103790508e+01
3.102382612363838632e+01
3.106892955617747631e+01
3.110493738759248572e+01
3.113409481353556529e+01
3.115592459619105270e+01
3.117558429682288335e+01
3.118936470718358578e+01
3.120101390389535823e+01
3.120988688051958704e+01
3.121695274578518564e+01
3.012823160528221322e+01
3.006480284823663496e+01
2.996250177955155891e+01
2.983129623513922724e+01
2.970058143183324972e+01
2.960090481754764369e+01
2.955911592916694630e+01
2.958886772102905027e+01
2.968804382999058689e+01
2.984248925908782013e+01
3.003504957098991923e+01
3.025008438372952568e+01
3.047457792193819515e+01
3.069856169488700814e+01
3.091655992396737673e+01
3.112326750080827154e+01
3.131317917023244135e+01
3.148425890058669196e+01
3.163467155221082194e+01
3.176273994465440609e+01
3.187138070452860461e+01
3.196086603010732219e+01
3.203352706737087630e+01
3.209296174066272300e+01
3.213925083543357886e+01
3.217651157507810922e+01
3.220483463349825115e+01
3.222862132118984846e+01
3.224633320417439108e+01
3.226108430507077429e+01
3.227214601529969684e+01
3.228055060065386073e+01
3.011825665686722076e+01
3.004942227927341847e+01
2.994521668010064985e+01
2.981950912636004603e+01
2.970232698063602328e+01
2.963372697826626379e+01
2.964273866210974262e+01
2.974360616343393104e+01
2.992859226276851814e+01
3.017981995539528128e+01
3.047348031912711264e+01
3.079017990956623763e+01
3.111291643860933220e+01
3.143004956431459362e+01
3.173335335807849589e+01
3.201538179239053505e+01
3.227118143229034786e+01
3.249753632751166776e+01
3.269381780800071624e+01
3.285986295664542922e+01
3.299847065002269630e+01
3.311063971549948093e+01
3.319988490132627135e+01
3.327186477158217315e+01
3.332839674570657706e+01
3.337404916997064674e+01
3.340824306324242343e+01
3.343561976684894432e+01
3.345724310790029676e+01
3.347445979590636256e+01
3.348745734207692237e+01
3.349713016316839287e+01
3.007886594438611993e+01
2.999953899821699110e+01
2.988953048308934513e+01
2.976478386081334193e+01
2.966174352705021988e+01
2.962700472019285414e+01
2.969785284582368945e+01
2.988310676221565387e+01
3.017152922810041105e+01
3.053872627238986226e+01
3.095236943648623651e+01
3.138754836654868541e+01
3.182283915830332788e+01
3.224249138888340838e+01
3.263814491513503668e+01
3.300042951641759714e+01
3.332439153217116967e+01
3.360732566935304533e+01
3.384898662653923651e+01
3.405071724853838333e+01
3.421576356936849805e+01
3.434851907627613343e+01
3.445470412729953580e+01
3.453890207728403539e+01
3.460450839446991722e+01
3.465525392570227581e+01
3.469479947252311547e+01
3.472534947733174704e+01
3.474970219961885221e+01
3.476836734012057661e+01
3.478246574194300678e+01
3.479464174480113314e+01
3.001489371608819567e+01
2.991869369355387676e+01
2.979287181320035671e+01
2.966539159647498636e+01
2.957565163529213237e+01
2.957879011153544013e+01
2.971836946862024220e+01
3.000273241197107410e+01
3.041049521083669660e+01
3.090570419350606812e+01
3.145221556399615181e+01
3.201336140480856329e+01
3.256708572842547511e+01
3.309284013942119884e+01
3.357965868994963188e+01
3.401959951136249316e+01
3.440752653336157607e+01
3.474180628846612962e+01
3.502297506102271996e+01
3.525446711004212830e+01
3.544059504037209507e+01
3.559046390776559576e+01
3.570730385311623678e+01
3.579792839653983094e+01
3.586963109697781249e+01
3.592489997096050303e+01
3.596801518938572428e+01
3.600086779259419956e+01
3.602618215730282003e+01
3.604645910323861102e+01
3.606235053026440340e+01
3.607539516613388741e+01
2.993537417763861086e+01
2.980917445168405067e+01
2.966412688876535242e+01
2.952823261405109889e+01
2.944980937245113495e+01
2.949089439229179632e+01
2.970548578142960849e+01
3.009737240680750858e+01
3.063116664705068359e+01
3.126246835794205126e+01
3.194265185198793588e+01
3.263079351273514561e+01
3.329799197037431213e+01
3.392279511814662385e+01
3.449194429784326843e+01
3.499733433967657703e+01
3.543445005549614280e+01
3.580340047783534629e+01
3.610848228453554754e+01
3.635348825562341801e+01
3.654966016509708027e+01
3.670386646891602567e+01
3.682251443585490591e+01
3.691575525864207208e+01
3.698825121770556024e+01
3.704369787933214297e+01
3.708720505647023913e+01
3.712031013399164436e+01
3.714657492174136877e+01
3.716633779467898080e+01
3.718261026366055688e+01
3.719530221209434018e+01
2.984583215444029847e+01
2.968198880551045349e+01
2.950582678965443861e+01
2.935624648354240662e+01
2.928755736922676078e+01
2.936646419673750685e+01
2.965292403576121671e+01
3.014970157692754071e+01
3.080729331940664650e+01
3.156984789395274404e+01
3.237753778983723407e+01
3.318312254264577632e+01
3.394880621117524555e+01
3.465064424633955298e+01
3.527494087699525949e+01
3.581384549386604021e+01
3.626785834635760608e+01
3.664267613799379575e+01
3.694378059485647015e+01
3.718232815960557502e+01
3.736785127438575671e+01
3.751112170157983883e+01
3.762241944449267805e+01
3.770788530514537484e+01
3.777328486833045673e+01
3.782378623310054877e+01
3.786310872251330295e+01
3.789375215347138237e+01
3.791671003494531078e+01
3.793539444105772418e+01
3.795067893939290826e+01
3.796179540966322463e+01
2.975744314590861350e+01
2.954506989714113629e+01
2.933063845297433403e+01
2.915881442834242421e+01
2.909305646438257043e+01
2.920265076478978727e+01
2.954530446399921573e+01
3.013024667698281789e+01
3.089988119232008756e+01
3.177917624917276385e+01
3.269817756498441952e+01
3.359222985958489005e+01
3.441807648553925247e+01
3.514980922521620954e+01
3.577891404383858998e+01
3.630433123114098493e+01
3.673290161001705201e+01
3.707326963846131918e+01
3.733699544031316009e+01
3.753866409967335471e+01
3.769233217856678664e+01
3.780562125196161816e+01
3.789149880466555942e+01
3.795786138023155587e+01
3.800812597418058658e+01
3.804589177446241166e+01
3.807622738708574417e+01
3.809881397810121939e+01
3.811588800160279078e+01
3.813057585059340227e+01
3.814220582969975482e+01
3.814981284736956013e+01
2.968398150882124042e+01
2.941261520751453773e+01
2.914529844593596053e+01
2.894099756496990139e+01
2.887010090106437588e+01
2.899789050384019617e+01
2.937450391170114017e+01
3.001547298845940759e+01
3.086863647267253441e+01
3.183822832773468292e+01
3.282551185979495045e+01
3.375548715640847774e+01
3.458062261290943695e+01
3.528201116443299412e+01
3.585574097369745772e+01
3.631008081882160354e+01
3.665983722692036650e+01
3.692057382111282493e+01
3.710931420364927646e+01
3.724417860638331490e+01
3.733725049828813525e+01
3.740287782868776389e+01
3.744782006478974523e+01
3.748157025225677330e+01
3.750700848879119320e+01
3.752506413792295348e+01
3.753941308993842796e+01
3.755150417784280847e+01
3.756018852192833890e+01
3.756796252025895200e+01
3.757376525911264764e+01
3.757785133959946222e+01
2.962826936685840806e+01
2.929143587412494298e+01
2.896498522698396272e+01
2.871431706089731861e+01
2.862282132041968907e+01
2.875457657746316542e+01
2.914698650352171683e+01
2.981126708277645321e+01
3.070639486327232248e+01
3.171501703833454755e+01
3.271437036691882128e+01
3.361366425945435310e+01
3.436518881870862430e+01
3.495853072200100797e+01
3.540458249725037376e+01
3.572247175143989750e+01
3.593583472369462584e+01
3.606842791954374405e+01
3.614286628904876864e+01
3.618037802949525172e+01
3.619166257685710519e+01
3.619320623839572448e+01
3.619035892711724500e+01
3.618796367979485495e+01
3.618710663801109462e+01
3.618894741245352975e+01
3.619130095332685215e+01
3.619534192946729689e+01
3.619975058925678013e+01
3.620338575244103652e+01
3.620656198496872236e+01
3.621008835270183823e+01
2.957012675836827498e+01
2.917480219878189729e+01
2.879197665822156793e+01
2.849466697567861218e+01
2.837418742518471504e+01
2.850003569811690340e+01
2.890801755740463008e+01
2.958688455400115913e+01
3.047745387130945360e+01
3.146842075161989527e+01
3.241659727632650601e+01
3.321670707940435108e+01
3.381941093649027863e+01
3.422430887447356440e+01
3.445978548723436319e+01
3.456268318396161021e+01
3.457481706145857459e+01
3.452990860942846751e+01
3.445684399773040241e+01
3.437926670475746249e+01
3.430933972501925666e+01
3.425625254092147998e+01
3.421947795010323290e+01
3.420066449980506462e+01
3.419477274626126473e+01
3.419640746642821938e+01
3.420243234474408212e+01
3.421129263305020629e+01
3.422014382474389294e+01
3.422818086978784891e+01
3.423443924898236190e+01
3.423976294805939347e+01
2.947575518071613487e+01
2.904355023818834525e+01
2.862886185170063413e+01
2.831185514503410872e+01
2.818263013785934490e+01
2.830961782864026333e+01
2.873047791543150709e+01
2.942361155913576809e+01
3.029835232082819729e+01
3.123237747314241730e+01
3.208898719904029662e+01
3.274229841769161453e+01
3.314601011582509926e+01
3.330822983218723010e+01
3.327544817364066887e+01
3.311056248886933417e+01
3.287494825397052978e+01
3.262284646004015087e+01
3.238847332740633078e+01
3.219197007316171266e+01
3.203652361764205381e+01
3.192084093691678248e+01
3.183983252691030685e+01
3.178557921190354207e+01
3.175312924310274099e+01
3.173413307087750468e+01
3.172474848686801963e+01
3.172042905086014741e+01
3.171948264670962203e+01
3.171847349688390949e+01
3.171829829591081307e+01
3.171689741506578741e+01
2.933534148595621005e+01
2.890521092115208290e+01
2.850523523560199735e+01
2.820695355892384981e+01
2.809543901679358413e+01
2.823853969516480333e+01
2.868342972007752323e+01
2.940348618615776743e+01
3.028337915633416344e+01
3.117755779231955060e+01
3.192622808200662732e+01
3.241601151210738863e+01
3.260598576338753674e+01
3.252052426322712364e+01
3.223472986175255528e+01
3.182981165633837151e+01
3.136758524816231386e+01
3.089446234589133766e+01
3.044216445279674588e+01
3.003790238918108813e+01
2.969882072072878643e+01
2.942868787933015540e+01
2.922319341361664868e+01
2.907264650807881523e+01
2.896539394598560335e+01
2.889034232494446286e+01
2.883753948548198309e+01
2.880088853950801564e+01
2.877356846545174918e+01
2.875357557899521410e+01
2.873761333901305193e+01
2.872381954442830931e+01
2.917641947352617393e+01
2.879110735659709164e+01
2.844192344522797811e+01
2.820003552664155677e+01
2.814219252827827944e+01
2.833429753236606174e+01
2.882829521610961976e+01
2.959802527762047575e+01
3.051159343154107972e+01
3.138059879076072889e+01
3.202869130997185465e+01
3.235692893008096860e+01
3.234936341509290969e+01
3.205577438029310855e+01
3.155799005953147685e+01
3.092278731932753288e+01
3.020670105732276056e+01
2.947030039037110782e+01
2.876173872853382818e+01
2.811913198815868853e+01
2.756264644407693254e+01
2.710390745881174013e+01
2.673653475220818621e+01
2.645379583909986110e+01
2.624138129313282874e+01
2.608535741289975363e+01
2.597272747088641154e+01
2.589175151782354334e+01
2.583264610909915504e+01
2.578980501108577172e+01
2.575786679140250612e+01
2.573278712488772157e+01
2.903527174418558943e+01
2.872728220543529432e+01
2.846583745996565540e+01
2.831668911429678914e+01
2.834845448946531477e+01
2.861874964541208755e+01
2.917903204058018929e+01
3.001472752332397675e+01
3.096728421057583347e+01
3.180243845032563499e+01
3.234553636802982624e+01
3.251876263514147070e+01
3.231901008770294936e+01
3.180734752127881748e+01
3.106876219536398764e+01
3.018098655727725088e+01
2.921515385752777760e+01
2.824083750807543680e+01
2.731364255644419359e+01
2.647689799794598642e+01
2.575420206658492361e+01
2.515667992789661511e+01
2.468017089346581372e+01
2.431290268091107620e+01
2.403829814308912205e+01
2.383739369105443373e+01
2.369308423236738292e+01
2.359018427002229501e+01
2.351760190981696752e+01
2.346520735659407109e+01
2.342687411343058201e+01
2.339925774201455155e+01
2.894710996472896269e+01
2.873387824864280660e+01
2.857825626907987981e+01
2.853856221422985939e+01
2.867611029552402968e+01
2.904516155836401481e+01
2.969524282692796646e+01
3.061019531936074856e+01
3.158774903358898101e+01
3.237849477322907177e+01
3.281912935971475065e+01
3.283611235297640718e+01
3.243427835137901383e+01
3.168425750806465402e+01
3.068916725602116458e+01
2.954105233295125288e+01
2.833359334364332582e+01
2.714304306947602896e+01
2.603266607016156442e+01
2.505170723703800917e+01
2.422783993967823690e+01
2.356932184077810888e+01
2.306763749621413950e+01
2.270322250789475049e+01
2.245217448942172922e+01
2.228743126427398735e+01
2.218407672652885410e+01
2.212266329885127547e+01
2.208815265135509875e+01
2.206960370084729561e+01
2.206101029243772160e+01
2.205732111481999524e+01
2.888975447794672746e+01
2.876714326857447546e+01
2.871320898849324266e+01
2.878218022907875451e+01
2.903793097604241780e+01
2.953686460310341744e+01
3.031648608390968036e+01
3.131180249757590062e+01
3.230402718868219836e+01
3.305347940261489015e+01
3.340033612699637899e+01
3.327306929708053218e+01
3.267603809597754605e+01
3.168323826530987120e+01
3.041919483275117742e+01
2.901483543166207824e+01
2.757013056268608864e+01
2.618004290919509103e+01
2.492100571253641306e+01
2.384734066118157259e+01
2.299046655661152272e+01
2.235663042371300691e+01
2.192534801401409084e+01
2.166100921582800254e+01
2.152137293450454436e+01
2.146549242795093093e+01
2.146056955444145942e+01
2.148391218603742914e+01
2.151956222341332037e+01
2.155838720509485640e+01
2.159578802479234128e+01
2.162840594366092972e+01
2.879583307669364700e+01
2.875208041424095029e+01
2.879069766188387192e+01
2.897456245022955201e+01
2.937155824881619637e+01
3.003579369566017121e+01
3.095439594627920599e+01
3.202407817165203596e+01
3.303980009595284173e+01
3.377029490152505531e+01
3.405663334023073929e+01
3.381691179305507688e+01
3.303928293997463328e+01
3.180874245742516848e+01
3.027103620144372087e+01
2.859624635487280742e+01
2.692065584724814897e+01
2.535323855394150883e+01
2.398444585936150730e+01
2.287895533176702401e+01
2.206882853490711582e+01
2.154208870336477588e+01
2.124755906337443534e+01
2.112052943862885712e+01
2.110064230700225707e+01
2.114289757184469210e+01
2.121583701888997098e+01
2.129956722957735948e+01
2.138199263561779873e+01
2.145610148442955278e+01
2.152062457480823099e+01
2.157409532309969080e+01
2.862592720525479706e+01
2.865135657992484042e+01
2.878996818074024233e+01
2.910638243572970651e+01
2.966658855318393506e+01
3.049148676954352410e+01
3.153590415614768716e+01
3.270251603972837273e+01
3.381682266401620041e+01
3.467203688670978323e+01
3.504469556668681918e+01
3.477630235762657662e+01
3.383680568538232336e+01
3.230820539904424038e+01
3.039466241400874935e+01
2.837292800661282399e+01
2.643844663406388307e+01
2.470238879622095851e+01
2.326045791038288613e+01
2.217321381931061097e+01
2.144851007489044648e+01
2.102949832473516523e+01
2.083313582472407077e+01
2.078702710056114000e+01
2.083040569815155507e+01
2.092263409783133810e+01
2.103353261660888762e+01
2.114673355341382077e+01
2.125035002575617682e+01
2.134247797250404943e+01
2.141950169891936895e+01
2.148268888309514324e+01
2.840809278325663101e+01
2.852152135661425447e+01
2.877273893861850595e+01
2.922569468023286987e+01
2.992966695506134300e+01
3.090201415356482428e+01
3.213511088476077049e+01
3.358114948698558777e+01
3.498703620636289457e+01
3.603638451583844926e+01
3.650490656659417965e+01
3.622366582395551404e+01
3.514697195305542721e+01
3.338095564459172948e+01
3.112592593842426325e+01
2.866030373404620590e+01
2.628855977912666475e+01
2.430701402013091794e+01
2.279552619745441078e+01
2.173786141360854529e+01
2.107750161470387340e+01
2.071837413998641964e+01
2.056946334693271794e+01
2.055754370336355308e+01
2.062654876153302297e+01
2.073545456315081026e+01
2.085893874784918012e+01
2.098063092127239671e+01
2.109100395323244825e+01
2.118601857979258085e+01
2.126666217529333736e+01
2.133207313848507525e+01
2.827020784007181220e+01
2.846756683632987617e+01
2.881878296984833909e+01
2.939752802037187251e+01
3.028965826932023830e+01
3.154994875716682401e+01
3.311331572097798670e+01
3.481573600509163668e+01
3.641053527800085732e+01
3.760540419427091052e+01
3.810980111681524107e+01
3.775742268568815518e+01
3.654182742381554760e+01
3.457780402405096964e+01
3.210143896544426667e+01
2.937716510836826345e+01
2.670983019685445825e+01
2.438129314918754176e+01
2.262475185877817907e+01
2.151394592563788066e+01
2.087414868504197685e+01
2.054663946170085964e+01
2.042659469448199161e+01
2.043659206482477941e+01
2.051948890578767504e+01
2.063675757844177383e+01
2.076431473870346522e+01
2.088637183545586495e+01
2.099545728958939250e+01
2.109128956286134837e+01
2.117003615216173884e+01
2.123463298300955415e+01
2.832724299002518720e+01
2.864166780592558226e+01
2.916611082463989035e+01
2.997190038407135759e+01
3.109960212116532219e+01
3.254813462083340880e+01
3.427425532777840544e+01
3.614327316542323842e+01
3.786713504178847955e+01
3.909655953033313125e+01
3.955432316368030854e+01
3.909865804284017798e+01
3.775073341716608155e+01
3.564391353535481244e+01
3.301587918360736040e+01
3.015252806789764506e+01
2.735780377045124112e+01
2.490373207820879742e+01
2.298283212424134092e+01
2.164588099359290752e+01
2.086371911199108808e+01
2.050410481392490425e+01
2.038910392595004595e+01
2.041037635480169854e+01
2.050283767544701163e+01
2.062560962606803017e+01
2.075405189850621568e+01
2.087745663919763217e+01
2.098529926856947370e+01
2.107810077311812691e+01
2.115568143544705748e+01
2.121746698348735194e+01
2.893223883378399108e+01
2.935885568597951689e+01
2.998293361994947759e+01
3.087282349556752692e+01
3.208196357089540385e+01
3.362723384718710662e+01
3.545643743609812759e+01
3.739285588192224452e+01
3.912503665583930967e+01
4.031208135146835048e+01
4.069227562688287492e+01
4.013948696492696655e+01
3.868452505273091901e+01
3.646585566036694814e+01
3.374887805224145154e+01
3.082084355030903566e+01
2.799456424030949719e+01
2.552756080737174926e+01
2.357558684164559182e+01
2.217542005671778682e+01
2.125725996227984993e+01
2.073408949057425588e+01
2.052470367084588077e+01
2.051516204950754840e+01
2.060001375042266503e+01
2.072032569885567455e+01
2.084877368948511389e+01
2.096939352876796647e+01
2.107525202703443767e+01
2.116574011966010005e+01
2.124010398754176876e+01
2.130096762191310589e+01
2.980076990279750504e+01
3.027210142697668616e+01
3.094262593125819549e+01
3.187682938915052233e+01
3.311789340095299394e+01
3.466780526924167560e+01
3.647808382059674415e+01
3.837654661996896976e+01
4.004521432315567608e+01
4.115424907154691425e+01
4.144967997880942789e+01
4.082150279367492374e+01
3.928953698939746886e+01
3.701132161444687085e+01
3.425838128549986550e+01
3.133095764791735149e+01
2.853189543816903395e+01
2.610458968788403666e+01
2.418217932017671856e+01
2.278629097586348351e+01
2.185101355746814988e+01
2.128121590485648440e+01
2.097991992170078390e+01
2.086703996927607463e+01
2.088182793550936012e+01
2.096528787799244853e+01
2.107502744355327096e+01
2.118590349177052801e+01
2.128597289917621893e+01
2.137240857478411726e+01
2.144302843155496063e+01
2.150168971613621594e+01
3.078044279288735652e+01
3.126632330456705589e+01
3.193489127123686444e+01
3.283556290462857419e+01
3.401244727014843505e+01
3.548158596256126174e+01
3.720479695886707106e+01
3.900430213813555014e+01
4.057505367372169758e+01
4.158947278145064530e+01
4.181219460603037419e+01
4.112620201449893642e+01
3.955890498778757092e+01
3.727130293286624863e+01
3.453111626116255906e+01
3.164617636589042959e+01
2.891909806568258290e+01
2.656901546855761609e+01
2.470086099517608957e+01
2.334548607610147997e+01
2.243936394528937228e+01
2.188018423212844610e+01
2.157303519162119443e+01
2.143700744333145991e+01
2.140813026133879049e+01
2.144280421808943871e+01
2.150876405337131203e+01
2.158676406570609174e+01
2.166558858797796461e+01
2.173786736551747012e+01
2.179953408023719419e+01
2.185160185009146616e+01
