304.20  51.50  12.247   1.547     66.180  99.258   33.947   0.320
304.20  51.50  12.742   1.150     76.878  98.383   39.467   0.262
304.20  51.50  12.538   0.357     76.878  98.818   38.192   0.233
304.20  51.50  12.276   0.304     76.878  75.493   27.583   0.407
304.20  51.50  12.655   0.305     76.878  81.414   16.973   0.320
304.20  51.50  12.626   0.157     76.878  74.626   13.575   0.349
304.20  51.50  11.491   0.436     55.631  59.833    6.364   0.582
304.20  51.50  11.113   2.494     51.066  59.853    5.941   0.204
304.20  51.50  10.735   0.888     43.351  47.567    5.939   0.378
304.20  51.50  10.269   2.295     43.351  50.138    5.095   0.320
304.20  51.50  10.066   2.428     36.550  45.056    5.517   0.291
304.20  51.50   9.629   7.660     30.121  45.080    5.517   0.233
304.20  51.50   9.658   0.182     30.121  30.650    6.365   0.378
304.20  51.50   9.396   0.075     30.121  30.240    5.517   0.378
304.20  51.50  10.676  21.000     43.351  10.651    7.214   0.262
304.20  51.50  10.415  68.181     43.351   1.329    5.092   0.291
304.20  51.50   9.716   6.553     30.121  15.370    5.939   0.349
304.20  51.50   9.396   3.172     30.121  15.387    8.486   0.262
304.20  51.50   8.931   7.371     24.943   7.774    6.362   0.233
304.20  51.50   8.087   0.212     16.779  15.032    5.514   0.262
304.20  51.50   3.724   1.022      5.175   6.777    5.091   0.233
304.20  51.50   3.433   0.147      5.175   7.216    6.364   0.320
304.20  51.50   3.142   0.478      4.306   7.232    5.513   0.320
304.20  51.50   2.095   1.452      2.756   6.863    3.816   0.175
304.20  51.50   1.367   3.566      1.999   8.175    3.395   0.262
304.20  51.50   0.785   7.642      1.278   7.781    2.545   0.204
304.20  51.50   0.233   0.890      0.000   2.294    3.816   0.320
304.20  51.50  10.735   2.102     43.351  32.715    7.637   0.582
304.20  51.50   9.774  57.061     36.550  74.777    5.094   0.262
304.20  51.50   7.854  258.868     16.779  112.222    5.938   0.204
304.20  51.50   7.331  67.227     13.444  51.567    4.668   0.233
304.20  51.50   8.291   3.063     20.290  32.844    8.063   0.262
304.20  51.50   7.593   1.913     13.444  19.726    4.668   0.291
304.20  51.50   6.487   2.757     10.772  20.634    5.941   0.291
304.20  51.50   7.476   0.474     13.444   9.124    6.365   0.204
304.20  51.50   6.138   1.524      9.327   4.951    4.244   0.204
304.20  51.50   5.905   0.576      9.327   4.963    6.362   0.291
304.20  51.50   4.306   0.546      6.763   4.624    6.788   0.291
304.20  51.50   2.531   0.060      3.503   5.143    7.640   0.262
304.20  51.50   1.949   0.086      2.756   4.749    8.063   0.320
304.20  51.50   1.746   0.907      1.999   5.184    7.211   0.291
304.20  51.50   1.164   0.688      1.278   5.215    7.214   0.262
304.20  51.50   0.844   1.021      1.278   6.081    6.364   0.233
304.20  51.50   1.571   0.317      1.999   5.618    7.637   0.233
295.70  59.80   9.921   8.991      3.322  42.803   13.193   0.423
295.70  59.80   9.890   3.273      3.322  17.947    8.221   0.333
295.70  59.80   9.225  80.896     -9.713  29.818    4.398   0.726
295.70  59.80   9.376  65.949     -3.964  19.298    2.867   0.393
295.70  59.80   8.983  102.744     -9.713  15.483    2.486   1.573
295.70  59.80   8.650  78.024     -14.106   6.122    2.294   0.303
290.00  59.40   8.165   0.656     142.486  130.896   15.160   0.617
290.00  59.40   7.695   0.626     127.975  124.026   13.778   0.265
290.00  59.40   7.725   0.704     127.975  119.891   17.223   0.324
290.00  59.40   7.431   0.333     127.975  122.659   10.334   0.265
290.00  59.40   7.313   0.424     127.975  123.354    8.956   0.471
290.00  59.40   7.136   0.379     114.336  126.117   56.502   0.235
290.00  59.40   7.079   0.189     114.336  111.650    9.646   0.235
290.00  59.40   7.197   1.133     114.336  104.066   11.023   0.382
290.00  59.40   7.111   3.512     114.336  75.131   21.356   0.294
290.00  59.40   6.611   3.197     104.171  75.153   16.536   0.324
290.00  59.40   6.318  21.545     104.171  56.562   10.333   0.324
290.00  59.40   3.233   3.766     35.189  17.421    9.645   0.382
290.00  59.40   1.116   0.341     10.431   7.866    8.268   0.235
290.00  59.40   0.557   0.329      5.124   9.268    8.268   0.206
290.00  59.40   0.351   1.157      5.124  10.655    8.267   0.177
290.00  59.40   7.697  10.335     127.975  101.978    8.268   0.294
290.00  59.40   7.669  26.799     127.975  85.443    8.267   0.294
290.00  59.40   7.463  12.158     127.975  84.762   12.401   0.294
290.00  59.40   7.289  49.801     127.975  51.008   11.023   0.206
290.00  59.40   7.203  84.052     114.336  32.409    8.957   0.324
290.00  59.40   6.673  63.257     104.171  38.633    8.268   0.265
290.00  59.40   6.173  32.357     86.954  28.319   10.333   0.441
290.00  59.40   5.673  19.368     76.522  34.542    9.646   0.264
290.00  59.40   5.408  20.350     76.522  33.175    9.645   0.235
290.00  59.40   5.880  57.109     86.954  19.374    8.953   0.324
290.00  59.40   6.028  78.167     86.954  13.856    8.268   0.382
290.00  59.40   4.204  10.532     49.781  15.312   11.022   0.235
290.00  59.40   0.940   0.081     10.431   9.252    6.889   0.265
290.00  59.40   6.811   7.157     114.336  145.424   11.714   0.559
290.00  59.40   6.756   2.906     114.336  95.817   11.712   0.382
290.00  59.40   5.525  11.077     76.522  42.127   10.335   0.529
290.00  59.40   3.700   3.696     42.176  62.876   11.711   0.265
290.00  59.40   2.143   1.862     22.156  38.139   13.090   0.235
290.00  59.40   2.262   0.669     28.702  29.865   10.334   0.294
290.00  59.40   1.733   0.982     16.122  16.108   12.402   0.235
290.00  59.40   0.675   0.262      5.124   6.507   11.023   0.353
285.60  62.10   9.589   0.263     159.362  147.796   34.340   0.229
285.60  62.10   9.674   4.421     159.362  126.733   16.391   0.258
285.60  62.10   9.388   2.091     159.362  123.584   24.973   0.572
285.60  62.10   9.131   1.002     142.230  121.998   21.854   0.344
285.60  62.10   7.671   2.082     95.610  110.149   12.489   0.200
285.60  62.10  10.018  40.852     178.494  98.672   12.489   0.286
285.60  62.10   8.558   1.216     125.853  112.577   12.481   0.200
285.60  62.10   8.014   0.175     112.506  108.622    9.365   0.286
285.60  62.10   8.329   6.874     125.853  96.166   11.703   0.258
285.60  62.10   7.871   2.809     112.506  96.122   10.148   0.286
285.60  62.10   7.327   0.228     95.610  96.849   10.931   0.372
285.60  62.10   7.928   7.317     112.506  85.202   10.148   0.258
285.60  62.10   7.928  10.307     112.506  75.056   11.709   0.258
285.60  62.10   7.699   7.168     95.610  64.889   11.712   0.372
285.60  62.10   7.785  30.622     112.506  53.191   10.926   0.200
285.60  62.10   7.356  19.082     95.610  51.589   10.145   0.286
285.60  62.10   7.528   4.369     95.610  69.555   12.486   0.229
285.60  62.10   7.013   1.068     85.023  63.261   21.068   0.401
285.60  62.10   6.984   0.880     85.023  95.255   10.926   0.315
285.60  62.10   6.726   4.289     76.759  47.625   14.839   0.343
285.60  62.10   6.898  22.261     85.023  33.595   10.931   0.286
285.60  62.10   7.041  41.683     85.023  19.562   10.142   0.258
285.60  62.10   6.612  22.801     76.759  21.081   11.709   0.258
285.60  62.10   6.440  26.619     76.759  16.381   11.714   0.258
285.60  62.10   5.868   4.547     66.153  40.518   12.489   0.229
285.60  62.10   6.755   3.677     85.023  65.577   10.926   0.343
285.60  62.10   4.436   8.070     45.665  16.966   10.151   0.229
285.60  62.10   4.036   5.512     39.961   5.221   14.830   0.229
285.60  62.10   3.807   8.011     39.961   8.320   11.712   0.229
285.60  62.10   3.635   3.627     34.269  16.888    9.368   0.315
285.60  62.10   1.717   2.043     13.999   2.654    9.370   0.286
285.60  62.10   6.440   2.328     76.759  96.763   13.264   0.258
285.60  62.10   5.352   0.853     58.792  68.562   11.712   0.372
285.60  62.10   4.522  39.571     45.665  99.697    8.590   0.286
285.60  62.10   1.803   8.609     18.752  50.267   10.920   0.372
285.60  62.10   2.519   1.090     23.553  10.536   12.486   0.315
285.60  62.10   2.376   0.538     23.553  19.887    9.370   0.200
285.60  62.10   2.118   0.328     18.752  15.960    7.032   0.286
285.60  62.10   1.202   0.864      9.352   4.165    8.587   0.286
285.60  62.10   0.687   0.419      4.977   2.553    9.370   0.315
285.60  62.10   0.458   0.022      4.977   4.872    8.590   0.286
282.10  53.60   8.607   0.048     251.301  250.710   23.838   0.496
282.10  53.60   8.316   0.407     251.301  249.359   22.430   0.291
282.10  53.60   8.548   2.361     251.301  217.068   22.435   0.262
282.10  53.60   8.315   2.147     251.301  217.109   26.637   0.262
282.10  53.60   8.024   1.234     229.065  250.813   19.626   0.321
282.10  53.60   7.995   0.028     229.065  233.991   29.441   0.321
282.10  53.60   7.878   0.299     229.065  239.620   36.457   0.262
282.10  53.60   7.470   0.525     203.766  234.083   42.056   0.408
282.10  53.60   7.963  18.053     229.065  169.495   14.022   0.554
282.10  53.60   7.760   9.060     229.065  183.553   15.419   0.408
282.10  53.60   7.556   1.254     203.766  182.186   19.626   0.262
282.10  53.60   7.497   1.894     203.766  170.979   23.827   0.321
282.10  53.60   7.235   0.550     181.660  183.645   18.218   0.321
282.10  53.60   6.125   1.018     142.690  123.544   22.420   0.233
282.10  53.60   5.571   2.632     126.923  99.804   16.826   0.379
282.10  53.60   4.839  34.972     112.437  21.408   15.419   0.466
282.10  53.60   4.286   6.597     98.801  39.734   23.817   0.321
282.10  53.60   4.054   2.044     85.873  58.003   19.626   0.321
282.10  53.60   3.294   8.873     73.294  17.472   19.621   0.233
282.10  53.60   6.390   0.861     162.696  175.380   16.832   0.204
282.10  53.60   5.866   5.898     142.690  192.298   21.028   0.233
282.10  53.60   5.222   1.219     112.437  125.105   14.022   0.350
282.10  53.60   0.263   0.678      9.071  15.199   16.837   0.321
265.60  58.70   8.560   1.599     154.873  108.621   36.995   0.314
265.60  58.70   8.304   1.016     154.873  137.184   26.908   0.257
265.60  58.70   0.115   0.297      0.000   6.829   18.499   0.285
265.60  58.70   7.876   0.234     141.331  142.184   25.226   0.256
265.60  58.70   7.447   2.528     128.000  88.323   25.229   0.228
265.60  58.70   5.534   7.496     85.707  25.898   21.866   0.285
265.60  58.70   5.163  12.825     77.039   5.678   20.184   0.285
265.60  58.70   4.137   1.740     59.702  32.478   21.866   0.314
265.60  58.70   3.452   3.437     50.960  10.544   21.866   0.342
265.60  58.70   3.595   0.425     50.960  39.148   23.547   0.228
265.60  58.70   3.082   0.141     43.116  35.731   30.277   0.285
265.60  58.70   2.026   0.040     28.196  23.848   25.232   0.257
265.60  58.70   1.798   0.580     28.196  22.142   21.872   0.285
265.60  58.70   2.111   0.701     28.196   8.721   25.232   0.342
265.60  58.70   0.970   0.039     14.235  11.965   23.544   0.171
265.60  58.70   0.742   1.615      7.234  13.622   16.823   0.200
265.60  58.70   6.792   1.422     115.127  138.707   26.908   0.257
265.60  58.70   5.597  25.614     85.707  212.577   25.226   0.171
265.60  58.70   3.797   2.312     59.702  103.075   30.271   0.399
265.60  58.70   2.825   0.592     43.116  30.659   23.544   0.314
244.90  67.90  11.162   0.848     145.046  155.090   14.572   0.265
244.90  67.90  10.818   0.691     145.046  153.412   18.009   0.265
244.90  67.90  10.820   0.724     145.046  131.984   20.575   0.318
244.90  67.90   6.963   8.086     56.037  24.397   11.140   0.265
244.90  67.90  10.371   0.261     123.445  118.317   13.709   0.371
244.90  67.90   9.761   2.277     105.752  120.954   11.997   0.291
244.90  67.90  10.294   4.169     123.445  96.897   13.714   0.318
244.90  67.90  10.136   1.839     105.752  89.200   12.857   0.318
244.90  67.90  10.800  37.360     145.046  71.986   12.000   0.371
244.90  67.90  10.296  11.101     123.445  73.754   15.432   0.238
244.90  67.90   8.817  16.520     79.803  28.484   12.857   0.238
244.90  67.90   8.311   1.929     70.882  54.252   14.572   0.238
244.90  67.90   7.944  13.615     65.028  20.863   12.000   0.212
244.90  67.90   7.148   3.774     56.037  35.520   11.143   0.238
244.90  67.90   6.620   6.446     52.125  15.862   14.572   0.238
244.90  67.90   4.050   1.257     29.392  16.137   11.997   0.265
244.90  67.90   4.735   2.994     33.663  58.064   17.143   0.239
244.90  67.90   4.101   1.301     29.392  44.418   13.712   0.318
244.90  67.90   2.566   0.229     17.611  22.297   11.143   0.292
244.90  67.90   1.904   1.066     13.929  26.653   13.717   0.212
244.90  67.90   1.164   0.781      7.030   7.018   13.712   0.186
244.90  67.90   0.979   0.015      7.030   6.181   12.854   0.212
244.90  67.90   0.740   2.336      3.422   6.206   12.000   0.159
232.00  52.00  13.876   0.144     51.908  67.947   51.895   0.565
232.00  52.00  11.886   3.965     19.050   7.870    5.638   0.619
232.00  52.00  10.111  363.563     15.879  116.261    5.265   0.484
232.00  52.00   8.766  36.349     14.778  55.401    6.769   0.403
232.00  52.00  10.407   0.453     16.917  12.452    6.768   0.699
232.00  52.00  11.133   5.416     18.512   3.768    6.392   0.430
232.00  52.00  11.402   6.360     15.158  -0.757    6.394   0.242
232.00  52.00   8.686   0.271     14.622  12.909    5.265   0.457
232.00  52.00   7.476   1.084     15.445   8.829    6.392   0.215
232.00  52.00   6.938   0.244     15.155  12.615    6.017   0.242
232.00  52.00   6.158   0.239     13.418  12.652    4.137   0.350
232.00  52.00   6.077   2.836     13.418   4.758    5.264   0.215
232.00  52.00   5.244   0.631     10.827  11.943    4.513   0.323
232.00  52.00   4.571   0.144      9.522  10.846    4.888   0.269
232.00  52.00   3.818   2.319      8.553   1.104    5.264   0.323
232.00  52.00   3.630   2.187      7.356  -0.015    5.641   0.188
232.00  52.00   3.092   1.287      6.201   0.010    5.641   0.323
232.00  52.00   2.877   1.501      6.201   1.148    5.262   0.161
232.00  52.00   2.582   0.718      5.087   0.410    6.017   0.242
232.00  52.00   2.178   1.113      3.973   6.070    4.512   0.188
232.00  52.00   2.151   2.613      3.973  -1.826    4.136   0.188
232.00  52.00   1.775   0.659      3.973   2.704    4.513   0.296
232.00  52.00   1.829   2.362      3.973  -1.811    4.136   0.269
232.00  52.00   1.425   0.137      2.901   1.592    6.392   0.242
232.00  52.00   1.264   0.957      2.901   2.352    7.896   0.242
232.00  52.00   0.887   0.283      1.893   1.242    6.769   0.215
232.00  52.00   0.726   1.105      0.924   0.873    5.641   0.215
232.00  52.00   0.511   0.003      0.924   0.883    6.017   0.188
232.00  52.00   0.269   2.056      0.924   1.271    6.015   0.161
236.80  49.60  12.664  10.643     61.004  45.653    4.764   0.322
236.80  49.60  12.957   5.950     70.318  57.879    5.102   0.510
236.80  49.60  12.691  14.829     61.004  46.672    3.742   0.483
236.80  49.60  11.832   0.764     48.630  45.706    4.418   0.295
236.80  49.60  11.941   8.453     48.630  33.795    5.104   0.913
236.80  49.60  11.834  13.758     48.630  29.720    5.104   0.966
236.80  49.60  11.216   7.197     42.804  30.439    4.760   0.322
236.80  49.60  12.766   4.399     70.318  80.681    5.779   0.215
263.20  28.20  12.079   0.340     -33.606  -38.061    7.757   0.773
263.20  28.20   9.746   0.186     -14.686  -13.440    5.059   0.693
263.20  28.20   9.560   0.004     -14.686  -14.621    7.757   1.013
263.20  28.20   9.425   0.613     -14.686  -12.091    3.710   0.213
263.20  28.20   9.855   0.182     -17.489  -17.825    4.216   0.347
263.20  28.20   9.535   0.367     -14.686  -17.319    4.384   0.427
263.20  28.20   8.490   0.240     -9.776  -8.044    3.541   0.480
263.20  28.20   8.170   0.169     -7.657  -8.213    5.396   0.427
263.20  28.20   7.796   0.300     -7.657  -7.875    4.890   0.373
263.20  28.20   8.785   1.323     -12.336  -12.260    3.879   0.187
263.20  28.20   8.787   1.214     -12.336  -15.632    7.083   0.213
263.20  28.20   8.255   1.772     -9.776  -16.982    5.734   0.560
263.20  28.20   8.279   0.536     -9.776  -12.260    4.553   0.453
263.20  28.20   7.585   1.443     -5.376  -12.091    5.734   0.320
263.20  28.20   7.182   1.427     -3.883  -6.526    2.698   0.267
263.20  28.20   6.729   2.455     -2.665  -6.020    2.698   0.240
263.20  28.20   6.248   1.975     -2.166  -5.008    2.698   0.267
263.20  28.20   5.077   2.671     -1.491  -9.899    5.228   0.267
263.20  28.20   3.472   0.009     -0.594  -0.287    4.216   0.454
263.20  28.20   3.206   0.355     -0.381  -0.624    4.722   0.347
263.20  28.20   2.646   0.320     -0.145  -0.961    3.035   0.293
263.20  28.20   1.419   0.019     -0.319   0.219    5.565   0.827
263.20  28.20   0.885   0.077     -0.237   0.219    4.047   0.453
263.20  28.20   0.592   0.149     -0.143   0.051    5.565   0.240
263.20  28.20   0.619   0.108     -0.143  -1.298    5.902   0.453
263.20  28.20   5.287   1.229     -1.846  -3.828    2.361   0.293
263.20  28.20   4.887   0.708     -1.491  -3.491    2.867   0.240
263.20  28.20   4.594   0.921     -1.211  -2.985    2.024   0.240
263.20  28.20   3.687   1.670     -0.594  -3.154    2.698   0.213
263.20  28.20   3.260   1.549     -0.594  -2.310    3.204   0.214
263.20  28.20   2.913   0.590     -0.381  -1.973    2.192   0.347
263.20  28.20   2.647   0.686     -0.145  -2.816    4.047   0.293
263.20  28.20   2.274   1.196     -0.145  -3.997    5.565   0.267
263.20  28.20   2.033   0.172     -0.341  -1.973    4.047   0.347
263.20  28.20   1.634   0.594     -0.319  -2.985    4.553   0.267
263.20  28.20   1.340   1.023     -0.319  -2.310    3.710   0.187
263.20  28.20   1.072   0.078     -0.237  -0.118    1.686   0.267
263.20  28.20   0.140   0.874      0.000  -1.973    2.698   0.240
263.20  28.20   0.326   0.878     -0.143  -0.287    2.024   0.187
263.20  28.20  11.864   0.056     -33.606  -34.519    4.722   0.987
263.20  28.20  11.191   0.069     -23.089  -23.895    4.553   0.987
263.20  28.20  10.550   0.032     -20.186  -21.029    4.890   0.960
263.20  28.20   9.989   0.067     -17.489  -18.836    5.228   0.560
263.20  28.20  10.095   0.061     -17.489  -18.499    4.722   0.773
263.20  28.20   9.294   0.181     -14.686  -16.813    5.734   0.986
263.20  28.20   8.493   0.648     -9.776  -13.440    4.553   0.507
263.20  28.20   7.905   0.555     -7.657  -10.911    4.553   0.453
263.20  28.20   7.877   0.079     -7.657  -9.224    6.071   1.093
263.20  28.20   7.211   1.713     -3.883  -10.742    5.565   0.480
263.20  28.20   6.249   1.293     -2.166  -7.538    5.059   0.613
269.80  30.00  14.181   0.746     -42.952  -69.667   39.269   0.341
269.80  30.00  12.550   0.695     -36.005  -46.284   12.558   0.315
269.80  30.00  12.320   1.158     -36.005  -72.588   36.677   0.446
269.80  30.00  10.411  11.044     -20.898  -100.224   23.919   0.420
269.80  30.00  10.221   2.458     -18.673  -68.722   35.680   0.315
269.80  30.00   9.408   9.905     -16.332  -70.087   17.143   0.341
269.80  30.00   8.935  10.252     -14.308  -69.671   17.342   0.262
269.80  30.00  10.869   4.042     -23.631  -36.055    6.379   0.262
269.80  30.00  10.238   5.192     -18.673  -29.254    4.982   0.289
269.80  30.00  10.081   7.131     -18.673  -29.248    3.987   0.262
269.80  30.00   9.922   1.921     -18.673  -22.465    2.790   0.288
269.80  30.00   9.531   1.819     -16.332  -34.809   13.753   0.262
269.80  30.00   8.823   2.570     -14.308  -34.384   13.555   0.289
269.80  30.00   9.239   2.711     -14.308  -20.047    4.188   0.262
269.80  30.00   7.927   1.968     -9.707  -16.211    4.785   0.210
269.80  30.00   7.510  18.674     -7.420  -26.361    4.384   0.210
269.80  30.00   5.804   1.017     -3.907  -21.115   18.540   0.498
269.80  30.00   5.462   1.731     -3.427  -18.311   11.361   0.315
269.80  30.00   5.776   4.281     -3.907  -14.536    5.781   0.236
269.80  30.00   4.938   2.736     -2.930  -20.285   10.568   0.315
269.80  30.00   5.094   2.791     -2.930  -15.706    7.774   0.315
269.80  30.00   5.067   5.439     -2.930  -13.114    4.385   0.315
269.80  30.00   4.491   2.209     -2.473  -17.877   10.366   0.262
269.80  30.00   4.385   2.600     -2.473  -12.491    6.378   0.315
269.80  30.00   2.994   3.721     -1.107  -7.256    3.187   0.367
269.80  30.00  11.128   0.169     -23.631  -21.513   12.759   0.341
269.80  30.00  11.156   0.555     -23.631  -27.295    6.577   0.315
269.80  30.00   9.791   0.380     -18.673  -21.463    6.979   0.446
269.80  30.00   8.923   0.089     -14.308  -13.657    4.782   0.289
269.80  30.00   7.926   0.111     -9.707  -10.031    2.990   0.236
269.80  30.00   7.637   0.935     -7.420  -9.423    2.591   0.236
269.80  30.00   7.375   0.233     -7.420  -8.217    3.787   0.288
269.80  30.00   7.322   0.746     -7.420  -6.819    3.787   0.210
269.80  30.00   6.981   0.029     -5.839  -6.408    3.587   0.315
269.80  30.00   6.666   0.522     -4.516  -5.998    3.389   0.288
269.80  30.00   6.377   0.382     -4.516  -5.189    3.391   0.210
269.80  30.00   6.062   0.107     -3.907  -4.978    4.383   0.289
269.80  30.00   5.800   0.723     -3.907  -4.171    3.586   0.236
269.80  30.00   5.485   0.031     -3.427  -3.960    3.189   0.262
269.80  30.00   5.223   0.656     -2.930  -3.751    3.389   0.288
269.80  30.00   4.908   0.167     -2.930  -3.341    3.388   0.236
269.80  30.00   4.646   0.436     -2.473  -3.131    2.791   0.236
269.80  30.00   4.331   0.425     -2.473  -2.721    2.591   0.262
269.80  30.00   4.042   0.133     -1.894  -2.909    2.991   0.315
269.80  30.00   3.832   0.546     -1.894  -2.503    2.990   0.236
269.80  30.00   3.623   0.451     -1.502  -2.695    3.586   0.210
269.80  30.00   3.386   0.137     -1.502  -2.088    6.978   0.315
269.80  30.00   3.334   0.332     -1.502  -2.285    3.388   0.315
269.80  30.00   2.809   0.482     -1.107  -1.867    3.587   0.289
269.80  30.00   2.652   0.512     -0.687  -2.060    4.383   0.236
269.80  30.00   2.599   0.575     -0.687  -1.859    2.790   0.157
269.80  30.00   2.390   0.352     -0.687  -1.851    3.189   0.236
279.80  25.40   6.331   1.367     -2.228  -4.196    2.685   0.185
279.80  25.40   5.483   1.676     -1.354  -5.043    2.853   0.265
279.80  25.40   4.821   2.534     -1.267  -4.212    2.182   0.212
279.80  25.40   4.583   0.744     -1.169  -3.878    3.524   0.212
279.80  25.40   4.397   0.654     -1.169  -3.545    4.027   0.185
279.80  25.40   4.318   1.507     -1.169  -2.203    2.349   0.159
279.80  25.40   3.974   0.663     -0.885  -3.046    2.685   0.212
279.80  25.40   3.338   1.127     -0.788  -2.885    2.852   0.212
279.80  25.40   2.887   0.513     -0.679  -2.050    2.853   0.212
279.80  25.40   2.702   1.409     -0.540  -1.885    2.853   0.185
279.80  25.40   2.490   0.139     -0.540  -1.719    3.188   0.212
279.80  25.40   2.331   1.818     -0.540  -1.721    2.685   0.132
279.80  25.40   1.934   0.174     -0.462  -1.557    3.524   0.238
279.80  25.40  10.596   1.235     -20.036  -26.466    6.208   0.238
279.80  25.40   9.934   1.361     -17.217  -23.956    5.872   0.318
279.80  25.40   9.245   7.840     -11.827  -27.152    6.208   0.185
279.80  25.40   9.166   1.818     -11.827  -17.589    5.704   0.185
279.80  25.40   8.927   3.706     -11.827  -19.772    4.195   0.212
279.80  25.40   8.768   1.463     -11.827  -17.257    7.551   0.238
279.80  25.40   8.636   2.174     -9.437  -17.091    5.536   0.265
279.80  25.40   8.397   3.701     -9.437  -20.449    5.873   0.238
279.80  25.40   8.159   7.099     -7.218  -22.801    6.040   0.238
279.80  25.40   7.973   3.038     -7.218  -17.433    5.873   0.238
279.80  25.40   7.497   0.071     -4.959  -8.210   12.248   0.185
279.80  25.40   7.417   7.450     -4.959   0.010    1.846   0.185
279.80  25.40   7.550   0.220     -4.959  -10.391   12.919   0.238
279.80  25.40   7.417   0.583     -4.959  -13.748   12.919   0.238
279.80  25.40   7.285   0.685     -4.959  -12.072   14.933   0.318
279.80  25.40   7.073   0.694     -3.478  -14.926   14.765   0.238
279.80  25.40   6.967   0.652     -3.478  -9.726    7.886   0.212
279.80  25.40   6.808   1.541     -3.478  -7.379    5.704   0.185
279.80  25.40   6.596   1.717     -2.228  -19.797   14.597   0.185
279.80  25.40   6.066   0.890     -1.670  -15.440   15.269   0.238
279.80  25.40   4.980   0.275     -1.267  -8.908   14.765   0.238
279.60  32.70   6.322   4.312     -7.679  -2.870    2.364   0.429
279.60  32.70   6.150   2.614     -6.979  -3.048    2.546   0.314
279.60  32.70   5.979   3.276     -6.979  -3.044    2.181   0.143
279.60  32.70   5.751   3.609     -6.979  -3.585    2.183   0.229
279.60  32.70   5.407   5.261     -6.362  -2.668    1.636   0.229
279.60  32.70   5.236   2.496     -5.721  -2.664    2.909   0.200
279.60  32.70   5.064   1.756     -5.721  -2.660    2.364   0.229
279.60  32.70   4.836   2.734     -5.721  -2.473    2.181   0.229
279.60  32.70   4.579   1.545     -5.108  -2.285    2.364   0.229
279.60  32.70   3.549   1.693     -3.860  -1.353    1.999   0.143
279.60  32.70   3.292   2.105     -3.860  -0.983    2.546   0.228
279.60  32.70   2.978   0.838     -3.315  -1.158    2.363   0.343
279.60  32.70   2.407   0.180     -2.735  -2.054    3.091   0.257
279.60  32.70   2.092   0.188     -2.205  -1.320    3.635   0.257
279.60  32.70   0.663   0.733     -0.579  -0.014    2.182   0.200
279.60  32.70   2.778   1.738     -3.315  -0.608    2.545   0.286
279.60  32.70   2.006   1.141     -2.205   0.319    2.363   0.285
279.60  32.70   1.463   0.993     -1.663  -0.760    0.909   0.429
286.10  41.20   6.267   3.018     -6.649  -11.430    3.107   0.289
286.10  41.20   6.007   3.615     -5.542  -11.801    3.292   0.347
286.10  41.20   5.545   1.912     -4.650  -9.618    3.658   0.173
286.10  41.20   5.343   6.389     -4.650  -9.988    2.193   0.231
286.10  41.20   5.199   2.394     -3.796  -9.260    4.571   0.202
286.10  41.20   5.025   1.086     -3.796  -8.533    4.570   0.231
286.10  41.20   4.823   2.534     -3.796  -8.903    3.840   0.202
286.10  41.20   4.563   1.524     -3.115  -8.178    4.206   0.231
286.10  41.20   4.390   2.517     -3.115  -7.633    3.108   0.173
286.10  41.20   4.130   1.565     -2.379  -6.360    3.293   0.404
286.10  41.20   3.957   1.737     -2.379  -6.912    3.474   0.231
286.10  41.20   3.697   1.747     -1.912  -5.638    3.290   0.289
286.10  41.20   3.408   0.934     -1.912  -4.914    3.291   0.289
286.10  41.20   3.177   1.215     -1.523  -4.370    3.107   0.289
286.10  41.20   2.830   0.987     -1.523  -4.013    3.107   0.289
286.10  41.20   2.542   0.364     -1.130  -3.471    4.021   0.260
286.10  41.20   2.137   2.460     -0.847  -5.308    2.925   0.376
286.10  41.20   1.733   1.366     -0.589  -3.307    2.744   0.375
286.10  41.20   1.473   2.679     -0.589  -4.775    2.559   0.549
286.10  41.20   0.722   0.728     -0.187  -1.136    2.559   0.289
286.10  41.20   5.776  44.028     -5.542  -23.689    2.742   0.462
286.10  41.20   3.177   4.524     -1.523  -11.683    5.120   0.231
286.10  41.20   3.061   3.762     -1.523  -8.578    3.656   0.318
286.10  41.20   2.484   4.849     -1.130  -6.763    2.559   0.231
286.10  41.20   2.108  26.344     -0.847  -12.073    2.194   0.260
286.10  41.20  10.888  32.009     -22.209  -35.639    2.377   0.404
286.10  41.20  10.368   0.085     -21.400  -21.939    2.377   0.722
286.10  41.20  10.253   0.293     -21.400  -19.931    3.291   0.809
286.10  41.20   9.819   0.182     -20.249  -20.489    2.560   0.433
286.10  41.20   9.762   1.990     -20.249  -23.233    2.194   0.635
286.10  41.20   8.866   5.995     -16.949  -23.619    2.741   0.491
286.10  41.20   9.098   0.379     -16.949  -18.312    2.377   0.433
286.10  41.20   8.578   8.006     -15.167  -20.335    1.829   0.549
286.10  41.20   7.480   2.753     -10.746  -13.778    1.829   0.260
286.10  41.20   7.711   0.290     -10.746  -11.031    2.194   0.404
286.10  41.20   7.105   1.015     -8.768  -10.314    1.644   0.289
286.10  41.20   6.845   0.577     -8.768  -6.663    2.925   0.635
286.10  41.20   6.238   1.004     -5.542  -7.408    2.559   0.347
286.10  41.20   5.343   0.642     -4.650  -6.149    2.377   0.318
286.10  41.20   3.841   1.417     -2.379  -4.355    1.829   0.318
286.10  41.20   3.090   0.282     -1.523  -2.544    2.378   0.289
286.10  41.20   2.455   0.040     -1.130  -1.279    3.109   0.231
286.10  41.20   2.397   0.075     -1.130  -0.183    3.657   1.126
286.10  41.20   1.329   0.630     -0.589  -1.305    2.559   0.231
289.50  41.60   4.143   2.977     -0.186  -6.667    3.786   0.657
289.50  41.60   4.143   5.388     -0.186  -5.670    2.391   0.400
289.50  41.60   3.286   2.884     -0.097  -5.272    3.188   0.429
289.50  41.60   2.943   1.624     -0.048  -4.076    3.188   0.343
289.50  41.60   2.229   1.414      0.071  -3.877    3.786   0.400
289.50  41.60   1.914   0.602      0.071  -3.080    4.185   0.457
289.50  41.60   1.857   3.390      0.071  -4.873    2.790   0.286
289.50  41.60   1.600   0.512      0.077  -1.486    2.391   0.343
289.50  41.60   1.343   0.876      0.077  -1.884    2.591   0.286
289.50  41.60   1.000   0.236      0.063  -1.486    3.188   0.314
289.50  41.60   0.686   0.540      0.010  -1.286    3.786   0.286
289.50  41.60   0.257   0.779      0.010  -0.888    3.786   0.286
289.50  41.60   9.114  34.478     -7.906  -27.790    3.388   0.686
289.50  41.60  10.257  83.035     -7.952  -33.370    2.790   1.429
289.50  41.60  10.543  85.633     -7.952  -33.768    2.790   0.657
289.50  41.60  10.486  113.589     -7.952  -35.562    2.591   0.714
289.50  41.60   9.971  108.457     -8.500  -37.554    2.790   0.600
289.50  41.60   4.514  89.971     -0.530  -26.993    2.790   1.200
289.50  41.60   5.314  109.014     -1.094  -34.366    3.188   0.543
289.50  41.60   0.886  151.152      0.063  -31.775    2.591   0.343
289.50  41.60   3.543  23.187     -0.097  -15.435    3.188   0.200
289.50  41.60   3.343  23.966     -0.097  -14.638    2.989   0.286
289.50  41.60   3.600  24.193     -0.097  -10.851    2.192   0.286
289.50  41.60   3.400  13.930     -0.097  -10.453    2.790   0.257
289.50  41.60   9.171  19.530     -7.906  -20.217    2.790   0.714
289.50  41.60   8.486  10.106     -7.164  -16.033    2.790   0.571
289.50  41.60   6.314   0.360     -2.060  -3.678    2.989   0.714
289.50  41.60   5.543   1.471     -1.094  -4.475    2.790   0.886
289.50  41.60   5.400   3.600     -1.094  -8.261    3.786   0.771
289.50  41.60   5.286  10.941     -1.094  -8.261    2.192   0.429
289.50  41.60   4.886  18.966     -0.677  -8.460    1.793   0.314
289.50  41.60   3.486   2.409     -0.097  -2.880    1.793   0.543
289.50  41.60   2.171   0.112      0.071  -0.489    3.786   0.571
289.50  41.60   2.429   0.845      0.026  -2.482    2.790   0.371
289.50  41.60   2.200   0.469      0.071  -1.286    3.786   0.343
289.50  41.60   0.400   0.304      0.010   1.504    2.989   0.429
289.90  43.60   7.200  17.181     11.865  -15.146    6.667   0.229
289.90  43.60   5.943   6.587     10.695  -4.214    5.831   0.257
289.90  43.60   5.714   8.191      9.904  -5.863    5.831   0.229
289.90  43.60   5.400   4.581      9.904  -3.338    6.245   0.343
289.90  43.60   5.000   4.987      9.089  -2.057    4.991   0.343
289.90  43.60   5.000   2.723      9.089  -1.224    6.250   0.314
289.90  43.60   4.743   3.201      8.206  -1.204    5.831   0.314
289.90  43.60   4.343   3.043      8.206  -2.006    6.250   0.257
289.90  43.60   4.086   2.245      7.430  -1.986    6.667   0.171
289.90  43.60   3.829   2.321      7.430  -1.132    6.250   0.257
289.90  43.60   3.657   1.949      6.446  -0.286    5.833   0.200
289.90  43.60   3.314   1.684      6.446   0.158    5.833   0.257
289.90  43.60   3.000   2.143      5.479   0.599    3.333   0.143
289.90  43.60   2.800   1.918      5.479   0.198    7.081   0.171
289.90  43.60   2.543   0.664      4.556   0.218    5.414   0.286
289.90  43.60   2.171   0.675      3.577   0.247    5.417   0.314
289.90  43.60   2.000   0.247      3.577   1.094    5.000   0.229
289.90  43.60   1.686   0.460      2.642   0.702    5.831   0.314
289.90  43.60   1.371   0.293      2.642   0.726    5.414   0.314
289.90  43.60   1.200   0.634      1.730   0.740    5.831   0.257
289.90  43.60   0.886   0.299      1.730   0.347    6.248   0.229
289.90  43.60   0.657   0.477      0.841   1.199    5.414   0.229
289.90  43.60   0.371   0.255      0.841   1.221    5.412   0.257
289.90  43.60   0.200   1.012      0.000   2.068    4.164   0.229
289.90  43.60  10.457  70.706     30.057  -22.484    6.250   0.229
289.90  43.60   9.886  79.403     24.946  -23.272    5.414   0.371
289.90  43.60   9.657  35.947     21.012  -23.671    7.502   0.229
289.90  43.60   9.314  52.680     21.012  -26.978    6.667   0.200
289.90  43.60   9.171  77.905     17.839  -26.133    5.000   0.229
289.90  43.60   8.657  43.048     15.391  -22.760    5.829   0.343
289.90  43.60   7.829  42.494     13.814  -23.945    5.831   0.229
289.90  43.60   7.629  35.142     12.537  -24.346    6.250   0.229
289.90  43.60   6.200  14.730     10.695  -11.318    5.833   0.286
289.90  43.60   8.743  96.153     15.391  -45.683    6.248   0.314
289.90  43.60   6.257  99.353     11.674  -50.489    6.250   0.371
289.90  43.60   2.571  47.701      4.556  -41.451    6.662   0.600
289.90  43.60   2.086  58.155      3.577  -37.663    5.414   0.229
289.90  43.60   0.771  69.676      1.730  -36.310    4.583   0.257
289.90  43.60   0.257  74.812      0.841  -52.937    6.248   0.286
289.90  43.60   4.143   1.008      7.430   0.926    6.667   0.600
289.90  43.60   5.171   3.208      9.089  -0.404    5.836   0.229
289.90  43.60   5.000   2.200      9.089  -0.807    6.671   0.171
289.90  43.60   3.171   0.195      5.479   4.752    6.667   0.400
289.90  43.60   2.886   0.470      5.479   3.525    4.167   0.229
289.90  43.60   2.914   0.033      5.479   5.189    4.162   0.514
295.70  45.80   7.991  11.069     -17.270  -24.643    2.216   0.290
295.70  45.80   6.249   3.963     -9.689  -15.958    3.425   0.319
295.70  45.80   5.263   6.164     -7.970  -14.334    2.619   0.464
295.70  45.80   4.914   2.081     -6.436  -9.897    2.417   0.493
295.70  45.80   4.451   5.874     -5.135  -10.496    2.216   0.348
295.70  45.80   4.915   7.494     -6.436  -11.912    2.015   0.261
295.70  45.80  10.112  92.959     -19.036  -46.226    2.820   1.565
295.70  45.80   9.792  66.296     -19.036  -41.991    2.820   1.014
295.70  45.80   7.991   9.613     -17.270  -27.262    3.223   0.840
295.70  45.80   7.240  63.115     -13.923  -36.318    2.821   0.927
295.70  45.80   7.154  85.553     -13.923  -38.130    2.619   0.435
295.70  45.80   4.626   8.620     -5.135  -15.132    3.424   0.406
295.70  45.80   2.976  77.437     -2.137  -25.184    2.619   0.464
295.70  45.80   1.991  68.983     -1.083  -26.179    3.022   0.348
295.70  45.80  12.499  105.821     -7.144  28.084    3.425   0.435
295.70  45.80   8.762  133.393     -19.257  17.857    3.223   0.261
295.70  45.80   8.358  120.102     -18.684  10.005    2.619   0.493
295.70  45.80   6.075   1.589     -9.689  -12.934    2.619   0.319
295.70  45.80   5.814   2.943     -9.689  -14.945    3.224   0.348
295.70  45.80   4.277   2.320     -5.135  -9.889    4.029   0.232
295.70  45.80   4.016   3.472     -3.855  -9.483    3.022   0.290
295.70  45.80   3.842   3.594     -3.855  -9.078    3.022   0.203
295.70  45.80   3.610   3.532     -2.927  -8.470    3.223   0.145
295.70  45.80   3.493   0.767     -2.927  -6.454    4.029   0.319
295.70  45.80   3.203   0.905     -2.137  -6.048    4.835   0.406
295.70  45.80   3.058   0.808     -2.137  -6.247    4.634   0.406
295.70  45.80   2.855   0.626     -2.137  -4.633    4.432   0.261
295.70  45.80   2.594   0.334     -1.422  -3.824    4.835   0.319
295.70  45.80   2.420   0.540     -1.422  -3.419    3.223   0.203
295.70  45.80   2.217   0.906     -1.083  -3.215    3.626   0.290
295.70  45.80   1.869   0.382     -1.083  -3.412    5.036   0.319
295.70  45.80   1.783   6.722     -1.083  -6.030    2.015   0.261
295.70  45.80   1.579   0.407     -0.704  -2.401    3.022   0.261
295.70  45.80   1.434   0.127     -0.704  -1.392    3.223   0.232
295.70  45.80   1.231   0.872     -0.418  -1.792    2.821   0.290
295.70  45.80   0.883   0.768     -0.418  -2.392    2.619   0.261
295.70  45.80   0.622   0.609     -0.199  -1.784    2.417   0.290
290.50  47.80  13.164   0.918     153.791  143.604   12.288   0.340
290.50  47.80  11.805   0.218     120.789  127.405   28.486   0.482
290.50  47.80   6.296   9.975     24.539  -1.063    8.378   0.255
290.50  47.80   5.814   8.523     22.161   0.054    7.820   0.255
290.50  47.80   2.665   1.528      9.451   2.288    7.820   0.198
290.50  47.80   0.509   0.053      1.839   0.054    7.820   0.425
290.50  47.80  11.719  13.975     101.697  130.757    7.820   0.539
290.50  47.80  12.828  27.920     153.791  115.676    7.261   0.284
290.50  47.80  13.511  84.840     167.918  106.180    6.703   0.482
290.50  47.80  12.802  35.368     153.791  104.504    8.378   0.227
290.50  47.80  13.201  107.082     153.791  96.126    5.586   0.284
290.50  47.80  12.405  15.306     136.082  103.387    8.378   0.340
290.50  47.80  12.296  78.750     136.082  81.604    6.144   0.568
290.50  47.80  11.786  33.800     120.789  75.460    7.820   0.482
290.50  47.80  10.709   0.949     78.690  72.108    7.820   0.425
290.50  47.80  10.825  31.391     91.327  57.027    6.144   0.369
290.50  47.80  10.913  78.255     91.327  41.946    5.586   0.284
290.50  47.80  10.686  36.922     78.690  38.036    6.703   0.511
290.50  47.80  12.479  372.281     136.082   6.757    6.703   0.511
290.50  47.80  10.974  213.195     91.327  17.928    5.027   0.369
290.50  47.80  10.861  140.976     91.327  11.784    6.703   0.369
290.50  47.80  10.520  89.915     78.690  15.135    6.703   0.255
290.50  47.80  10.379  76.893     78.690  15.135    7.261   0.227
290.50  47.80   7.658  24.197     29.973   0.054    6.144   0.227
290.50  47.80   7.431  19.281     29.973   0.613    6.703   0.227
290.50  47.80   4.168   2.239     15.103   3.405    8.378   0.312
290.50  47.80   3.146   0.997     11.310   6.198    6.703   0.227
290.50  47.80   2.494   0.276      9.451   5.640    7.261   0.199
290.50  47.80   1.700   1.410      5.639   4.522    6.144   0.170
290.50  47.80   1.444   0.080      5.639   4.522    7.820   0.227
290.50  47.80   0.849   0.457      3.740   1.730    6.144   0.255
290.50  47.80   0.622   0.299      1.839   2.847   10.054   0.227
290.50  47.80   0.338   0.703      1.839   2.847    5.027   0.199
290.50  47.80   0.140   0.614      0.000   2.288    6.703   0.198
290.50  47.80  10.352  210.981     78.690  159.802    5.586   0.454
290.50  47.80  10.816   3.044     91.327  107.297    9.495   0.397
290.50  47.80   7.854   6.651     36.318  14.577    8.937   0.171
290.50  47.80   8.055  31.255     36.318  -1.063    6.703   0.142
290.50  47.80   7.829  39.831     36.318  -2.180    6.144   0.227
290.50  47.80   7.630  28.675     29.973  -2.739    6.144   0.227
290.50  47.80   7.318  27.799     29.973  -2.180    6.144   0.284
290.50  47.80   7.119   9.266     26.486  -0.504    8.937   0.312
290.50  47.80   4.024   0.030     15.103  16.252    7.820   0.255
290.50  47.80   1.473   0.423      5.639   1.730    6.144   0.199
290.50  47.80   1.388   1.242      5.639   0.613    5.027   0.227
290.50  47.80   0.619  19.854      1.839  19.045    3.910   0.170
290.50  47.80   0.423   0.056      1.839   2.847    8.937   0.369
