210.45  -17.45   2.377
202.52  1.98  68.411
172.67  -43.50  30.925
150.18  -35.70   3.844
133.65  -32.11  49.623
135.94  -34.70  13.592
136.93  -33.73  21.543
137.87  -32.69  23.105
138.01  -33.16  92.545
138.09  -34.13  26.665
138.46  -34.64  180.052
137.88  -33.43   2.978
137.80  -32.70   9.909
137.86  -33.33   2.617
113.83  -28.68  10.761
147.43  -18.63  14.973
146.90  -19.20   0.891
146.48  -18.60  299.116
146.16  -18.17  89.430
146.87  -19.15  160.098
147.62  -6.11  39.066
108.65  4.36  86.464
103.77  1.21  277.351
103.87  1.31  457.730
98.41  7.75  14.406
108.85  11.33  10.842
117.85  24.40   3.188
109.45  18.28   5.158
109.50  18.23   2.490
72.98  4.30   1.726
73.03  5.27   0.345
96.82  -12.18   3.696
55.52  -4.68   1.602
45.27  -12.80  214.634
32.40  -28.47  21.350
300.45  13.04   9.281
