29.40  70.10   9.956  12.048     51.297  33.936    5.013   0.188
29.40  70.10   5.949   4.856     35.378  23.277    5.515   0.250
29.40  70.10   4.676   6.048     25.741  15.716    4.510   0.167
29.40  70.10   4.530   2.021     25.741  18.719    5.011   0.125
29.40  70.10   4.404   8.437     25.741  15.707    3.508   0.188
29.40  70.10   4.217   4.910     22.803  16.202    4.010   0.146
29.40  70.10   4.008   2.487     22.803  15.694    4.510   0.146
29.40  70.10   3.882   6.735     22.803  10.678    5.012   0.125
29.40  70.10   3.716   3.261     19.862  14.682    5.011   0.146
29.40  70.10   3.444   3.439     19.862  10.663    5.013   0.209
29.40  70.10   2.818   2.345     16.842   8.638    6.516   0.209
29.40  70.10   1.232   2.552      5.298   4.575    5.514   0.146
29.40  70.10   0.752   3.251      5.298   2.554    4.511   0.146
29.40  70.10   0.419   0.345      2.588   4.548    4.011   0.250
29.40  70.10   3.173   1.471     16.842  10.654    6.515   0.229
29.40  70.10   8.661  17.888     45.821  24.871    5.012   0.250
29.40  70.10   8.328   5.393     45.821  33.380    5.513   0.313
19.00  69.80  14.589   1.563     36.307  39.842    2.902   0.317
19.00  69.80  13.657  76.599     29.692  52.734    2.639   0.254
19.00  69.80  12.288  29.342     19.031  30.264    2.110   0.211
19.00  69.80  11.655  22.616     14.655  27.077    2.638   0.232
19.00  69.80   9.441   0.066      5.043   5.104    2.374   0.232
19.00  69.80   8.025   2.155     12.870   9.011    2.637   0.211
19.00  69.80   7.200   2.555     15.167  11.093    3.165   0.211
19.00  69.80   6.777   1.675     15.167  13.716    2.637   0.190
19.00  69.80   6.080   0.456     14.819  13.427    2.638   0.190
19.00  69.80   5.045   0.242     12.831  11.544    2.902   0.211
19.00  69.80   4.201   2.816     10.946   7.822    2.638   0.169
19.00  69.80   2.448   0.269      7.231   5.913    3.165   0.169
10.90  63.60  12.248  11.619     146.253  169.468    7.175   0.231
10.90  63.60  11.891   1.720     146.253  155.135    7.175   0.252
10.90  63.60  11.261   1.641     137.942  143.423    5.870   0.273
10.90  63.60  11.008   0.676     124.003  118.652    6.521   0.168
10.90  63.60  10.987   7.237     124.003  108.218    5.870   0.189
10.90  63.60   9.790   2.021     98.561  91.314    7.174   0.210
10.90  63.60   9.244   2.145     81.052  71.772    9.130   0.231
10.90  63.60   6.303   3.375     58.050  43.204    9.130   0.231
10.90  63.60   4.097   0.642     31.901  26.996    7.173   0.231
5.10  60.30  13.088   0.227     28.989  29.181    2.594   0.186
5.10  60.30  12.921   0.642     28.989  31.070    3.066   0.186
5.10  60.30  11.799  23.745     21.269  38.163    3.538   0.207
5.10  60.30   8.930   0.176      8.967   9.906    2.594   0.331
5.10  60.30   8.847   3.580      8.967   9.908    2.359   0.082
5.10  60.30   8.517   1.048     13.279  10.149    3.066   0.227
5.10  60.30   8.226   2.151     14.817  12.276    2.594   0.207
5.10  60.30   8.184   3.058     14.817  12.277    1.887   0.165
5.10  60.30  14.054   8.368     39.810  34.354    1.887   0.640
5.10  60.30  13.954  13.840     39.810  31.054    2.359   0.186
5.10  60.30  13.646  10.291     36.121  28.936    2.359   0.145
5.10  60.30  11.860  96.663     21.269  39.813    1.887   0.558
5.10  60.30  12.130  146.526     21.269  38.394    1.415   0.476
5.10  60.30  12.089  69.346     21.269  36.979    1.887   0.476
5.10  60.30  11.945  87.892     21.269  36.746    1.651   0.475
5.10  60.30  11.014  117.945     15.359  38.411    2.123   0.290
5.10  60.30  11.595  35.655     19.148  34.629    2.594   0.434
5.10  60.30  11.763  20.150     21.269  31.796    2.358   0.497
5.10  60.30  11.476   9.727     19.148  29.442    3.302   0.288
5.10  60.30  10.819  12.650     15.359  24.499    2.594   0.372
5.10  60.30  10.513   7.791     12.734  19.316    2.358   0.228
5.10  60.30  10.498   0.057     12.734  13.184    1.887   0.227
5.10  60.30  10.768   3.643     15.359  11.057    2.358   0.413
5.10  60.30  10.562   1.339     12.734  10.588    1.887   0.289
5.10  60.30  10.397   1.078     12.734  10.119    2.594   0.413
5.10  60.30  10.419   4.146     12.734   8.468    2.123   0.248
5.10  60.30  10.153   2.856      9.037   5.170    2.358   0.372
5.10  60.30   6.944   1.475     16.076  13.004    2.594   0.207
5.10  60.30   6.283   2.236     15.821  12.542    3.066   0.207
5.10  60.30   5.603   1.770     13.617  10.195    2.831   0.186
5.10  60.30   5.046   0.943     12.343   9.024    3.538   0.186
5.10  60.30   4.820   5.485     12.343   8.320    1.887   0.186
5.10  60.30   4.490   2.236     11.261   7.382    2.595   0.248
5.10  60.30   3.911   0.965     10.180   7.627    2.832   0.228
5.10  60.30   3.045   0.781      7.746   5.989    2.122   0.145
5.10  60.30   2.859   1.244      7.746   5.992    3.302   0.144
5.10  60.30   2.592   1.691      6.498   3.874    2.123   0.228
5.10  60.30   2.241   2.288      5.149   3.880    3.066   0.166
9.40  58.90  10.319  19.953     75.153  100.587    5.750   0.291
9.40  58.90  10.489   1.270     75.153  82.808    6.793   0.457
9.40  58.90  10.016   7.770     66.052  51.487    5.226   0.395
9.40  58.90   9.602   5.900     60.473  43.155    7.316   0.187
9.40  58.90   8.625   8.169     55.818  39.565    5.751   0.291
9.40  58.90   6.796   6.039     46.886  28.719    7.840   0.250
9.40  58.90   6.317   3.944     43.262  28.230    7.839   0.354
9.40  58.90   4.467   2.058     27.524  21.565    4.179   0.208
9.40  58.90   3.927   1.820     24.009  18.468    4.181   0.292
9.40  58.90   3.053   0.082     17.328  17.483    5.745   0.187
9.40  58.90   2.700   1.538     14.181  12.805    4.700   0.166
9.40  58.90   2.534   0.236     14.181  12.294    4.697   0.125
9.40  58.90   2.285   2.617     14.181  10.743    5.224   0.146
9.40  58.90   8.771  14.922     56.417  34.852    5.747   0.250
9.40  58.90   8.335  36.440     55.818  30.702    4.179   0.291
10.80  59.80  12.240   0.824     183.584  185.763    9.322   0.274
10.80  59.80  11.102   1.271     155.414  145.932    9.322   0.211
10.80  59.80  10.323   5.691     140.508  121.356    8.475   0.232
10.80  59.80   9.986  17.040     123.499  81.525   10.169   0.211
10.80  59.80   8.996   5.547     101.785  79.831    9.322   0.190
10.80  59.80   6.973   8.184     75.345  53.559    7.627   0.168
10.80  59.80   5.857   5.988     61.318  43.390    7.627   0.211
10.80  59.80   3.434   0.775     30.938  25.593    6.780   0.168
10.80  59.80  12.662   2.218     199.284  212.034    9.322   0.274
10.80  59.80  12.261   5.187     199.284  212.881    7.627   0.168
10.80  59.80  11.313  58.958     170.901  216.271    5.932   0.274
10.80  59.80  10.829   3.487     155.414  169.661    8.475   0.211
10.80  59.80  10.934   1.047     155.414  164.576    9.322   0.232
10.80  59.80  10.555   0.352     140.508  145.932   10.169   0.211
10.80  59.80   7.437   9.935     81.844  55.254    8.475   0.211
12.00  57.40  12.326  33.375     57.573  77.081    3.421   0.188
12.00  57.40  12.159  56.593     50.560  71.483    2.799   0.188
12.00  57.40  11.971  43.420     50.560  68.995    2.799   0.146
12.00  57.40  11.783  13.167     50.560  63.397    3.732   0.188
12.00  57.40  11.260   3.343     46.375  51.268    3.732   0.188
12.00  57.40  11.135   4.760     41.916  47.225    2.799   0.125
12.00  57.40  10.884   0.426     41.916  42.871    4.354   0.188
12.00  57.40  10.111   0.887     33.163  30.431    3.732   0.188
12.00  57.40   9.777  17.273     33.163  17.057    4.043   0.188
12.00  57.40   3.949   5.426     17.419  10.215    3.110   0.209
12.00  57.40   2.256   4.037     10.491   5.239    3.421   0.188
17.70  59.50  10.217  16.117     125.770  84.771   10.415   0.276
17.70  59.50  10.069  17.694     125.770  85.580    9.613   0.149
17.70  59.50   9.771  29.699     125.770  83.193    8.008   0.191
17.70  59.50   8.664  34.925     102.583  51.213    8.811   0.170
17.70  59.50   6.670   8.105     76.873  56.926    7.209   0.255
17.70  59.50   6.414  12.660     76.873  45.727    8.811   0.212
17.70  59.50   5.842  10.997     69.667  48.961    6.408   0.212
17.70  59.50   5.481   9.004     62.590  43.373    6.408   0.191
17.70  59.50   5.458  14.302     62.590  35.365    7.209   0.212
17.70  59.50   5.268  14.304     62.590  37.778    7.209   0.148
17.70  59.50   5.097  11.349     55.204  31.379    7.210   0.148
17.70  59.50   4.970  33.057     55.204  32.187    4.005   0.191
17.70  59.50   4.802   2.663     55.204  43.410    8.811   0.213
17.70  59.50   4.461   3.162     48.738  34.617    8.008   0.170
17.70  59.50   4.524   5.145     48.738  30.609    8.009   0.170
17.70  59.50   4.333   8.041     48.738  25.814    8.812   0.148
17.70  59.50   4.056   6.277     42.598  22.624    8.010   0.234
17.70  59.50   3.866   4.469     42.598  25.037    8.810   0.191
17.70  59.50   3.782   3.590     42.598  31.450    8.010   0.170
17.70  59.50   3.547   2.816     36.713  25.054    7.209   0.106
17.70  59.50   3.250   7.070     36.713  21.866    7.209   0.149
17.70  59.50   3.102   1.061     30.507  21.874   11.215   0.148
17.70  59.50   2.975   0.035     30.507  29.090    9.610   0.212
17.70  59.50   2.953   1.009     30.507  23.484    7.209   0.191
17.70  59.50   2.549   1.012     24.885  17.098    8.011   0.191
17.70  59.50   2.061   0.521     19.463  14.721    8.811   0.127
17.70  59.50   1.849   1.936     19.463  13.131    8.811   0.127
17.70  59.50   1.296   3.100     14.242   8.354    8.008   0.127
17.70  59.50   1.169   4.014      9.309   7.560    6.407   0.085
17.70  59.50   1.042   0.095      9.309  10.771    8.007   0.170
17.70  59.50   0.575   0.346      4.613   6.791    7.208   0.148
17.70  59.50   0.108   2.013      0.000   3.612    5.607   0.085
17.70  59.50   9.981  53.128     125.770  61.556    8.811   0.213
17.70  59.50   9.768  66.849     125.770  60.766    8.010   0.233
17.70  59.50   9.537  12.867     114.894  77.599   10.412   0.190
17.70  59.50   9.302  32.103     114.894  61.592    9.613   0.170
17.70  59.50   9.047  29.343     106.564  63.207    8.010   0.233
17.70  59.50  10.069  19.265     125.770  87.182    8.812   0.233
17.70  59.50   9.579  21.276     114.894  74.392    8.809   0.212
17.70  59.50   9.453   7.695     114.894  81.608   12.014   0.340
17.70  59.50   8.986   7.169     106.564  80.832    9.612   0.340
17.70  59.50   8.816   8.172     106.564  76.035   11.208   0.212
17.70  59.50   8.432  14.916     102.583  62.439   10.413   0.297
17.70  59.50   9.174  32.585     106.564  56.793    8.811   0.212
17.70  59.50   7.776  17.440     96.476  73.688    5.607   0.234
17.70  59.50   0.936   0.165      9.309   7.572   12.016   0.169
17.70  59.50   0.511   0.020      4.613   3.590    8.010   0.191
19.90  64.00   8.900   4.972     205.177  176.609   13.190   0.189
19.90  64.00   8.669   4.838     191.205  162.295   14.389   0.189
19.90  64.00   6.320  20.084     133.930  86.307   10.791   0.231
19.90  64.00   3.087   2.308     51.606  32.185   13.190   0.231
23.30  60.10   8.834  29.890     74.173  41.007    6.132   0.208
23.30  60.10   8.710  36.780     73.272  40.384    5.519   0.187
23.30  60.10   8.542  25.819     73.272  45.276    5.519   0.145
23.30  60.10   8.419  80.447     73.272  40.360    3.679   0.124
23.30  60.10   8.251  22.313     73.272  45.252    6.132   0.208
23.30  60.10   7.921  26.198     69.758  38.480    6.132   0.187
23.30  60.10   7.649  17.133     66.398  43.976    5.520   0.187
23.30  60.10   7.671  25.897     66.398  39.072    5.519   0.146
23.30  60.10   7.484  16.438     66.398  39.057    6.745   0.187
23.30  60.10   7.152  31.837     63.006  39.030    4.294   0.187
23.30  60.10   6.986  16.923     63.006  37.790    6.132   0.125
23.30  60.10   6.801  28.885     63.006  34.095    5.519   0.166
23.30  60.10   6.592  11.530     57.805  35.305    6.745   0.146
23.30  60.10   6.489  21.060     57.805  35.296    4.906   0.146
23.30  60.10   6.012  19.927     52.247  30.352    4.905   0.166
23.30  60.10   5.846  26.602     52.247  30.338    4.292   0.208
23.30  60.10   5.079  28.534     41.713  25.370    3.066   0.228
23.30  60.10   4.934   8.993     41.713  25.358    5.519   0.145
23.30  60.10   4.291   8.323     36.957  21.626    6.130   0.146
23.30  60.10   4.229   8.678     32.399  20.395    6.132   0.104
23.30  60.10   4.063   5.314     32.399  19.768    5.519   0.228
23.30  60.10   3.876  494.476     32.399  19.139    0.625   0.019
23.30  60.10   3.565   3.595     27.945  17.887    5.517   0.124
23.30  60.10   3.399   4.254     27.945  16.034    6.134   0.145
23.30  60.10   3.337   6.409     27.945  15.416    5.519   0.146
23.30  60.10   3.129   2.964     23.751  16.012    4.905   0.187
23.30  60.10   2.860   3.387     23.751  14.151    6.132   0.145
23.30  60.10   2.424   4.737     19.576  10.436    4.294   0.166
23.30  60.10   2.257   3.587     19.576  13.488    6.747   0.146
23.30  60.10   1.947   0.924     15.424   8.557    7.360   0.229
23.30  60.10   1.740   1.859     11.361   7.927    7.358   0.187
23.30  60.10   1.615   0.845     11.361   7.917    7.357   0.145
23.30  60.10   1.448   0.111     11.361  10.356    5.520   0.187
23.30  60.10   0.848   1.491      7.404   2.948    5.520   0.166
23.30  60.10   0.536   0.116      3.607   2.310    7.360   0.125
23.30  60.10   1.948   2.079     15.424   6.718    6.132   0.208
23.30  60.10   4.127   7.514     32.399  13.028    7.360   0.166
23.30  60.10   3.607   3.216     27.945  15.438    7.358   0.187
23.30  60.10   3.296   6.852     27.945  12.347    6.745   0.166
23.30  60.10   3.213   3.149     23.751  13.566    6.745   0.228
23.30  60.10   2.590   0.864     19.576  13.515    7.358   0.208
23.30  60.10   2.487   5.164     19.576   9.828    4.292   0.166
23.30  60.10   2.363   2.657     19.576   7.978    7.971   0.187
23.30  60.10   2.406   6.414     19.576   4.302    6.743   0.083
23.30  60.10   2.052   1.568     15.424   6.726    7.360   0.125
23.30  60.10   1.636   1.004     11.361   6.079    9.200   0.166
23.30  60.10   1.346   2.724     11.361   3.602    6.132   0.145
23.30  60.10   1.243   3.304      7.404   2.981    6.132   0.145
23.30  60.10   0.848   1.660      7.404   4.175    7.971   0.125
24.90  59.40   6.076   9.934     34.210  21.449    4.091   0.168
24.90  59.40   5.468   6.182     30.948  19.667    4.546   0.211
24.90  59.40   4.210   3.225     21.977  13.835    5.455   0.211
24.90  59.40   2.238   1.723     10.777   8.499    6.361   0.189
24.90  59.40   1.903   1.016     10.777   6.702    4.546   0.210
24.90  59.40   8.282  19.573     42.465  21.315    5.000   0.168
24.90  59.40   7.190  20.390     40.144  20.472    4.546   0.147
24.90  59.40   5.678   4.829     30.948  19.200    5.908   0.190
24.90  59.40   4.315   4.678     24.803  14.283    5.454   0.189
24.90  59.40   2.638   2.716     13.601   8.021    4.547   0.125
24.90  59.40   1.903   0.719     10.777   6.247    6.364   0.210
24.90  59.40   5.866  11.962     34.210  20.552    4.091   0.148
24.90  59.40   5.299   7.197     30.948  20.132    4.999   0.127
24.90  59.40   5.152   5.666     27.687  19.686    3.637   0.168
24.90  59.40   4.437   0.879     24.803  21.548    4.091   0.127
24.90  59.40   4.147   2.362     21.977  14.748    5.454   0.189
24.90  59.40   1.819   0.995     10.777   7.616    6.364   0.210
10.70  57.70   5.645  11.001     24.871  13.235    3.738   0.127
10.70  57.70   5.561   6.380     24.871  13.913    4.418   0.127
10.70  57.70   5.455   7.773     24.871  13.571    4.078   0.148
10.70  57.70   5.286  13.924     24.871  13.567    3.398   0.127
10.70  57.70   5.138  10.077     22.079  13.224    3.058   0.106
10.70  57.70   4.968   6.739     22.079  11.521    4.078   0.169
10.70  57.70   4.820   6.999     22.079  12.197    4.078   0.169
10.70  57.70   4.694  10.919     19.797  10.835    3.058   0.127
10.70  57.70   4.524   8.673     19.797   9.812    3.398   0.127
10.70  57.70   4.377  18.120     19.797   8.449    2.718   0.148
10.70  57.70   4.208   7.988     17.499   5.387    4.758   0.169
10.70  57.70   4.017  12.370     17.499   6.742    3.059   0.233
10.70  57.70   3.827  10.758     17.499   5.718    3.738   0.190
10.70  57.70   3.763  24.685     17.499   6.057    2.379   0.191
10.70  57.70   3.552   7.960     15.242   5.712    3.398   0.169
10.70  57.70   3.383   8.352     15.242   5.708    3.398   0.169
10.70  57.70   3.192   6.778     12.837   4.684    3.398   0.190
10.70  57.70   2.663   3.079     10.572   5.012    4.078   0.148
10.70  57.70   2.452   3.125     10.572   5.347    3.059   0.106
10.70  57.70   2.198   2.581      8.256   5.341    2.380   0.190
10.70  57.70   2.071   1.559      8.256   4.659    3.059   0.169
10.70  57.70   1.775   2.530      8.256   4.992    3.738   0.169
10.70  57.70   1.648   1.004      5.975   4.310    3.398   0.169
10.70  57.70   1.500   0.435      5.975   3.287    4.078   0.127
