3.724496063001392798e+01
3.704354223686122083e+01
3.680989022957754031e+01
3.657049350112163211e+01
3.637272948289315622e+01
3.624897513828272366e+01
3.621944616141484374e+01
3.628065945840265982e+01
3.641354680924784049e+01
3.658801378697371831e+01
3.678542133075541187e+01
3.698645475723409959e+01
3.717090463712973047e+01
3.734905195543870349e+01
3.750968772949329377e+01
3.765392797717443329e+01
3.778037918515336457e+01
3.789289663215598836e+01
3.798747848238138403e+01
3.806619200867010022e+01
3.812475882732022825e+01
3.817203967902533179e+01
3.820384702475296024e+01
3.822581735417602289e+01
3.823938650775272663e+01
3.824722897682831046e+01
3.825211958082639541e+01
3.825411169688376845e+01
3.825430678524183037e+01
3.825230677347698816e+01
3.825078551934119986e+01
3.824902198909661877e+01
3.724325066384888316e+01
3.698186370281827351e+01
3.668652151368475955e+01
3.640661158797651353e+01
3.619015718805540871e+01
3.608407979073781746e+01
3.609831048838338319e+01
3.623175242066925250e+01
3.645847679295099653e+01
3.674361931412316551e+01
3.705476298122734136e+01
3.736604544769920722e+01
3.766567770704481433e+01
3.794527339571832414e+01
3.820248635930788339e+01
3.843239549472322381e+01
3.863897311478810082e+01
3.881570377132555905e+01
3.896305126462721091e+01
3.907949600804494850e+01
3.916899422249405660e+01
3.923479661710417332e+01
3.927826956758092081e+01
3.930712207577594342e+01
3.932562443088210102e+01
3.933151443446364226e+01
3.933034357685390603e+01
3.933007393655801565e+01
3.932632091763115767e+01
3.932107264367391508e+01
3.931853854472229415e+01
3.931377676333789850e+01
3.724097295872216051e+01
3.691304027830829426e+01
3.655491842717997031e+01
3.622772608932384486e+01
3.598787850153755130e+01
3.588354054051696806e+01
3.594690860633736662e+01
3.616249386290796508e+01
3.650248025398508389e+01
3.691735163570773892e+01
3.736816530153464555e+01
3.781993831403313067e+01
3.825406518740151540e+01
3.865602268615337778e+01
3.902555921348759682e+01
3.935455711862932304e+01
3.964321064563497998e+01
3.988858174453221750e+01
4.008463655790061608e+01
4.024009239917732117e+01
4.035142755053165331e+01
4.042597506784694872e+01
4.047528150460557583e+01
4.050261361448229991e+01
4.051357123059084131e+01
4.051363345644693936e+01
4.050395530440915337e+01
4.049568097364834784e+01
4.048359841228343470e+01
4.047158194500456574e+01
4.046080741225584632e+01
4.045084730657364958e+01
3.721687753807079702e+01
3.681247420097757583e+01
3.638762016098583985e+01
3.600118996263682192e+01
3.572754815756691471e+01
3.562547179926182395e+01
3.573422649928978245e+01
3.603786174428154254e+01
3.649588029205203554e+01
3.705284633088664492e+01
3.765608522849186812e+01
3.826134092886486826e+01
3.883744206432288593e+01
3.937064387781844488e+01
3.985186661446658718e+01
4.027640069992978766e+01
4.063731812916630304e+01
4.093588447776347294e+01
4.116918955797569168e+01
4.133814999262150280e+01
4.145606217851990749e+01
4.152848506562779107e+01
4.156619982635258026e+01
4.157845280733174320e+01
4.157224732021986568e+01
4.155445170399460153e+01
4.153188763197775302e+01
4.150809933368589810e+01
4.148074131631778272e+01
4.145760405780199420e+01
4.143514738763396110e+01
4.141716111941783396e+01
3.712066745397064693e+01
3.664532121424137756e+01
3.614042245183107838e+01
3.569091841658052289e+01
3.537756187538398933e+01
3.527434103852806402e+01
3.541901376494639919e+01
3.580182000250871255e+01
3.637852441963882200e+01
3.707770861575819055e+01
3.782768014052413719e+01
3.857587150191385206e+01
3.928577802452384304e+01
3.993166857865382013e+01
4.050203895184887415e+01
4.099439991486833179e+01
4.139668928419219185e+01
4.171690482966931057e+01
4.195546500807538592e+01
4.211642004566284925e+01
4.221621058257054671e+01
4.226291630319213510e+01
4.226934273923193075e+01
4.225393837975425271e+01
4.221970327514638655e+01
4.218048903156018525e+01
4.213349361209873223e+01
4.209006055107806787e+01
4.204824144161221966e+01
4.201083935816732406e+01
4.197721122650956715e+01
4.194792857135379194e+01
3.690835031051164350e+01
3.635490745501000021e+01
3.577771461201755443e+01
3.526082465657161436e+01
3.490250705568176670e+01
3.478756255830206356e+01
3.495903745128411799e+01
3.541158568823306041e+01
3.608994199102719591e+01
3.691067065612790543e+01
3.778653387617068660e+01
3.864974076649062340e+01
3.945147116948277954e+01
4.016600867144261144e+01
4.078220764728218484e+01
4.129375560912412624e+01
4.169930529279830722e+01
4.199970656838389971e+01
4.220716032439477061e+01
4.233038965970101231e+01
4.238615482971081150e+01
4.239334266016160058e+01
4.236457177748868475e+01
4.231346469670328503e+01
4.225319194408101708e+01
4.218662405566442430e+01
4.211963811985299344e+01
4.205837665272222381e+01
4.200467664616189722e+01
4.195775878587370045e+01
4.191632262506598749e+01
4.188353427489853686e+01
3.650605861804214669e+01
3.587984472726939345e+01
3.524216373643250932e+01
3.466452977763093202e+01
3.426047814296759952e+01
3.413373290006568794e+01
3.432530480191484656e+01
3.483092179155580936e+01
3.558687486877358452e+01
3.649427996058717838e+01
3.745321263064111861e+01
3.838279650242594698e+01
3.922961597891926999e+01
3.996065759431617437e+01
4.056707750458713235e+01
4.104968712246375162e+01
4.140934947301160207e+01
4.165871963935333611e+01
4.181267920270764193e+01
4.188505556882276437e+01
4.189577051447259493e+01
4.186480786038745805e+01
4.180844718879150435e+01
4.173420478816324675e+01
4.166099561313124866e+01
4.158645547090532091e+01
4.151848978317704564e+01
4.145754841153053150e+01
4.140615642370450900e+01
4.136158098376317582e+01
4.132357463691639055e+01
4.129582706098685208e+01
3.584590512781917937e+01
3.516746174712947237e+01
3.447055082896785194e+01
3.384803651665565383e+01
3.341656799154522162e+01
3.327860956591527497e+01
3.348776140287061764e+01
3.403275146978182875e+01
3.484134981292221767e+01
3.580193202760746374e+01
3.680217793742826871e+01
3.774731218602416050e+01
3.858335422512075752e+01
3.927999146414314424e+01
3.983659376759995041e+01
4.025651333696321643e+01
4.055433965512724370e+01
4.074415958291201179e+01
4.084676405930397181e+01
4.088223795632348612e+01
4.087457053590029687e+01
4.084013733992770057e+01
4.078899106215639847e+01
4.073721495989331487e+01
4.068891366588960068e+01
4.064483686059779188e+01
4.060833780794671100e+01
4.057959753631519817e+01
4.055663475864976419e+01
4.053722436458789247e+01
4.052474156297660102e+01
4.051239273801883201e+01
3.489055790095194709e+01
3.418031271141252603e+01
3.344642589340591599e+01
3.279880581518484917e+01
3.235566989895914958e+01
3.222407091331054829e+01
3.245315043438592539e+01
3.303023822956193101e+01
3.387016629320037708e+01
3.485419483619444492e+01
3.585272452277477129e+01
3.677606888072788394e+01
3.756407335670053982e+01
3.820064748622906592e+01
3.868808073735026909e+01
3.904241696247851223e+01
3.928406086250225115e+01
3.943947458802427519e+01
3.953193426971694180e+01
3.958299935354684607e+01
3.961166313312364196e+01
3.963487498743758408e+01
3.966071059396693954e+01
3.969024233735203921e+01
3.972767154146200141e+01
3.976670581231784496e+01
3.980980785629697039e+01
3.985079170652124247e+01
3.988991928071677506e+01
3.992815120186804023e+01
3.995997400596687754e+01
3.998817450630441073e+01
3.365514028214585096e+01
3.292112483185449889e+01
3.217773807080894244e+01
3.153679806819143394e+01
3.110936321268901494e+01
3.100652629008485306e+01
3.126897770597970805e+01
3.187791413751862635e+01
3.273965757291710332e+01
3.372384155328125388e+01
3.470126861347332436e+01
3.557583887692250357e+01
3.629738769163565593e+01
3.686272236789606183e+01
3.728128124927806653e+01
3.758621323025612782e+01
3.780892228190476345e+01
3.797580702371083561e+01
3.811633595700924815e+01
3.825022448013170617e+01
3.839387956275983527e+01
3.854858542979719260e+01
3.871877695095786720e+01
3.890080727581889164e+01
3.908602675219398037e+01
3.926655855446418286e+01
3.943535245672003242e+01
3.958970947242355720e+01
3.972516351162822446e+01
3.984326407924019975e+01
3.994161636258878190e+01
4.002638015545719696e+01
3.219406706565909815e+01
3.146773361950117121e+01
3.075435436391522259e+01
3.015122423184338629e+01
2.977224697067278214e+01
2.972228892779624232e+01
3.003625224502053470e+01
3.068566207743465668e+01
3.156841025382321675e+01
3.254421073223585381e+01
3.348226712560170171e+01
3.429254118698396780e+01
3.493773081689349880e+01
3.542490208209746783e+01
3.578305938772466277e+01
3.605449792282420418e+01
3.628275908061122834e+01
3.650119453438943395e+01
3.673743339510483707e+01
3.701082224158201228e+01
3.732098944011508479e+01
3.767115080958379281e+01
3.804300168336877164e+01
3.842483796068636082e+01
3.880068706400681577e+01
3.915587722300428908e+01
3.948402239192851226e+01
3.977331460048782930e+01
4.002780775670539271e+01
4.024047426835000607e+01
4.041922908807931236e+01
4.056236469915896237e+01
3.063657098916043608e+01
2.995826537173272186e+01
2.930628850167332899e+01
2.877802013750675769e+01
2.848562562502118212e+01
2.851838469362468587e+01
2.891102298010800098e+01
2.961760065712415013e+01
3.052679504325108795e+01
3.149311075182410846e+01
3.238248593264462016e+01
3.311199392569163535e+01
3.365511088117283833e+01
3.403956087585319779e+01
3.431234447536220245e+01
3.453481752444246666e+01
3.475941494556251854e+01
3.502190804381611144e+01
3.535813798483621184e+01
3.577075702215657316e+01
3.626102069044494414e+01
3.680845111030742345e+01
3.738954962408983107e+01
3.797715758502419447e+01
3.855055110315092293e+01
3.908209485383387971e+01
3.956640402110868138e+01
3.999156431999261940e+01
4.035735247791646430e+01
4.066179776084765507e+01
4.091424939716628728e+01
4.111610624629872035e+01
2.914341723809589979e+01
2.854059814037816167e+01
2.798722542836845051e+01
2.757682079102205108e+01
2.740666810015933308e+01
2.756286796674320527e+01
2.806372747784367405e+01
2.885289539709208739e+01
2.980644601185587916e+01
3.076489183377839254e+01
3.159226866000139822e+01
3.221091034455044877e+01
3.260908278098381885e+01
3.283269589032252611e+01
3.295530563739571051e+01
3.305354318081117526e+01
3.320182396774447398e+01
3.344224032479500153e+01
3.380849363329101465e+01
3.430166546370546143e+01
3.490748549673944012e+01
3.559935933982112033e+01
3.633971172976417563e+01
3.708786623452773057e+01
3.780741841968355743e+01
3.847813171844948243e+01
3.908720687565284635e+01
3.961387391605661179e+01
4.006285324932837710e+01
4.043203164179848841e+01
4.073955213144401455e+01
4.098543031360702571e+01
2.784769172328328679e+01
2.735703638819031269e+01
2.694129598941193038e+01
2.668355070519412564e+01
2.667868812328234895e+01
2.699555765258218187e+01
2.764541396610585977e+01
2.855248278735322742e+01
2.957168182258481792e+01
3.052763906210053690e+01
3.128176083253901751e+01
3.174928304777816734e+01
3.193877783690508920e+01
3.191593817881036799e+01
3.178188685321402218e+01
3.164486176259573824e+01
3.159004888587917748e+01
3.168463130603761968e+01
3.195723876571132749e+01
3.241471365211888411e+01
3.302512167489501138e+01
3.375558596405327449e+01
3.455564341202586576e+01
3.537182223389297775e+01
3.616571384250411825e+01
3.690714803634836727e+01
3.757056393115483672e+01
3.814813610504150887e+01
3.863713709393751827e+01
3.903952450280313258e+01
3.936926396473065637e+01
3.963148522432562970e+01
2.686498512913475523e+01
2.651522843893710046e+01
2.626341354940659656e+01
2.618906446014944578e+01
2.638204304140804979e+01
2.690079672742480099e+01
2.773988027138893386e+01
2.880094087037199557e+01
2.991490769943639094e+01
3.088245311613654920e+01
3.154577728173502393e+01
3.182695114572173978e+01
3.174034807723975860e+01
3.137792466988305407e+01
3.087754824387942776e+01
3.037520566781667242e+01
2.998310984772443177e+01
2.978972121386979666e+01
2.983037101390458901e+01
3.010769470129088532e+01
3.059484565467322525e+01
3.124001429997047552e+01
3.198530745463790481e+01
3.276978135741269682e+01
3.354580995685672207e+01
3.427413869302890959e+01
3.492746971905538800e+01
3.549819219303141438e+01
3.597627209570079998e+01
3.637494834911234420e+01
3.669632025257127594e+01
3.695213963374976629e+01
2.624154399391596115e+01
2.605071318483306442e+01
2.597852044967337193e+01
2.611044071508512943e+01
2.652886906928100430e+01
2.728132711074039207e+01
2.834234872031358066e+01
2.958945943171414328e+01
3.082359890899562771e+01
3.181766734719557377e+01
3.238922036413819683e+01
3.245122619678929965e+01
3.203525003386809544e+01
3.125993290071265562e+01
3.029904448830860275e+01
2.932608780429200124e+01
2.848432592128297003e+01
2.788299559749451362e+01
2.757219113429390944e+01
2.755861569114192378e+01
2.780794494101848713e+01
2.826590559828691340e+01
2.886038878689023335e+01
2.952681797022054511e+01
3.020699102340919495e+01
3.085647851329562030e+01
3.144764197677010742e+01
3.196452667278240867e+01
3.239931351591259556e+01
3.275715206471193852e+01
3.304757049694062232e+01
3.327798706794904859e+01
2.597059746246553757e+01
2.593895803680875645e+01
2.605726212406028353e+01
2.640595567099725471e+01
2.706187117804914877e+01
2.806513414485971936e+01
2.936952195291560486e+01
3.082462431340012543e+01
3.219626468559835786e+01
3.322517769629299522e+01
3.369726920939177006e+01
3.352929757513428655e+01
3.275423590110197125e+01
3.152361491635588209e+01
3.004685383062514958e+01
2.853812929917545915e+01
2.718097956013674832e+01
2.610277665217238408e+01
2.537013908073920376e+01
2.499549452312353637e+01
2.494392724500675840e+01
2.515024020503949487e+01
2.554142122552783079e+01
2.603756190250022939e+01
2.657982583061724569e+01
2.711399311288904102e+01
2.760829905377003612e+01
2.804866608505899706e+01
2.841857909813555594e+01
2.872231673142110253e+01
2.896712298884519043e+01
2.916407762808988480e+01
2.599190183570288681e+01
2.611853870744893769e+01
2.642285579045332966e+01
2.698710428103727921e+01
2.788460859767616284e+01
2.914251398647135716e+01
3.069369522256216953e+01
3.236021952432984961e+01
3.387338918997132708e+01
3.493636955100613761e+01
3.531611151576255025e+01
3.490735645357028716e+01
3.376062880017477141e+01
3.206135871919817504e+01
3.005222863817311918e+01
2.799199920615479797e+01
2.610017036002611235e+01
2.453035010139975824e+01
2.335996516328784622e+01
2.261005183086273362e+01
2.224357263986647126e+01
2.218950022966113167e+01
2.236312030736036505e+01
2.268129809205249359e+01
2.307635062697090689e+01
2.348949934001154816e+01
2.388541117773952038e+01
2.423807021065818645e+01
2.454163416421430099e+01
2.479189083659304416e+01
2.499106264739107530e+01
2.515061810731215530e+01
2.624497197564286566e+01
2.652076499498531703e+01
2.700230004030839837e+01
2.777380222962805689e+01
2.890433804374686844e+01
3.040396503115104210e+01
3.219189670418449367e+01
3.406046767499842787e+01
3.570066971220212793e+01
3.678442314394536794e+01
3.706178267337387666e+01
3.641224032041299097e+01
3.490484497608395031e+01
3.274444599080332807e+01
3.021742650298485344e+01
2.763128929517805332e+01
2.522752261686110486e+01
2.319298836462172275e+01
2.162010581651561836e+01
2.052722437673363132e+01
1.987631579264339265e+01
1.959085143021860276e+01
1.957702034552628945e+01
1.974240520327590076e+01
2.001155688128728727e+01
2.032251537577194966e+01
2.062919544130974714e+01
2.091531433955300656e+01
2.116039089977243393e+01
2.136343208455732778e+01
2.152734848533192391e+01
2.165595444760027277e+01
2.668886818033057651e+01
2.710061910304935040e+01
2.774837018405597178e+01
2.871209187886109149e+01
3.005580649740987198e+01
3.177945938245768787e+01
3.377541501560035186e+01
3.581522628154258570e+01
3.755798512463770322e+01
3.864773165089054174e+01
3.880910835285732219e+01
3.792294996870529644e+01
3.606234591477420537e+01
3.347049758677007247e+01
3.046937299329340121e+01
2.740111194183842613e+01
2.454571329795915702e+01
2.210799044317131390e+01
2.019421631034786557e+01
1.882434287475701140e+01
1.795292612628844253e+01
1.749410913222104824e+01
1.734554581774360571e+01
1.740559155970156269e+01
1.758823075438663253e+01
1.783101840468611243e+01
1.808479640481794348e+01
1.832179217083052691e+01
1.852969399819581042e+01
1.870073899360355085e+01
1.884041982449101127e+01
1.894707958697986072e+01
2.731947750329398517e+01
2.785423113951146945e+01
2.864865626802334830e+01
2.978421129275811552e+01
3.131659213485561466e+01
3.323061980056159115e+01
3.540145817365999648e+01
3.757284513323619990e+01
3.938282417724072815e+01
4.045306558606363012e+01
4.048630399015790005e+01
3.936831423671934260e+01
3.718356000703965947e+01
3.419759317341758020e+01
3.077623732125211831e+01
2.729104832109618783e+01
2.405852584249734605e+01
2.129963900559484458e+01
1.912842825771891597e+01
1.756183353943277226e+01
1.654822162691360532e+01
1.598860508393083180e+01
1.576865890146645910e+01
1.578004207311684048e+01
1.592623819756133230e+01
1.614108769133776278e+01
1.637106022373302139e+01
1.659124967496626724e+01
1.678129734387460914e+01
1.693976756991846599e+01
1.706594380422768964e+01
1.716097264470347383e+01
2.814728960308791983e+01
2.879214488340687339e+01
2.971658610794508704e+01
3.099938057875618469e+01
3.268791474033889699e+01
3.475323176814605830e+01
3.705718228126072233e+01
3.931380669334617295e+01
4.115363638025057469e+01
4.217191496653840943e+01
4.207122936369488286e+01
4.072903646453654147e+01
3.825131147887218930e+01
3.492388223877924958e+01
3.114319648966777621e+01
2.732374329895490206e+01
2.379905657018557719e+01
2.080542093570824846e+01
1.846178659420807477e+01
1.678324889717736923e+01
1.570552488174482519e+01
1.511639126573031433e+01
1.489164736864684713e+01
1.490767661814787459e+01
1.506567298407122202e+01
1.528956545291920044e+01
1.552979328364940770e+01
1.575515234221948191e+01
1.594879549746930003e+01
1.610832060697222090e+01
1.623342221496114490e+01
1.632842905720999482e+01
2.919219719061255702e+01
2.993111959257078070e+01
3.096396635942085851e+01
3.236673666698388274e+01
3.417572364656213324e+01
3.634796247731468810e+01
3.873148051875851650e+01
4.103136700590879826e+01
4.285855626420512721e+01
4.380923772727047805e+01
4.356532538546160538e+01
4.202011403312678794e+01
3.928500573552744868e+01
3.567039186642007564e+01
3.160781295491352694e+01
2.752723379310061702e+01
2.379221143423810148e+01
2.064614519800159087e+01
1.821332449829635536e+01
1.649928229993188467e+01
1.542686447776742931e+01
1.487114859907746478e+01
1.469303252812967564e+01
1.476079526802611142e+01
1.496878918639986544e+01
1.523403185687256389e+01
1.550875593769884908e+01
1.575712390790157258e+01
1.597052404241163792e+01
1.614297309258123292e+01
1.627712196809284606e+01
1.637729561572305315e+01
3.045687511768355193e+01
3.127365821175318672e+01
3.239178185184009351e+01
3.388110910615191784e+01
3.576834438333892763e+01
3.800244384474805770e+01
4.041454445023363462e+01
4.270815495607617862e+01
4.448929067723106812e+01
4.534456563582106270e+01
4.496890395429171150e+01
4.324009256036898563e+01
4.029664516410096553e+01
3.645899289015525824e+01
3.218284932881454097e+01
2.791603671459420610e+01
2.404198719275112950e+01
2.081827203361544321e+01
1.836186862573814693e+01
1.667094011397579578e+01
1.565637863741964786e+01
1.517853067075013485e+01
1.508766341867383787e+01
1.523931134787986785e+01
1.552052152121074258e+01
1.585018913042674882e+01
1.617285945205526332e+01
1.646142298669954229e+01
1.670339693279301230e+01
1.689593360152293755e+01
1.704574648100480516e+01
1.715571633590478839e+01
3.191875358400916340e+01
3.279512348550062484e+01
3.397376944961088441e+01
3.551516995333150106e+01
3.743855685198647620e+01
3.968340820589663309e+01
4.207731984768624045e+01
4.431839594456837261e+01
4.601879765266214406e+01
4.676848058290173071e+01
4.626168698707235905e+01
4.437984311092347411e+01
4.127394278683528483e+01
3.726923309387313310e+01
3.284321932087136275e+01
2.845596572302991945e+01
2.451071470305710420e+01
2.126504407887784254e+01
1.883062157793600733e+01
1.720516284227588599e+01
1.628355752724541361e+01
1.591348732972824287e+01
1.592728348767330182e+01
1.617988517305776242e+01
1.655104287668388352e+01
1.695051565432820340e+01
1.733103171478074600e+01
1.766729521544800363e+01
1.793976378306027186e+01
1.815642055596918780e+01
1.832334952150395679e+01
1.844530450863848614e+01
3.353044770934829444e+01
3.444658746952417516e+01
3.565627020869662545e+01
3.721633876162521659e+01
3.913477224321975001e+01
4.134120941441911867e+01
4.366459751756029561e+01
4.581344027613656067e+01
4.739927390435061483e+01
4.802768218889154639e+01
4.739599021358289122e+01
4.539968296075715415e+01
4.217363295602936546e+01
3.805922509905390427e+01
3.354024499919322722e+01
2.909474008986733651e+01
2.512382304968736335e+01
2.189170001171820701e+01
1.951658344815542634e+01
1.797777717595663205e+01
1.716170121801651760e+01
1.690735666173452856e+01
1.703771746903647966e+01
1.739356193770207071e+01
1.785501771813338934e+01
1.833055343674262261e+01
1.877173077070640517e+01
1.914857282573877129e+01
1.945730327822490935e+01
1.969722862329938806e+01
1.988050248166981149e+01
2.001529296424087434e+01
3.522130798914476202e+01
3.615307120065865831e+01
3.736983394211716103e+01
3.891103895357490217e+01
4.078186261057792450e+01
4.290654513017351235e+01
4.511844265117272101e+01
4.713213583389698158e+01
4.858141154228439973e+01
4.907695927857041340e+01
4.833331562586188568e+01
4.624081095938448271e+01
4.293809896343603327e+01
3.876773058056409837e+01
3.420681183217992327e+01
2.974399994631058064e+01
2.578361059168969405e+01
2.259741336875772078e+01
2.029316564404335210e+01
1.885091677559541878e+01
1.814940064093168104e+01
1.800890387852529173e+01
1.825037770136745863e+01
1.870576226775163775e+01
1.925171168528482113e+01
1.979959637802661732e+01
2.029200810187466786e+01
2.071242005565195399e+01
2.105080269373572222e+01
2.131593106592283249e+01
2.151294289136352944e+01
2.165935833046318493e+01
