67.71  44.57   5.490  201.187      2.901  -4.900    0.550   0.171
67.71  44.57   4.622  167.153      3.004  -3.970    0.540   0.200
67.71  44.57   3.183  100.609      2.511  -2.880    0.540   0.187
67.71  44.57   2.597  51.759      2.199  -1.680    0.540   0.248
67.71  44.57   1.008   6.865      0.951  -0.490    0.550   0.222
67.71  44.57   0.154   1.929      0.000  -0.530    0.550   0.154
67.71  44.57   1.128  10.125      0.951  -0.740    0.550   0.156
67.71  44.57   1.427  19.210      1.395  -0.990    0.550   0.114
67.71  44.57   2.169  43.004      1.819  -1.740    0.550   0.159
67.71  44.57   2.129  45.508      1.819  -1.870    0.550   0.179
67.71  44.57   4.557  315.605      3.004  -4.990    0.450   0.261
67.71  44.57   2.896  91.297      2.511  -1.780    0.450   0.167
67.71  44.57   3.869  251.294      3.036  -4.045    0.447   0.219
67.71  44.57   3.383  162.199      2.802  -2.865    0.446   0.174
67.71  44.57   3.024  125.808      2.511  -2.485    0.445   0.229
67.71  44.57   4.258  282.396      3.004  -4.495    0.448   0.167
67.71  44.57   2.948  121.227      2.511  -2.415    0.448   0.189
67.71  44.57   2.462  63.286      2.199  -1.380    0.450   0.254
67.71  44.57   1.136  13.775      0.951  -0.670    0.450   0.152
67.71  44.57   3.136  25.665      2.511  -3.035    1.104   0.209
67.71  44.57   3.684  32.872      2.802  -3.485    1.104   0.279
67.71  44.57   2.613  13.308      2.199  -1.795    1.104   0.247
67.71  44.57   2.896  20.162      2.511  -2.395    1.104   0.163
67.71  44.57   2.929  25.147      2.511  -2.995    1.104   0.137
67.71  44.57   0.408   1.727      0.473  -0.665    1.103   0.113
67.71  44.57   1.427   5.903      1.395  -1.215    1.103   0.131
67.71  44.57   1.143   5.907      0.951  -1.525    1.104   0.153
67.71  44.57   2.156  11.166      1.819  -1.700    1.104   0.155
67.71  44.57   2.910  16.801      2.511  -1.970    1.105   0.152
67.71  44.57   2.854  28.665      2.511  -2.335    0.941   0.100
67.71  44.57   1.693   7.706      1.395  -0.800    0.942   0.128
67.71  44.57   2.613  16.418      2.199  -1.545    0.941   0.146
67.71  44.57   3.218  37.083      2.511  -3.105    0.941   0.178
67.71  44.57   0.489   9.378      0.473  -1.180    0.540   0.165
67.71  44.57   1.008  24.465      0.951  -1.720    0.540   0.222
67.71  44.57   0.586   7.514      0.473  -0.605    0.445   0.067
67.71  44.57   1.975  47.444      1.819  -1.250    0.446   0.148
67.71  44.57   2.423  66.290      2.199  -1.425    0.445   0.273
67.71  44.57   3.347  246.494      2.802  -4.295    0.452   0.369
67.71  44.57   3.265  188.126      2.802  -3.315    0.448   0.181
67.71  44.57   4.706  278.757      3.004  -4.435    0.448   0.123
67.71  44.57   4.576  39.621      3.004  -3.940    1.104   0.277
67.71  44.57   3.406  30.500      2.802  -3.255    1.104   0.151
67.71  44.57   1.781  10.392      1.819  -1.615    1.104   0.260
67.71  44.57   4.381  69.830      3.004  -4.825    0.942   0.142
67.71  44.57  11.026  12588.728     15.543  -3.531    0.170   0.225
67.71  44.57  10.841  10705.517     15.543  -2.046    0.170   0.280
67.71  44.57   1.408   1.857      1.395   0.496    0.850   0.107
67.71  44.57   1.401   0.812      1.395   1.286    0.850   0.111
70.11  43.56   5.747  1655.954      9.770  -6.900    0.410   0.146
70.11  43.56   4.810  909.367      8.968  -3.090    0.400   0.229
70.11  43.56   5.149  1072.449      8.968  -4.130    0.400   0.292
70.11  43.56   3.768  707.551      7.333  -3.570    0.410   0.379
70.11  43.56   3.707  452.357      6.363  -2.330    0.410   0.123
70.11  43.56   5.917  1756.621     10.546  -5.845    0.391   0.254
70.11  43.56   5.058  1307.793      8.968  -5.085    0.389   0.216
70.11  43.56   5.695  1573.716      9.770  -6.490    0.410   0.201
70.11  43.56   0.899  34.277      1.707  -0.620    0.400   0.154
70.11  43.56   2.907  316.942      5.407  -1.710    0.400   0.153
70.11  43.56   3.004  77.098      5.407  -1.995    0.843   0.207
70.11  43.56   0.143   2.409      0.000  -1.000    0.842   0.143
70.11  43.56   2.563  77.395      4.496  -2.910    0.842   0.196
70.11  43.56   0.578   8.627      0.829  -1.485    0.843   0.075
70.11  43.56   1.192  16.961      1.707  -1.480    0.842   0.118
70.11  43.56   1.420  28.294      2.607  -1.850    0.843   0.134
70.11  43.56   2.127  21.971      3.530  -1.475    1.080   0.178
70.11  43.56   2.136  29.226      3.530  -1.510    0.935   0.315
70.11  43.56   3.471  85.001      6.363  -2.260    0.935   0.392
70.11  43.56   2.208  51.964      3.530  -1.340    0.690   0.142
70.11  43.56   3.255  541.904      6.363  -2.600    0.386   0.192
70.11  43.56   3.892  219.415      7.333  -2.880    0.690   0.188
70.11  43.56   1.990  155.786      3.530  -1.335    0.390   0.114
70.11  43.56   0.322  17.262      0.829  -0.725    0.387   0.167
70.11  43.56   1.046  59.460      1.707  -1.265    0.386   0.122
70.11  43.56   4.997  263.367      8.968  -2.230    0.690   0.268
70.11  43.56   1.403  85.537      2.607  -0.950    0.386   0.113
70.11  43.56   3.262  422.453      6.363  -1.555    0.386   0.183
70.11  43.56   4.261  838.763      8.097  -3.140    0.389   0.163
70.11  43.56   1.253  101.291      2.607  -1.170    0.385   0.108
70.11  43.56   1.683  28.622      2.607  -0.960    0.690   0.133
70.11  43.56   2.551  84.660      4.496  -1.850    0.690   0.189
70.11  43.56   4.193  882.387      7.333  -4.190    0.388   0.211
70.11  43.56   3.274  498.343      6.363  -2.240    0.386   0.193
70.11  43.56   4.062  704.238      7.333  -2.920    0.386   0.164
70.11  43.56   4.705  944.508      8.097  -3.790    0.387   0.166
70.11  43.56   0.895  38.745      1.707  -0.670    0.384   0.151
70.11  43.56   2.116  176.927      3.530  -1.580    0.385   0.187
70.11  43.56   2.557  319.059      4.496  -2.380    0.385   0.192
70.11  43.56   3.801  721.724      7.333  -3.010    0.385   0.163
70.11  43.56   0.246   2.519      0.000  -0.530    0.430   0.246
70.11  43.56   0.476  11.075      0.829  -0.600    0.430   0.157
70.11  43.56   0.786  34.342      1.707  -0.680    0.430   0.114
70.11  43.56   0.925  33.519      1.707  -0.770    0.430   0.130
70.11  43.56   1.049  34.709      1.707  -0.820    0.430   0.119
70.11  43.56   1.080  36.491      1.707  -0.880    0.430   0.148
70.11  43.56   2.752  334.210      5.407  -1.890    0.400   0.208
70.11  43.56   4.164  639.344      7.333  -3.030    0.410   0.236
70.11  43.56   7.217  4553.748     11.679  -15.310    0.400   0.196
70.11  43.56   4.792  1055.726      8.968  -3.595    0.387   0.175
70.11  43.56   4.752  961.070      8.968  -2.950    0.385   0.213
70.11  43.56   4.371  725.469      8.097  -2.800    0.405   0.444
70.11  43.56   3.521  569.656      6.363  -2.900    0.388   0.159
70.11  43.56   3.573  433.058      6.363  -1.750    0.390   0.127
70.11  43.56   5.455  1297.204      9.770  -4.150    0.387   0.136
70.11  43.56   0.648   2.666      0.829  -0.360    0.760   0.318
70.11  43.56   7.869  168.239     13.566  -25.624    3.024   0.235
70.11  43.56   7.707  158.654     12.330  -25.624    3.024   0.193
70.11  43.56   9.178  213.712     17.508  -26.624    3.024   0.201
70.11  43.56   9.262  245.549     20.623  -26.624    3.024   0.194
70.11  43.56   0.317  333.584      0.829  -54.314    3.024   0.171
70.11  43.56   6.251  434.656     11.508  -51.514    3.024   0.373
70.11  43.56   9.654  204.577     20.623  -22.614    3.024   0.344
70.11  43.56  10.384  298.544     29.511  -22.714    3.024   0.193
70.11  43.56  10.438  300.560     29.511  -22.914    3.024   0.208
70.11  43.56   9.898  264.696     24.482  -24.714    3.024   0.322
70.11  43.56   8.689  158.183     15.116  -22.864    3.024   0.273
70.11  43.56   9.897  256.202     24.482  -23.914    3.024   0.274
70.11  43.56   9.778  260.281     24.482  -24.264    3.024   0.313
70.11  43.56   9.883  260.968     24.482  -24.364    3.024   0.333
70.11  43.56   7.671  148.949     12.330  -24.514    3.024   0.233
70.11  43.56   0.775  174.245      1.707  -37.914    3.024   0.139
70.11  43.56   2.125  198.268      3.530  -39.014    3.024   0.201
70.11  43.56   2.605  237.525      4.496  -42.115    3.025   0.556
70.11  43.56   8.707  410.479     15.116  -46.114    3.024   0.267
70.11  43.56   9.804  258.601     24.482  -24.115    3.025   0.285
70.11  43.56   9.262  253.295     20.623  -27.404    3.024   0.225
70.11  43.56   9.271  253.325     20.623  -27.404    3.024   0.213
70.11  43.56   6.183  751.101     10.546  -11.245    0.795   0.272
70.11  43.56   5.714  477.341      9.770  -7.595    0.795   0.261
70.11  43.56   4.132  96.514      7.333  -0.525    0.800   0.648
70.11  43.56   5.182  1600.908      8.968  -1.235    0.255   0.131
70.11  43.56   3.482  886.756      6.363  -1.235    0.255   0.092
70.11  43.56   3.158  12.551      5.407   2.832    0.732   0.401
70.11  43.56   2.901   4.270      5.407   3.901    0.732   0.535
70.11  43.56   5.098  4494.690      8.968  -2.061    0.165   0.211
70.89  42.59   3.228  225.818      3.539  -2.515    0.405   0.148
70.89  42.59   3.138  209.080      3.539  -2.330    0.406   0.190
70.89  42.59   1.827  87.610      2.342  -1.380    0.405   0.100
70.89  42.59   0.234   4.212      0.000  -0.725    0.405   0.234
70.89  42.59   0.931  26.953      1.143  -0.945    0.405   0.127
70.89  42.59   2.555  145.894      2.949  -1.935    0.405   0.189
70.89  42.59   2.601  14.943      2.949  -1.395    1.130   0.253
70.89  42.59   0.731  26.126      0.541  -1.120    0.841   0.049
70.89  42.59   2.969  59.328      3.539  -2.940    0.841   0.189
70.89  42.59   5.779  228.074      6.678  -5.970    0.844   0.117
70.89  42.59   0.529   6.754      0.541  -1.370    0.841   0.023
70.89  42.59   4.332  73.529      5.250  -3.130    1.004   0.086
70.89  42.59   3.733  48.716      4.185  -2.400    1.003   0.098
70.89  42.59   0.514   4.585      0.541  -1.220    0.841   0.033
70.89  42.59   0.407   4.602      0.541  -1.050    0.841   0.091
70.89  42.59   1.157   5.790      1.143  -0.660    1.003   0.099
70.89  42.59   1.552   8.501      1.738  -1.160    1.003   0.135
70.89  42.59   2.220  23.683      2.342  -1.880    1.003   0.090
70.89  42.59   0.137   1.487      0.000  -0.660    0.945   0.137
70.89  42.59   0.849  10.645      1.143  -1.020    0.841   0.075
70.89  42.59   0.415   7.804      0.541  -1.490    0.772   0.091
70.89  42.59   0.140   1.217      0.000  -0.440    0.945   0.140
70.89  42.59   0.302   4.625      0.541  -0.880    0.841   0.148
70.89  42.59   0.425   7.821      0.541  -1.740    0.841   0.110
70.89  42.59   5.147  2486.877      5.831  -7.661    0.271   0.420
70.89  42.59   4.750  404.987      5.831  -58.052    3.180   0.210
70.89  42.59   7.850  459.645      7.281  -61.057    3.190   0.177
70.89  42.59   4.331  994.811      5.250  -2.950    0.260   0.453
70.89  42.59   6.375  2812.436      7.199  -7.119    0.270   0.354
70.89  42.59   1.188   1.764      1.143   2.035    0.955   0.199
70.89  42.59   1.267   0.869      1.738   1.735    0.955   0.250
70.89  42.59   1.788   1.663      2.342   1.425    0.955   0.246
70.89  42.59   2.154   1.270      2.342   1.305    0.955   0.506
70.89  42.59   2.873   8.922      3.539   0.695    0.955   0.508
70.89  42.59   3.308  17.401      4.185   0.215    0.955   0.515
70.89  42.59   6.492  2500.252      7.199  -6.329    0.271   1.177
70.89  42.59   2.474   5.141      2.949   0.799    0.949   0.289
70.89  42.59   3.854  37.019      4.812  -0.951    0.949   0.372
70.89  42.59   3.642  25.684      4.185  -0.601    0.949   0.278
70.89  42.59   3.986  45.084      4.812  -1.561    0.949   0.391
70.89  42.59   4.848  76.925      5.831  -2.490    0.950   0.429
70.89  42.59   5.618  145.742      6.284  -5.198    0.952   0.294
70.89  42.59   7.131  312.613      6.826  -10.093    0.957   0.333
70.49  41.60   3.390  19.580     -0.106  -6.035    1.340   1.106
70.49  41.60   2.948   7.030     -0.055  -3.605    1.340   0.608
70.49  41.60   4.096  21.950     -0.196  -6.475    1.341   0.705
70.49  41.60   1.334   4.400      0.074  -2.055    1.124   0.184
70.49  41.60   2.178  12.406      0.066  -3.825    1.124   0.273
70.49  41.60   1.590  10.515      0.074  -1.725    0.555   0.526
70.49  41.60   0.238   1.007      0.000  -0.115    1.337   0.238
70.49  41.60   0.735   1.767      0.009  -0.325    1.340   0.180
70.49  41.60   0.321   0.312      0.009  -0.025    1.340   0.321
70.49  41.60   1.802  13.501      0.066  -4.735    1.340   0.242
70.49  41.60   1.028   0.522      0.060  -0.905    1.340   0.540
70.49  41.60   1.929   2.002      0.066  -1.825    1.340   0.755
70.49  41.60   2.245   4.779      0.066  -2.825    1.340   0.706
70.49  41.60   3.263  14.066     -0.106  -5.115    1.340   0.794
70.49  41.60   0.662   3.875      0.009  -1.625    1.124   0.122
70.49  41.60   0.240   1.244      0.000  -0.555    1.124   0.240
70.49  41.60   0.987   3.444      0.060  -2.025    1.124   0.244
70.49  41.60   3.616  211.527     -0.106  -10.425    0.710   0.222
70.49  41.60   3.443  219.578     -0.106  -10.625    0.710   0.240
70.49  41.60   9.983  84.071     -8.540  -37.422    3.150   0.578
70.49  41.60   9.089  690.611     -7.939  -27.649    0.750   0.637
70.49  41.60   5.354  1835.116     -1.109  -34.377    0.777   0.487
70.49  41.60   4.491  1236.934     -0.542  -26.745    0.745   1.231
70.49  41.60   3.538  441.697     -0.106  -15.114    0.714   0.220
70.49  41.60   3.333  415.375     -0.106  -14.612    0.712   0.264
70.49  41.60   0.853  1760.924      0.060  -32.168    0.768   0.369
70.49  41.60  10.534  1113.869     -7.996  -33.770    0.772   0.633
70.49  41.60  10.441  1265.518     -7.996  -35.780    0.781   0.760
70.49  41.60  10.259  1065.832     -7.996  -33.070    0.768   1.364
70.49  41.60   6.281   9.779     -2.080  -3.737    0.533   0.674
70.49  41.60   3.688  78.179     -0.106  -4.744    0.526   0.287
70.49  41.60   5.373   5.614     -1.109  -8.524    3.136   0.801
70.49  41.60   5.261  100.389     -1.109  -8.116    0.704   0.207
70.49  41.60   4.844  110.065     -0.690  -8.016    0.704   0.117
70.49  41.60   2.382  18.285      0.020  -2.393    0.567   0.323
70.49  41.60   3.725  59.779     -0.106  -4.463    0.567   0.250
70.49  41.60   5.512  48.248     -1.109  -4.851    0.539   0.883
70.49  41.60   0.368   7.630      0.009   1.460    0.530   0.368
70.49  41.60   3.426  190.711     -0.106  -3.112    0.218   0.804
70.49  41.60   2.170  64.211      0.066  -2.002    0.258   0.537
70.49  41.60   2.062   4.799      0.066  -1.098    0.532   0.641
70.49  41.60   9.156  276.900     -7.939  -20.071    0.729   0.739
70.49  41.60   8.454  159.959     -7.193  -16.281    0.719   0.574
72.52  41.27   0.985   5.533     -0.118  -1.605    0.633   0.190
72.52  41.27   1.617  10.697     -0.208  -1.855    0.512   0.195
72.52  41.27   0.217   3.787      0.000  -0.515    0.308   0.217
72.52  41.27   0.128   4.354      0.000  -0.565    0.308   0.128
72.52  41.27   0.214   5.104      0.000  -0.625    0.308   0.214
72.52  41.27   0.384   6.046     -0.079  -0.730    0.308   0.092
72.52  41.27   0.393   7.243     -0.079  -0.815    0.308   0.086
72.52  41.27   0.576   8.459     -0.079  -0.905    0.308   0.067
72.52  41.27   0.544   8.111     -0.079  -0.940    0.308   0.078
72.52  41.27   0.587  11.414     -0.079  -1.030    0.308   0.063
72.52  41.27   3.301  53.610     -0.833  -3.915    0.448   0.080
72.52  41.27   2.907  30.054     -0.652  -3.075    0.447   0.111
72.52  41.27   2.148  19.527     -0.317  -2.245    0.447   0.153
72.52  41.27   1.448   9.554     -0.208  -1.565    0.447   0.088
72.52  41.27   1.066   6.199     -0.118  -1.195    0.447   0.105
72.52  41.27   1.102   4.543     -0.118  -1.435    0.659   0.138
72.52  41.27   0.409   3.427     -0.079  -1.105    0.633   0.102
72.52  41.27   0.141   2.462      0.000  -0.765    0.633   0.141
72.52  41.27   0.148   2.577      0.000  -0.795    0.633   0.148
72.52  41.27   0.952   4.121     -0.118  -1.395    0.633   0.214
72.52  41.27   1.707   9.925     -0.208  -2.025    0.632   0.160
72.52  41.27   0.141   1.445      0.000  -0.345    0.517   0.141
72.52  41.27   0.593   3.279     -0.079  -0.725    0.517   0.071
72.52  41.27   0.134   1.173      0.000  -0.215    0.517   0.134
72.52  41.27   0.465   0.503     -0.079  -0.425    0.517   0.150
72.52  41.27   0.594   2.269     -0.079  -0.615    0.517   0.086
72.52  41.27   0.214   1.444      0.000  -0.345    0.518   0.214
72.52  41.27   0.627   2.896     -0.079  -0.625    0.519   0.095
72.52  41.27   1.620   6.353     -0.208  -1.475    0.517   0.201
72.52  41.27   0.402   5.535     -0.079  -1.035    0.451   0.096
72.52  41.27   1.000   9.055     -0.118  -1.475    0.451   0.063
72.52  41.27   0.559   7.591     -0.079  -1.225    0.449   0.057
72.52  41.27   1.061   8.231     -0.118  -1.385    0.451   0.105
72.52  41.27   0.412   5.354     -0.079  -1.025    0.448   0.093
72.52  41.27   0.148   2.253      0.000  -0.505    0.451   0.148
72.52  41.27   0.415   3.746     -0.079  -0.525    0.260   0.095
72.52  41.27   0.572   6.005     -0.079  -0.665    0.260   0.075
72.52  41.27   1.353  22.861     -0.208  -1.255    0.260   0.057
72.52  41.27   1.275  16.866     -0.208  -1.085    0.260   0.096
72.52  41.27   0.438   3.772     -0.079  -0.555    0.260   0.096
72.52  41.27   0.398   1.797     -0.079  -0.265    0.260   0.090
72.52  41.27   0.575   2.630     -0.079  -0.405    0.260   0.073
72.52  41.27   0.140   1.403      0.000   0.165    0.260   0.140
72.52  41.27   0.152   1.062      0.000  -0.065    0.260   0.152
72.52  41.27   1.720  17.732     -0.208  -2.145    0.534   0.103
72.52  41.27   1.814   7.981     -0.317  -1.565    0.758   0.081
72.52  41.27   1.441   2.950     -0.208  -1.865    0.968   0.422
72.52  41.27   3.969  18.784     -1.072  -5.265    0.968   0.267
72.52  41.27   3.781  10.720     -1.072  -4.165    0.968   0.308
72.52  41.27   3.124   7.153     -0.652  -3.195    0.968   0.248
72.52  41.27   1.133   5.316     -0.118  -1.790    0.781   0.155
72.52  41.27   5.446  27.426     -2.494  -6.870    0.836   0.463
72.52  41.27   4.247  40.336     -1.072  -6.370    0.836   0.609
72.52  41.27   5.114  30.870     -1.930  -6.570    0.836   0.466
72.52  41.27   2.978  54.473     -0.652  -3.604    0.400   0.630
72.52  41.27   0.820   1.525     -0.118   0.360    0.480   0.246
72.52  41.27   6.773  48.393     -5.541  -9.080    0.510   0.469
72.52  41.27   7.660  23.150     -7.068  -4.365    0.565   0.322
72.52  41.27   0.716   1.393     -0.079  -0.077    0.483   0.183
72.52  41.27   1.116   0.620     -0.118   0.030    0.480   0.160
72.52  41.27   4.365  98.832     -1.566  -3.795    0.225   0.204
72.52  41.27   4.872  185.348     -1.930  -4.929    0.221   0.159
72.52  41.27   5.450  256.029     -2.494  -5.973    0.217   0.131
72.52  41.27   6.100  321.760     -3.095  -7.277    0.233   0.167
72.52  41.27   6.692  235.486     -3.818  -7.349    0.231   0.189
72.52  41.27   6.321  396.147     -3.818  -8.475    0.235   0.115
72.52  41.27   5.475  90.419     -2.494  -7.105    0.485   0.413
72.52  41.27   3.849  49.794     -1.072  -4.503    0.487   0.371
72.52  41.27   3.756  27.542     -1.072  -3.604    0.486   0.393
72.52  41.27   7.021  68.260     -5.541  -9.688    0.502   0.227
72.52  41.27   3.196   3.841     -0.652  -1.561    0.509   0.241
72.52  41.27   3.465   8.299     -0.833  -2.270    0.500   0.220
72.52  41.27   5.612  20.721     -2.494  -4.768    0.502   0.287
72.52  41.27   7.912   1.025     -8.469  -8.940    0.500   0.239
72.52  41.27   0.153   7.521      0.000   0.427    0.167   0.153
72.52  41.27   0.410   1.162     -0.079   0.007    0.167   0.095
72.52  41.27   0.925   1.101     -0.118  -0.263    0.167   0.127
72.52  41.27   1.176  10.495     -0.118  -0.573    0.167   0.100
72.52  41.27   1.330  12.685     -0.208  -0.415    0.165   0.051
72.52  41.27   1.102   1.298     -0.118  -0.263    0.167   0.138
72.52  41.27   1.000   4.761     -0.118  -0.483    0.167   0.063
72.52  41.27   0.214   5.559      0.000   0.357    0.167   0.214
72.52  41.27   0.231   4.157      0.000   0.297    0.167   0.231
72.52  41.27   0.213   2.686      0.000   0.217    0.167   0.213
72.52  41.27   0.429   2.077     -0.079   0.137    0.167   0.111
72.52  41.27   0.426   1.446     -0.079   0.087    0.167   0.109
72.52  41.27   0.436   0.578     -0.079  -0.003    0.167   0.105
72.52  41.27   0.567   1.247     -0.079  -0.083    0.167   0.060
72.52  41.27   0.567   1.393     -0.079  -0.143    0.167   0.060
72.52  41.27   0.404   3.722     -0.079   0.197    0.167   0.096
72.52  41.27   0.484   0.157     -0.079  -0.143    0.167   0.150
72.52  41.27   6.062  468.947     -3.095  -8.223    0.237   0.122
72.52  41.27   0.135   4.292      0.000   0.579    0.319   0.135
72.52  41.27   0.652   3.864     -0.079   0.149    0.319   0.083
72.52  41.27   1.503   0.414     -0.208  -0.401    0.299   0.212
72.52  41.27   0.811   3.918     -0.118   0.199    0.299   0.113
73.95  41.17   0.744   2.218     -0.206  -0.755    0.810   0.184
73.95  41.17   3.961  10.358     -2.563  -5.205    0.822   0.321
73.95  41.17   1.644   2.266     -0.647  -1.755    0.810   0.229
73.95  41.17   1.946   4.059     -0.927  -2.555    0.810   0.339
73.95  41.17   2.681   2.994     -1.233  -2.555    0.810   0.314
73.95  41.17   3.199   4.702     -1.651  -3.305    0.821   0.248
73.95  41.17   2.293   6.903     -1.233  -3.335    0.817   0.395
73.95  41.17   3.268   3.578     -2.067  -3.455    0.810   0.289
73.95  41.17   2.811   5.957     -1.651  -3.605    0.821   0.349
73.95  41.17   4.844  18.609     -4.043  -7.505    0.806   0.421
73.95  41.17   5.273  30.318     -4.933  -9.455    0.826   0.381
73.95  41.17   2.146   1.327     -0.927  -1.795    0.819   0.323
73.95  41.17   2.534   4.790     -1.233  -3.055    0.835   0.219
73.95  41.17   2.415   9.569     -1.233  -3.705    0.803   0.298
73.95  41.17   3.392  11.266     -2.067  -4.855    0.835   0.308
73.95  41.17   4.589  10.784     -3.328  -5.955    0.804   0.272
73.95  41.17   4.147  19.637     -2.563  -6.255    0.837   0.365
73.95  41.17   2.342   5.510     -1.233  -3.105    0.803   0.600
73.95  41.17   3.160   9.658     -1.651  -4.105    0.803   0.288
73.95  41.17   5.010   4.806     -4.043  -5.805    0.804   0.573
73.95  41.17   4.862  15.260     -4.043  -7.205    0.812   0.421
73.95  41.17   5.031  26.696     -4.043  -8.305    0.825   0.549
73.95  41.17   1.783   4.892     -0.927  -2.505    0.803   0.214
73.95  41.17   5.229  10.565     -4.043  -6.605    0.805   0.351
73.95  41.17   5.154  12.059     -4.043  -6.805    0.805   0.294
73.95  41.17   5.063  18.667     -4.043  -7.635    0.832   0.523
73.95  41.17   4.649  46.119     -3.328  -8.805    0.807   0.931
73.95  41.17   5.223  43.477     -4.043  -9.305    0.802   0.357
73.95  41.17   2.579   0.876     -1.233  -1.945    0.803   0.265
73.95  41.17   3.374   5.979     -2.067  -4.015    0.803   0.425
73.95  41.17   3.403   7.679     -2.067  -4.305    0.810   0.425
73.95  41.17   3.347  11.727     -2.067  -4.805    0.803   0.469
73.95  41.17   3.591  18.604     -2.067  -5.555    0.812   0.249
73.95  41.17   4.395  17.856     -3.328  -6.755    0.812   0.417
73.95  41.17   3.280   2.608     -2.067  -3.205    0.803   0.284
73.95  41.17   4.187  16.361     -2.563  -5.805    0.804   0.611
73.95  41.17   4.181  14.604     -2.563  -5.655    0.812   0.616
73.95  41.17   4.173  39.434     -2.563  -7.705    0.824   0.248
73.95  41.17   5.280  18.411     -4.933  -8.345    0.807   0.306
73.95  41.17   4.845  41.664     -4.043  -9.365    0.825   0.744
73.95  41.17   5.379  33.500     -4.933  -9.705    0.826   0.331
73.95  41.17   6.054  42.043     -5.860  -11.155    0.817   0.387
73.95  41.17   6.244  40.256     -5.860  -11.155    0.841   0.311
73.95  41.17   1.313   1.554     -0.647  -1.455    0.810   0.250
73.95  41.17   2.006   6.893     -0.927  -3.055    0.810   0.300
73.95  41.17   2.346   3.988     -1.233  -2.805    0.803   0.396
73.95  41.17   2.639  16.974     -1.233  -4.555    0.811   0.319
73.95  41.17   3.135  13.111     -1.651  -4.555    0.811   0.253
73.95  41.17   3.207  20.451     -1.651  -5.255    0.811   0.248
73.95  41.17   3.571  32.567     -2.067  -6.735    0.819   0.350
73.95  41.17   3.725  12.631     -2.067  -4.855    0.811   0.250
73.95  41.17   3.230  6943.896     -1.651  -11.397    0.117   0.182
73.95  41.17   2.169  9376.200     -0.927  -11.974    0.114   0.166
73.95  41.17   2.541  2115.246     -1.233  -6.566    0.116   0.187
73.95  41.17   3.063  3170.250     -1.651  -8.542    0.122   0.199
73.95  41.17   3.212  3187.376     -1.651  -8.176    0.116   0.190
73.95  41.17   5.812  868.977     -5.860  -23.250    0.590   0.377
73.95  41.17   6.882  17.042     -9.170  -6.846    0.563   0.595
73.95  41.17   3.058   0.488     -1.651  -2.015    0.545   0.290
73.95  41.17   2.421   5.421     -1.233   0.035    0.545   1.138
73.95  41.17   1.352   0.975     -0.647  -1.015    0.545   0.206
73.95  41.17   3.817   7.081     -2.563  -3.933    0.527   0.328
73.95  41.17   5.321   2.724     -4.933  -5.744    0.536   0.272
73.95  41.17   6.236   9.517     -5.860  -7.471    0.539   0.308
73.95  41.17   7.113   0.976     -9.170  -9.667    0.543   0.306
73.95  41.17   2.436   0.052     -1.233  -1.215    0.545   0.283
73.95  41.17  10.384   0.594     -22.347  -21.865    0.640   0.703
73.95  41.17   9.103   0.852     -17.621  -18.175    0.630   0.374
73.95  41.17   9.854   1.610     -21.097  -20.294    0.666   0.368
73.95  41.17   7.382  63.255     -11.200  -13.216    0.254   0.199
73.95  41.17  10.863  299.826     -23.270  -35.503    0.707   0.338
73.95  41.17   8.883  77.509     -17.621  -23.358    0.652   0.512
73.95  41.17  10.242   1.757     -21.097  -20.269    0.641   0.810
73.95  41.17   8.521  57.211     -15.757  -20.441    0.619   0.470
73.95  41.17   9.770  12.281     -21.097  -23.358    0.652   0.461
73.95  41.17   7.728   1.812     -11.200  -10.469    0.590   0.434
73.28  40.86   0.737   1.908     -0.305  -0.835    0.915   0.189
73.28  40.86   0.693   4.357     -0.305  -2.035    0.922   0.211
73.28  40.86   0.734   4.702     -0.305  -2.045    0.922   0.219
73.28  40.86   6.428  32.086     -8.113  -12.755    0.820   0.420
73.28  40.86   7.243  90.571     -10.336  -18.105    0.822   0.226
73.28  40.86   8.973   0.255     -19.384  -19.805    0.844   0.329
73.28  40.86   7.955  14.736     -14.573  -17.755    0.829   0.438
73.28  40.86   1.506   0.195     -0.933  -1.335    0.913   0.214
73.28  40.86   0.321   0.440     -0.305  -0.635    0.921   0.321
73.28  40.86   2.556  11.756     -1.705  -4.835    0.916   0.196
73.28  40.86   8.347   0.514     -17.360  -16.975    0.792   0.290
73.28  40.86   0.870   1.392     -0.594  -1.190    0.542   0.305
73.28  40.86   0.801   1.949     -0.594  -1.230    0.549   0.256
73.28  40.86   2.130  10.640     -1.307  -4.565    1.015   0.227
73.28  40.86   1.727   2.609     -0.933  -1.985    0.915   0.200
73.28  40.86   8.874  22.543     -19.384  -15.505    0.817   0.892
73.28  40.86   5.881  24.834     -6.893  -10.585    0.743   0.296
73.28  40.86   0.952   1.927     -0.594  -1.605    0.738   0.220
73.28  40.86   0.259   1.239     -0.305  -0.755    0.738   0.259
73.28  40.86   7.465   0.606     -12.482  -11.874    0.800   0.205
73.28  40.86   2.908   4.469     -2.212  -1.885    0.155   0.544
73.28  40.86   8.997  1563.075     -19.384  -2.770    0.420   0.401
73.28  40.86   3.924  39.805     -3.296  -5.958    0.422   0.364
73.28  40.86   6.379   8.345     -8.113  -10.390    0.800   0.248
73.28  40.86   2.785  67.263     -2.212  -0.877    0.163   0.422
74.42  39.58   6.702  23.698     -16.663  -12.945    0.775   0.249
74.42  39.58   3.158   1.696     -5.496  -4.645    0.770   0.229
74.42  39.58   4.223   1.138     -7.925  -7.345    0.773   0.294
74.42  39.58   5.479  10.349     -12.741  -10.245    0.776   0.164
74.42  39.58   1.821   4.207     -3.340  -2.545    0.770   0.101
74.42  39.58   3.177   3.901     -5.496  -4.045    0.770   0.298
74.42  39.58   5.204  12.135     -11.032  -8.345    0.782   0.361
74.42  39.58   4.760  12.043     -11.032  -8.345    0.782   0.504
74.42  39.58   0.868   0.243     -1.507  -1.310    0.801   0.309
74.42  39.58   2.432   3.841     -4.369  -2.810    0.801   0.283
74.42  39.58   2.962   0.866     -5.496  -4.760    0.802   0.242
74.42  39.58   3.713   2.688     -6.671  -5.510    0.810   0.268
74.42  39.58   4.454   6.837     -9.479  -7.360    0.811   0.362
74.42  39.58   2.344   1.346     -4.369  -3.510    0.801   0.351
74.42  39.58   0.231   7.139      0.000  -1.695    0.684   0.231
74.42  39.58   1.205  23.349     -1.507  -2.430    0.280   0.058
74.42  39.58   1.378  18.955     -2.386  -2.700    0.280   0.029
74.42  39.58   1.116   7.732     -1.507  -2.230    0.280   0.112
74.42  39.58   1.448   4.342     -2.386  -2.930    0.280   0.069
74.42  39.58   0.380   9.935     -0.771  -1.520    0.280   0.072
74.42  39.58   1.452   5.774     -2.386  -3.030    0.280   0.069
74.42  39.58   0.860   8.828     -1.507  -2.090    0.280   0.066
74.42  39.58   8.519   0.051     -30.489  -30.145    1.532   0.720
74.42  39.58   3.210   4.233     -5.496  -6.945    0.780   0.238
74.42  39.58   1.133   1.186     -1.507  -1.450    0.306   0.124
74.42  39.58   3.041   1.684     -5.496  -5.110    0.309   0.115
74.42  39.58   8.491  471.650     -30.489  -17.365    0.604   0.090
74.42  39.58   7.960  208.154     -26.333  -17.615    0.604   0.211
74.42  39.58   0.213   2.527      0.000  -0.845    0.684   0.213
74.42  39.58   0.398   1.357     -0.771  -0.955    0.684   0.090
74.42  39.58   1.335  10.560     -2.386  -2.595    0.684   0.051
74.42  39.58   0.468   0.050     -0.771  -0.815    0.684   0.149
74.42  39.58   0.214   2.401      0.000  -0.940    0.794   0.214
74.42  39.58   0.133   1.515      0.000  -0.570    0.794   0.133
74.42  39.58   0.210   1.479      0.000  -0.550    0.794   0.210
74.42  39.58   0.213   1.690      0.000  -0.660    0.794   0.213
74.42  39.58   0.137   1.690      0.000  -0.660    0.794   0.137
74.42  39.58   0.245   2.255      0.000  -0.890    0.794   0.245
74.42  39.58   0.382   1.610     -0.771  -0.790    0.794   0.093
74.42  39.58   5.530   4.415     -12.741  -10.945    0.857   0.211
74.42  39.58   0.583   1.801     -0.771  -1.270    0.794   0.070
74.42  39.58   2.041   0.011     -3.340  -3.315    0.846   0.416
74.42  39.58   1.124   1.816     -1.507  -2.615    0.846   0.386
74.42  39.58   1.939   0.366     -3.340  -2.845    0.851   0.367
74.42  39.58   6.415  87.975     -16.663  -10.380    0.670   0.468
74.42  39.58   2.078  45.408     -3.340  -4.540    0.179   0.157
74.42  39.58   2.480  18.499     -4.369  -5.150    0.182   0.166
74.42  39.58   3.517   2.678     -6.671  -6.980    0.189   0.141
74.42  39.58   1.759   3.528     -3.340  -3.600    0.182   0.198
74.42  39.58   2.530  18.783     -4.369  -5.180    0.187   0.190
74.42  39.58   4.284   1.922     -9.479  -10.290    0.591   1.162
74.42  39.58   7.205  468.525     -19.807  -7.890    0.551   0.728
74.42  39.58   8.157  9829.488     -26.333  -7.140    0.194   0.130
74.42  39.58   5.209  4098.232     -11.032   0.400    0.179   0.233
74.42  39.58   9.872  1266.656     -42.687  -3.800    1.093   0.370
74.42  39.58   8.132  649.002     -26.333  -11.240    0.593   0.376
74.42  39.58   7.475  398.324     -22.815  -10.990    0.593   0.455
74.42  39.58   8.625  989.026     -30.489  -11.790    0.595   0.462
74.42  39.58   6.908  432.901     -19.807  -7.590    0.587   0.505
74.42  39.58   0.697   1.067     -0.771  -0.590    0.582   0.200
74.42  39.58   2.782  72.872     -5.496  -0.540    0.582   0.419
75.41  39.14   0.891   0.443     -1.535  -1.510    0.792   0.164
75.41  39.14   1.096   3.092     -1.535  -2.810    0.792   0.136
75.41  39.14   1.700   2.214     -2.521  -3.130    0.792   0.157
75.41  39.14   2.060   0.377     -3.585  -3.140    0.792   0.242
75.41  39.14   2.089   1.173     -3.585  -2.790    0.792   0.219
75.41  39.14   3.027   0.880     -5.987  -5.250    0.792   0.217
75.41  39.14   3.564   4.525     -7.284  -5.660    0.792   0.112
75.41  39.14   3.674   1.116     -7.284  -6.860    0.792   0.191
75.41  39.14   3.751   5.153     -8.675  -8.540    0.792   0.110
75.41  39.14   3.803   6.584     -8.675  -7.230    0.793   0.109
75.41  39.14   3.992   6.783     -8.675  -6.610    0.793   0.092
75.41  39.14   4.575   6.017     -10.374  -8.310    0.847   0.276
75.41  39.14   5.095   0.663     -12.071  -11.520    0.795   0.223
75.41  39.14   2.014   7.456     -3.585  -5.175    0.582   0.293
75.41  39.14   2.550   4.874     -4.740  -6.055    0.600   0.189
75.41  39.14   0.666   2.106     -0.826  -1.360    0.847   0.127
75.41  39.14   1.289   0.897     -2.521  -2.710    0.806   0.230
75.41  39.14   1.611   0.334     -2.521  -2.370    0.847   0.202
75.41  39.14   1.873   3.592     -3.585  -2.210    0.847   0.130
75.41  39.14   2.600   2.898     -4.740  -3.430    0.793   0.244
75.41  39.14   4.706   4.943     -10.374  -9.140    0.798   0.129
75.41  39.14   2.886   4.140     -5.987  -7.340    0.796   0.102
75.41  39.14   1.886   1.892     -3.585  -4.500    0.798   0.150
75.41  39.14   3.176   1.049     -5.987  -6.020    0.848   0.172
75.41  39.14   5.998   0.477     -15.944  -16.540    0.863   0.275
75.41  39.14   6.148   2.938     -15.944  -14.100    1.151   0.243
75.41  39.14   4.438  23.290     -10.374  -6.540    0.795   0.343
75.41  39.14   3.547   3.240     -7.284  -5.850    0.810   0.144
75.41  39.14   2.167  235.804     -3.585  -11.496    0.516   0.261
75.41  39.14   2.414  181.839     -4.740  -11.674    0.514   0.273
75.41  39.14   7.714  306.514     -24.763  -13.803    0.627   0.217
75.41  39.14   0.254  10.663     -0.826   1.067    0.607   0.254
75.41  39.14   3.720   9.858     -7.284  -5.483    0.597   0.252
75.41  39.14   3.823  201.477     -8.675  -1.085    0.535   0.249
75.41  39.14   3.111   4.879     -5.987  -4.671    0.609   0.241
75.41  39.14   8.653  356.619     -33.016  -20.793    0.647   0.325
75.41  39.14   0.230   2.505      0.000  -0.634    0.516   0.230
75.41  39.14   4.185   9.724     -8.675  -7.128    0.522   0.191
75.11  38.74   0.213   2.483      0.000  -0.795    0.653   0.213
75.11  38.74   0.853   1.877     -1.616  -1.515    0.653   0.108
75.11  38.74   8.284  293.568     -32.499  -20.186    0.720   0.261
75.11  38.74   0.137   2.126      0.000  -0.795    0.749   0.137
75.11  38.74   0.248   2.504      0.000  -0.935    0.762   0.248
75.11  38.74   0.632   2.207     -0.866  -1.195    0.749   0.093
75.11  38.74   0.702   1.493     -0.866  -1.325    0.762   0.190
75.11  38.74   0.726   3.016     -0.866  -1.725    0.762   0.171
75.11  38.74   0.729   3.246     -0.866  -1.785    0.762   0.171
75.11  38.74   0.829   1.596     -1.616  -1.375    0.749   0.140
75.11  38.74   0.864   0.929     -1.616  -1.145    0.762   0.184
75.11  38.74   0.871   1.090     -1.616  -1.045    0.749   0.181
75.11  38.74   0.915   0.123     -1.616  -1.545    0.762   0.251
75.11  38.74   0.926   0.304     -1.616  -1.265    0.762   0.244
75.11  38.74   1.029   0.050     -1.616  -1.475    0.762   0.231
75.11  38.74   1.096   0.509     -1.616  -1.935    0.762   0.166
75.11  38.74   1.096   0.530     -1.616  -1.285    0.749   0.166
75.11  38.74   1.281   6.709     -2.635  -1.465    0.749   0.106
75.11  38.74   1.551   1.512     -2.635  -1.745    0.749   0.161
75.11  38.74   0.651   1.577     -0.866  -0.955    0.638   0.121
75.11  38.74   4.238  13.563     -8.816  -6.395    0.662   0.548
75.11  38.74   3.338  15.976     -7.435  -4.575    0.718   0.467
75.11  38.74   3.823  18.545     -8.816  -5.775    0.710   0.418
75.11  38.74   4.357  36.879     -10.495  -5.905    0.757   0.465
75.11  38.74   5.522  40.233     -13.831  -9.225    0.726   0.469
75.11  38.74   7.049  131.382     -21.358  -13.675    0.670   0.410
75.11  38.74   0.251   1.016     -0.866  -0.995    0.718   0.251
75.11  38.74   0.315   0.356     -0.866  -0.800    0.629   0.315
75.11  38.74   1.695   8.736     -2.635  -4.325    0.583   0.343
75.11  38.74   1.858   0.410     -3.722  -4.045    0.583   0.444
75.11  38.74   1.876   4.189     -3.722  -2.395    0.652   0.575
75.11  38.74   2.135   0.246     -3.722  -3.975    0.583   0.564
75.11  38.74   3.452   6.463     -7.435  -5.955    0.583   0.451
75.11  38.74   3.817  44.656     -8.816  -4.925    0.583   0.563
75.11  38.74   4.259  17.247     -10.495  -8.075    0.586   0.541
75.11  38.74   0.860   0.705     -1.616  -1.895    0.805   0.183
75.11  38.74   2.003   0.052     -3.722  -3.905    0.806   0.297
75.11  38.74   2.420   0.124     -4.886  -5.065    0.806   0.293
75.11  38.74   3.149   0.280     -6.142  -6.375    0.583   0.429
75.11  38.74   3.339   0.652     -7.435  -7.005    0.583   0.490
75.11  38.74   3.385   1.753     -7.435  -6.675    0.583   0.505
75.11  38.74   3.777   6.917     -8.816  -7.305    0.583   0.506
75.11  38.74   3.961   3.899     -8.816  -7.675    0.586   0.121
75.11  38.74   3.963   6.119     -8.816  -7.375    0.583   0.559
75.11  38.74   4.283  13.223     -10.495  -8.375    0.586   0.555
75.11  38.74   4.328   6.821     -10.495  -8.975    0.587   0.492
75.11  38.74   4.707   6.508     -10.495  -9.075    0.587   0.254
75.11  38.74   5.074  16.333     -12.152  -9.775    0.589   0.500
75.11  38.74   7.253  152.117     -24.442  -16.515    0.644   0.308
75.11  38.74   7.918  129.090     -28.234  -19.455    0.773   0.408
75.11  38.74   1.600  49.672     -2.635  -6.825    0.595   0.341
75.11  38.74   2.165  27.738     -3.722  -6.856    0.596   0.495
75.11  38.74   2.965  27.037     -6.142  -8.913    0.533   0.243
75.11  38.74   1.359  61.495     -2.635  -7.318    0.598   0.442
75.11  38.74   2.575  19.599     -4.886  -8.431    0.801   0.467
75.11  38.74   7.146  419.612     -21.358  -10.857    0.513   0.261
75.11  38.74   0.266   2.124     -0.866  -0.177    0.593   0.266
75.11  38.74   2.606   2.049     -4.886  -4.076    0.594   0.243
75.11  38.74   4.977  59.901     -12.152  -7.981    0.539   0.312
75.11  38.74   5.414  83.977     -13.831  -8.880    0.540   0.581
76.35  38.56   2.527  12.038     -4.819  -3.640    0.340   0.319
76.35  38.56   2.787  35.958     -6.104  -4.120    0.332   0.453
76.35  38.56   3.043  66.306     -6.104  -3.340    0.340   0.314
76.35  38.56   4.082  86.948     -8.854  -5.570    0.352   0.353
76.35  38.56   1.103   1.644     -1.512  -1.920    0.330   0.308
76.35  38.56   3.662  41.433     -7.429  -5.170    0.352   0.397
76.35  38.56   5.160  15.850     -12.308  -10.870    0.364   0.305
76.35  38.56   0.203  241.380      0.000  -10.268    0.668   0.092
76.35  38.56   0.528  204.781     -0.846  -10.398    0.668   0.099
76.35  38.56   0.480  232.170     -0.846  -11.018    0.668   0.062
76.35  38.56   0.768  220.703     -1.512  -11.318    0.668   0.103
76.35  38.56   0.403  179.853     -0.846  -9.768    0.667   0.088
76.35  38.56   0.386  191.988     -0.846  -10.058    0.668   0.090
76.35  38.56   0.341  204.938     -0.846  -10.338    0.668   0.095
76.35  38.56   0.598  1378.522     -0.846  -25.628    0.668   0.127
76.35  38.56   0.237  1489.169      0.000  -25.728    0.668   0.118
76.35  38.56   0.779  1383.781     -1.512  -26.328    0.668   0.141
76.35  38.56   0.848  1437.996     -1.512  -26.828    0.668   0.166
76.35  38.56   0.769  1453.699     -1.512  -26.948    0.668   0.136
76.35  38.56   0.763  1485.783     -1.512  -27.228    0.668   0.131
76.35  38.56   0.628  1560.384     -0.846  -27.228    0.668   0.329
76.35  38.56   0.896  1482.584     -1.512  -27.228    0.668   0.355
76.35  38.56   1.683  1432.757     -2.544  -27.828    0.668   0.192
76.35  38.56   1.667  1457.119     -2.544  -28.028    0.668   0.104
76.35  38.56   1.669  1456.037     -2.544  -28.028    0.668   0.140
76.35  38.56   0.824  1587.622     -1.512  -28.128    0.668   0.149
76.35  38.56   1.415  1465.854     -2.544  -28.128    0.668   0.165
76.35  38.56   1.677  1489.232     -2.544  -28.328    0.668   0.171
76.35  38.56   2.233  1378.288     -3.645  -28.448    0.668   0.184
76.35  38.56   0.700  1777.330     -0.846  -29.029    0.669   0.158
76.35  38.56   0.278  1439.064     -0.846  -26.148    0.668   0.135
76.35  38.56   0.713  1604.714     -0.846  -27.538    0.668   0.075
76.35  38.56   1.540  1521.465     -2.544  -28.619    0.668   0.137
76.35  38.56   0.254  1116.761     -0.846  -23.108    0.668   0.112
76.35  38.56   0.133  1279.858      0.000  -23.878    0.668   0.133
76.35  38.56   0.424  1223.817     -0.846  -24.198    0.668   0.092
76.35  38.56   2.804  903.906     -6.104  -26.139    0.668   0.082
76.35  38.56   2.914  960.137     -6.104  -26.829    0.669   0.211
76.35  38.56   3.192  965.175     -6.104  -26.879    0.669   0.255
76.35  38.56   0.953  140.819     -1.512  -9.318    0.658   0.099
76.35  38.56   0.808  144.414     -1.512  -9.278    0.658   0.085
76.35  38.56   1.066  148.511     -1.512  -9.518    0.658   0.108
76.35  38.56   1.304  142.114     -2.544  -10.178    0.658   0.070
76.35  38.56   1.425  147.779     -2.544  -10.539    0.659   0.092
76.35  38.56   1.514  161.496     -2.544  -10.941    0.661   0.102
76.35  38.56   1.627  174.656     -2.544  -11.251    0.661   0.121
76.35  38.56   1.601  177.857     -2.544  -11.331    0.661   0.095
76.35  38.56   1.829  150.290     -3.645  -11.701    0.661   0.129
76.35  38.56   1.901  157.772     -3.645  -11.921    0.661   0.096
76.35  38.56   2.517  134.816     -4.819  -12.469    0.659   0.184
76.35  38.56   3.698  97.885     -7.429  -13.900    0.660   0.151
76.35  38.56   4.596  24.747     -10.586  -14.402    0.772   0.173
76.35  38.56   5.595   1.382     -14.063  -14.752    0.772   0.124
76.35  38.56   5.715   4.172     -14.063  -14.752    0.772   0.117
76.35  38.56   6.488  17.311     -18.520  -15.328    0.767   0.140
76.35  38.56   7.359  142.672     -25.166  -16.008    0.768   0.199
76.35  38.56   7.649  137.451     -25.166  -16.258    0.768   0.086
76.35  38.56   0.060  1820.904      0.000  -28.058    0.658   0.060
76.35  38.56   0.062  1885.785      0.000  -28.558    0.658   0.062
76.35  38.56   0.026  1965.995      0.000  -29.168    0.658   0.026
76.35  38.56   0.139  2061.597      0.000  -29.878    0.658   0.139
76.35  38.56   0.372  2034.880     -0.846  -30.538    0.658   0.099
76.35  38.56   0.719  2193.818     -0.846  -31.709    0.659   0.164
76.35  38.56   0.225  2097.278      0.000  -30.098    0.658   0.086
76.35  38.56   0.382  2073.950     -0.846  -30.829    0.659   0.083
76.35  38.56   0.707  2197.236     -0.846  -31.689    0.659   0.073
76.35  38.56   0.790  2141.815     -1.512  -31.989    0.659   0.089
76.35  38.56   1.157  2259.628     -1.512  -32.870    0.660   0.093
76.35  38.56   1.620  2235.942     -2.544  -33.791    0.661   0.108
76.35  38.56   1.802  2174.429     -3.645  -34.472    0.662   0.099
76.35  38.56   2.174  2235.379     -3.645  -34.942    0.662   0.116
76.35  38.56   4.312  1397.778     -10.586  -35.343    0.663   0.128
76.35  38.56   5.901  904.544     -16.227  -36.184    0.664   0.119
76.35  38.56   6.092  1016.574     -16.227  -37.446    0.666   0.116
76.35  38.56   6.372  918.548     -18.520  -38.738    0.668   0.091
76.35  38.56   6.388  952.604     -18.520  -39.139    0.668   0.098
76.35  38.56   6.702  1173.763     -18.520  -41.543    0.673   0.099
76.35  38.56   6.750  1336.246     -18.520  -43.207    0.677   0.101
76.35  38.56   9.343  10.234     -42.138  -44.099    0.679   0.114
76.35  38.56   7.185  1075.065     -21.860  -44.099    0.679   0.113
76.35  38.56   7.529  785.769     -25.166  -44.209    0.679   0.082
76.35  38.56   7.574  797.866     -25.166  -44.360    0.680   0.088
76.35  38.56   0.138  1120.902      0.000  -23.379    0.699   0.138
76.35  38.56   0.578  1188.364     -0.846  -24.198    0.678   0.066
76.35  38.56   0.788  1311.983     -1.512  -26.059    0.679   0.107
76.35  38.56   0.133  1129.315      0.000  -22.758    0.677   0.133
76.35  38.56   0.497  1123.439     -0.846  -23.558    0.678   0.058
76.35  38.56   0.701  1187.360     -0.846  -24.058    0.678   0.052
76.35  38.56   0.780  1130.194     -1.512  -24.238    0.678   0.090
76.35  38.56   1.085  1191.788     -1.512  -24.918    0.678   0.151
76.35  38.56   2.119  1015.671     -3.645  -25.258    0.678   0.604
76.35  38.56   2.063  1072.627     -3.645  -25.869    0.679   0.217
76.35  38.56   0.480  1183.122     -0.846  -24.158    0.678   0.042
76.35  38.56   4.140  626.688     -8.854  -25.828    0.678   0.156
76.35  38.56   4.660  634.384     -10.586  -27.690    0.680   0.139
76.35  38.56   4.790  590.523     -12.308  -28.831    0.681   0.163
76.35  38.56   6.559  270.035     -18.520  -29.722    0.682   0.139
76.35  38.56   6.929  152.786     -21.860  -30.293    0.682   0.183
76.35  38.56   7.048  177.574     -21.860  -30.963    0.683   0.123
76.35  38.56   9.921  544.426     -46.907  -30.963    0.683   0.224
76.35  38.56   8.664   8.944     -33.513  -31.554    0.684   0.190
76.35  38.56   7.556  96.537     -25.166  -31.885    0.685   0.110
76.35  38.56   9.631  159.064     -42.138  -33.487    0.687   0.171
76.35  38.56  10.233  374.370     -46.907  -33.570    0.690   0.271
76.35  38.56  10.175  1265.842     -46.907  -22.720    0.680   0.217
76.35  38.56  10.523  1744.298     -51.690  -23.290    0.680   0.108
75.70  37.53   1.351  30.709     -2.541  -1.345    0.262   0.048
75.70  37.53   2.234  18.910     -3.546  -2.685    0.262   0.082
75.70  37.53   1.474   2.484     -2.541  -2.145    0.262   0.058
75.70  37.53   1.442  13.055     -2.541  -1.615    0.262   0.076
75.70  37.53   5.315  127.936     -12.279  -7.015    0.466   0.267
75.70  37.53   3.889  23.443     -8.066  -5.825    0.466   0.189
75.70  37.53   2.175   3.159     -3.546  -2.865    0.467   0.172
75.70  37.53   0.611   2.728     -0.848  -1.110    0.442   0.072
75.70  37.53   0.642   2.501     -0.848  -0.800    0.442   0.090
75.70  37.53   1.114   1.119     -1.568  -1.250    0.442   0.147
75.70  37.53   1.556   2.358     -2.541  -1.880    0.442   0.163
75.70  37.53   1.351  12.574     -2.541  -1.025    0.442   0.169
75.70  37.53   5.097  28.656     -10.944  -8.455    0.467   0.206
75.70  37.53   5.082  29.517     -10.944  -8.415    0.467   0.204
75.70  37.53   5.075  39.967     -10.944  -7.995    0.467   0.204
75.70  37.53   0.199  34.924      0.000  -2.571    0.442   0.199
75.70  37.53   0.928   0.171     -1.568  -1.661    0.442   0.202
75.70  37.53   2.615   2.009     -4.564  -5.162    0.442   0.273
75.70  37.53   0.113   9.690      0.000  -1.302    0.442   0.113
75.70  37.53   0.518   1.614     -0.848  -1.401    0.442   0.088
75.70  37.53   0.518   6.736     -0.848  -1.992    0.442   0.105
75.70  37.53   0.209  13.191      0.000  -1.542    0.442   0.209
75.70  37.53   2.566  24.705     -4.564  -1.916    0.534   0.201
75.70  37.53   5.926  284.774     -14.151  -5.168    0.532   0.334
75.70  37.53   3.353  33.581     -6.859  -3.729    0.541   0.482
75.70  37.53   3.649  34.136     -6.859  -3.729    0.541   0.185
75.70  37.53   5.006  76.830     -10.944  -6.255    0.535   0.278
75.70  37.53   1.644  691.411     -2.541   0.101    0.101   0.229
75.67  35.81   0.155   2.016      0.000  -0.706    0.700   0.155
75.67  35.81   0.218   3.581      0.000  -0.861    0.536   0.218
75.67  35.81   0.228   8.369      0.000  -0.541    0.199   0.228
75.67  35.81   1.465  11.428     -2.449  -1.781    0.199   0.083
75.67  35.81   0.563   0.979     -0.826  -0.661    0.536   0.067
75.67  35.81   0.150   8.747      0.000  -0.555    0.199   0.150
75.67  35.81   0.827   8.978     -1.624  -1.135    0.200   0.100
75.67  35.81   1.427   1.916     -2.449  -1.835    0.536   0.094
75.67  35.81   1.860  27.042     -3.296  -2.275    0.201   0.126
75.67  35.81   2.051  21.237     -3.296  -2.375    0.201   0.100
75.67  35.81   2.474  53.068     -4.163  -2.695    0.202   0.125
75.67  35.81   2.539  33.450     -4.163  -2.995    0.202   0.176
75.67  35.81   0.383   2.747     -0.826  -0.685    0.200   0.078
75.67  35.81   0.572   1.451     -0.826  -0.805    0.200   0.060
75.67  35.81   0.830   7.222     -1.624  -1.255    0.200   0.087
75.67  35.81   0.882   3.380     -1.624  -1.395    0.200   0.082
75.67  35.81   0.995   0.421     -1.624  -1.495    0.200   0.062
75.67  35.81   1.118   1.274     -1.624  -1.705    0.200   0.112
75.67  35.81   1.476   5.507     -2.449  -1.985    0.201   0.063
75.67  35.81   2.145  16.876     -3.296  -2.495    0.201   0.142
75.67  35.81   2.696  56.965     -4.163  -2.665    0.201   0.153
75.67  35.81  11.060  115.044     -42.162  -30.370    1.100   0.171
75.67  35.81  11.419  356.742     -51.141  -30.370    1.100   0.184
75.67  35.81  10.819  34.429     -42.162  -35.760    1.100   0.243
75.67  35.81   0.143   5.437      0.000  -0.420    0.199   0.143
75.67  35.81   0.153   5.543      0.000  -0.425    0.199   0.153
75.67  35.81   0.602   3.410     -0.826  -0.765    0.200   0.056
75.67  35.81   2.522  69.641     -4.163  -2.485    0.201   0.176
75.67  35.81   1.295  27.589     -2.449  -1.415    0.200   0.228
75.67  35.81   2.522  54.603     -4.163  -2.675    0.201   0.177
75.67  35.81   8.654  65.276     -24.211  -15.365    1.100   0.199
75.67  35.81   6.478  15.340     -13.060  -15.056    0.510   0.204
75.67  35.81   2.521  24.299     -4.163  -6.676    0.510   0.190
75.67  35.81   4.152  19.334     -6.878  -9.106    0.510   0.314
75.67  35.81   5.008   0.004     -8.982  -8.988    0.112   0.191
75.67  35.81   5.484  232.595     -10.173  -11.878    0.112   0.271
75.67  35.81   5.898  260.572     -11.564  -13.368    0.112   0.276
75.67  35.81   4.551   1.576     -7.769  -7.908    0.112   0.256
75.67  35.81   3.406   0.282     -5.971  -6.006    0.510   0.177
75.67  35.81   3.921   0.719     -6.878  -6.456    0.510   0.425
75.67  35.81   4.612   2.791     -7.769  -7.948    0.112   0.231
75.67  35.81   3.487   5.138     -5.971  -7.126    0.510   0.172
75.67  35.81   3.639  11.718     -5.971  -7.676    0.510   0.190
75.67  35.81   4.064   2.406     -6.878  -7.656    0.510   0.231
75.67  35.81   8.595  368.531     -24.211  -34.000    0.510   0.886
75.67  35.81   5.913  594.968     -11.564  -24.000    0.510   0.263
75.67  35.81   1.203  346.328     -1.624  -3.698    0.112   0.137
75.67  35.81   1.534  23.820     -2.449  -4.936    0.510   0.164
75.67  35.81   1.371  234.109     -2.449  -4.158    0.112   0.164
75.67  35.81   1.376   1.801     -2.449  -2.906    0.510   0.124
75.67  35.81   8.153  23.067     -20.777  -18.380    0.510   0.157
75.67  35.81   6.986  12.887     -15.210  -13.380    0.510   0.172
75.67  35.81   8.623  126.678     -24.211  -18.480    0.510   0.213
75.67  35.81   9.572  135.295     -30.906  -24.980    0.510   0.145
75.67  35.81   6.953  162.744     -15.210  -8.706    0.510   0.204
75.67  35.81   0.387   8.877     -0.826   0.534    0.510   0.085
75.67  35.81   2.553  21.912     -4.163  -1.780    0.510   0.197
75.67  35.81   3.859  100.192     -6.878  -1.780    0.510   0.282
75.67  35.81   6.041  356.963     -11.564  -1.930    0.510   0.271
75.67  35.81   2.356  21.829     -4.163  -1.790    0.510   0.347
76.91  34.64   0.404   4.480     -0.718  -0.355    0.199   0.089
76.91  34.64   0.413   2.433     -0.718  -0.465    0.199   0.096
76.91  34.64   0.832  16.999     -1.396  -0.665    0.199   0.089
76.91  34.64   1.248  19.227     -1.396  -0.965    0.199   0.065
76.91  34.64   3.644  11.165     -4.965  -3.025    0.589   0.257
76.91  34.64   0.585   0.022     -0.718  -0.725    0.249   0.585
76.91  34.64   2.197  12.739     -2.792  -1.905    0.250   0.485
76.91  34.64   1.553  20.601     -2.087  -1.185    0.199   0.136
76.91  34.64   1.056   1.185     -1.396  -0.770    0.581   0.358
76.91  34.64   1.646   2.333     -2.087  -1.270    0.581   0.244
76.91  34.64   1.267   4.599     -2.087  -0.925    0.588   0.279
76.91  34.64   3.647   6.920     -4.965  -3.425    0.600   0.258
76.91  34.64   3.916   6.106     -5.699  -4.225    0.600   0.324
76.91  34.64   4.333   2.470     -6.497  -5.525    0.633   0.488
76.91  34.64   6.539  17.684     -10.545  -8.025    0.599   0.617
76.91  34.64   0.572   1.458     -0.718  -0.800    0.210   0.063
76.91  34.64   0.150   7.859      0.000  -0.550    0.210   0.150
76.91  34.64   0.797   6.682     -1.396  -1.040    0.210   0.104
76.91  34.64   0.862   5.614     -1.396  -1.150    0.210   0.067
76.91  34.64   0.381  188.511     -0.718  -2.248    0.112   0.104
76.91  34.64   1.127   9.641     -1.396  -2.906    0.510   0.136
76.91  34.64  11.669  1333.178     -43.265  -24.640    0.510   0.968
76.91  34.64   3.581  245.443     -4.965  -2.011    0.189   0.701
76.91  34.64   6.535  1843.241     -10.545  -2.431    0.189   0.321
79.14  33.45   4.633   7.946     -5.646  -3.020    0.934   0.658
79.14  33.45   4.036   2.296     -4.844  -3.410    0.948   0.398
79.14  33.45   2.660   0.444     -2.982  -2.610    0.948   0.297
79.14  33.45   6.433   3.970     -8.484  -6.600    0.951   0.304
79.14  33.45   6.992  11.838     -9.936  -6.590    0.973   0.437
79.14  33.45   4.955   5.410     -6.332  -4.110    0.955   1.031
79.14  33.45   3.311   2.285     -4.239  -3.010    0.948   0.243
79.14  33.45   3.323   1.916     -4.239  -3.010    0.948   0.364
79.14  33.45   3.598   1.644     -4.239  -3.050    0.934   0.637
79.14  33.45   5.343   5.707     -7.023  -4.810    0.949   0.301
79.14  33.45   5.220  23.446     -6.332  -3.220    0.648   0.363
79.14  33.45   2.174  13.472     -2.410  -0.110    0.629   0.558
79.14  33.45   2.550  19.438     -2.982  -0.210    0.629   0.369
79.14  33.45   3.763  18.990     -4.844  -2.130    0.629   0.385
79.14  33.45   2.404  20.805     -2.982  -0.120    0.629   0.344
79.14  33.45   9.531  931.971     -20.660  -1.430    0.630   0.741
79.14  33.45  10.293  1428.659     -26.322  -2.510    0.630   0.766
79.14  33.45  10.853  1797.769     -29.282  -2.570    0.630   0.909
80.39  32.68   6.167   8.433     -6.970  -4.100    1.020   0.234
80.39  32.68   6.025   8.784     -6.970  -3.950    1.020   0.272
80.39  32.68   6.384  16.254     -7.670  -3.580    1.018   0.359
80.39  32.68   3.052   1.231     -3.312  -2.200    1.018   0.271
80.39  32.68   3.580   1.403     -3.857  -2.680    1.017   0.315
80.39  32.68   5.077   5.483     -5.715  -3.290    1.038   0.500
80.39  32.68   2.117   1.094     -2.203  -1.280    1.025   0.220
80.39  32.68   0.720   1.403     -0.579  -0.720    1.028   0.187
80.39  32.68   3.278   1.926     -3.857  -2.605    1.109   0.275
80.39  32.68   2.392   0.197     -2.733  -2.405    1.109   0.326
80.39  32.68   2.466   0.233     -2.733  -3.255    1.109   0.310
80.39  32.68   3.316   3.240     -3.857  -1.955    1.115   0.321
80.39  32.68   3.280   2.720     -3.857  -2.500    0.940   0.276
80.39  32.68   5.754   7.564     -6.970  -4.400    0.956   0.421
80.39  32.68   4.906   5.785     -5.715  -3.450    0.947   0.381
80.39  32.68   4.643   6.206     -5.104  -2.850    0.947   0.195
80.39  32.68   2.117   0.660     -2.203  -1.600    0.940   0.235
80.39  32.68   2.376   0.900     -2.733  -1.850    0.998   0.364
80.39  32.68   5.310  14.427     -6.355  -2.800    0.947   0.337
80.39  32.68   3.278   4.213     -3.857  -2.000    0.940   0.400
80.39  32.68   5.423   6.461     -6.355  -3.950    0.947   0.758
80.39  32.68   2.025  10.426     -2.203  -0.200    0.621   0.286
80.39  32.68   2.804  11.907     -3.312  -1.200    0.621   0.340
