2.614023596200337352e+01
2.594631198770753855e+01
2.571822029426525091e+01
2.546983250967992163e+01
2.523399268137827178e+01
2.502989961050499801e+01
2.487983222009191309e+01
2.477900626594916744e+01
2.472397296901547037e+01
2.469306855688707358e+01
2.468359833389639135e+01
2.467982364363908943e+01
2.466658890273091487e+01
2.465765764220881806e+01
2.464447475320451986e+01
2.463026616484419051e+01
2.461384785016563370e+01
2.459924148850528525e+01
2.458449765913069029e+01
2.457219675723381513e+01
2.455397314514002005e+01
2.453805812572196743e+01
2.452371117698457681e+01
2.450473667716291715e+01
2.448913402130474282e+01
2.447324195379986378e+01
2.446100549507398370e+01
2.445080118214038123e+01
2.444097492253294490e+01
2.442951512074679243e+01
2.442225365790870839e+01
2.441374495462924443e+01
2.591996306993323174e+01
2.567700358134642613e+01
2.539088798192625518e+01
2.509833032695929234e+01
2.482817523562136586e+01
2.461207201809563472e+01
2.445586785972331612e+01
2.436875771991948980e+01
2.433811198514459306e+01
2.434264834884512752e+01
2.436951268884081401e+01
2.439911557199216219e+01
2.442891243002800650e+01
2.445432203261447768e+01
2.447876371028912246e+01
2.449460312672163553e+01
2.451063502798972138e+01
2.451906588129353182e+01
2.452615656555025936e+01
2.452298829937549485e+01
2.451662952918365335e+01
2.450788145783477745e+01
2.448984352015247268e+01
2.447116772995516953e+01
2.445744476538777690e+01
2.443561381429473300e+01
2.441681719020345298e+01
2.440402819654143229e+01
2.438801075264589358e+01
2.437664245506175931e+01
2.436672426287088200e+01
2.435759411791798357e+01
2.569068540453369209e+01
2.539887000571507158e+01
2.506611679804017001e+01
2.473271373179861854e+01
2.443000837057675056e+01
2.419114240471446564e+01
2.404317298148933446e+01
2.397915342161849139e+01
2.398730956672537928e+01
2.404342660472251225e+01
2.412537173169098281e+01
2.421165014576124008e+01
2.429894293163530605e+01
2.437210176299868536e+01
2.444245252557046300e+01
2.449921354449291044e+01
2.454585441949095070e+01
2.458626788020816178e+01
2.460913430981801042e+01
2.462205413507141216e+01
2.462000104481239049e+01
2.460702185573835266e+01
2.459209927536658213e+01
2.457000404702140273e+01
2.454110694175340512e+01
2.451670450620845543e+01
2.448844910472939773e+01
2.447027344058598430e+01
2.444817391858527600e+01
2.443050259188835938e+01
2.441441557701207188e+01
2.440143748927262379e+01
2.543227617270851937e+01
2.509462144488409407e+01
2.471949733608406774e+01
2.434716507597615731e+01
2.401758605472343788e+01
2.376885876656417196e+01
2.363537755344810520e+01
2.360952616062337484e+01
2.367115382615144270e+01
2.379102483698270731e+01
2.394124535428352374e+01
2.410389969541520117e+01
2.425340846953298168e+01
2.438637405324522689e+01
2.450421758363297897e+01
2.460616885341325144e+01
2.468556901561252559e+01
2.474366699851980655e+01
2.478148737307282801e+01
2.478871768976075884e+01
2.478320517095113118e+01
2.476272262193285911e+01
2.473299057023939440e+01
2.469943385086180854e+01
2.465753147186917005e+01
2.462104910876919206e+01
2.457950672607758236e+01
2.454768362564646011e+01
2.451427736879261232e+01
2.448905102558234148e+01
2.446695191274134373e+01
2.444570638383838457e+01
2.508945406805500511e+01
2.472009561983279013e+01
2.430622190660198711e+01
2.390445037436829878e+01
2.356069254461108287e+01
2.332249385271862252e+01
2.321465828511776408e+01
2.323733255043315182e+01
2.336922589385655868e+01
2.357108652187765330e+01
2.380420142470787681e+01
2.403874895938484002e+01
2.426165123517981570e+01
2.445358354652200461e+01
2.461845692072106573e+01
2.475042703646349906e+01
2.484508405232609363e+01
2.490567535432895951e+01
2.493307463697198756e+01
2.493307714139104547e+01
2.491238808121198645e+01
2.486752272690999632e+01
2.480874551112862036e+01
2.474856747766918375e+01
2.468437222801404118e+01
2.462939123743608860e+01
2.457364332735246393e+01
2.452344312455692688e+01
2.448035253525983279e+01
2.444439811161548448e+01
2.441549961383204703e+01
2.438810533819814452e+01
2.461216180490751526e+01
2.421613889434150479e+01
2.378264391773240405e+01
2.336581555896698603e+01
2.302356170015487535e+01
2.280959637381535998e+01
2.274782428126956546e+01
2.284070731986258096e+01
2.305647790355245874e+01
2.335032375484063394e+01
2.367145991822257756e+01
2.398443885681327714e+01
2.426718029823636513e+01
2.450382911151572074e+01
2.469408302695626034e+01
2.483803171342399807e+01
2.492945505239008241e+01
2.497134029967617153e+01
2.497583815227967108e+01
2.494282500493315169e+01
2.488306263060669110e+01
2.480491894590488400e+01
2.471998028598413910e+01
2.462763928736981711e+01
2.454485134338302998e+01
2.446619296553434353e+01
2.438961220950469055e+01
2.432745593617843483e+01
2.427470663706893106e+01
2.422474452570825321e+01
2.418566534522896205e+01
2.415955921408638574e+01
2.393130565388103292e+01
2.351659225428208799e+01
2.308397372189125818e+01
2.267398080616989020e+01
2.235341437166571765e+01
2.218620322058313832e+01
2.219311201194173577e+01
2.237322381434271534e+01
2.268624182418469459e+01
2.307444841107844624e+01
2.348543231337627901e+01
2.386983843504760827e+01
2.420369409502687219e+01
2.446770428478777859e+01
2.466248362733880128e+01
2.479010923769296326e+01
2.485538597813557260e+01
2.486512783770239565e+01
2.482878332364780860e+01
2.475125180901389044e+01
2.465505293449267299e+01
2.454346114109715415e+01
2.442667752312502216e+01
2.431109409318067804e+01
2.421003387481180269e+01
2.411394462750892131e+01
2.403371500385343040e+01
2.396122538966490012e+01
2.390225089323988072e+01
2.385162221500512914e+01
2.381168567182448470e+01
2.378506062408648347e+01
2.299335197640543527e+01
2.257903843671067534e+01
2.215129002024283267e+01
2.176712886738492969e+01
2.149636503806803489e+01
2.139404448013979021e+01
2.148926075128073521e+01
2.176945497692739195e+01
2.219175098601689555e+01
2.268241147012471970e+01
2.318056342582111284e+01
2.362293041668174709e+01
2.399295042328948568e+01
2.426109258256252588e+01
2.444752827095330616e+01
2.454415975748879220e+01
2.457390240032543716e+01
2.453647004855565328e+01
2.445422243779691840e+01
2.434311348979457534e+01
2.421483412591169326e+01
2.408109943009666409e+01
2.394665882978900484e+01
2.383015784316097552e+01
2.372545810350064954e+01
2.363248843387898290e+01
2.355566325419636087e+01
2.349662779909077415e+01
2.344788348059278604e+01
2.340757233319351371e+01
2.337704175950706897e+01
2.334957786106330602e+01
2.179465938947079096e+01
2.139118820968801771e+01
2.098327325661803044e+01
2.063595818675604221e+01
2.042317943181673812e+01
2.040545075750585369e+01
2.059703543556657124e+01
2.098911144536128859e+01
2.151440168493181915e+01
2.210520622234082921e+01
2.267072265167433898e+01
2.316758010492153375e+01
2.354969686457772937e+01
2.382038700884098148e+01
2.397568093267657829e+01
2.403584704824262985e+01
2.401718133730147287e+01
2.394218594876794270e+01
2.382699601555603408e+01
2.369060022150993916e+01
2.354730352908272906e+01
2.341556326247317799e+01
2.329922384296071769e+01
2.320000495231367665e+01
2.312058878881257584e+01
2.305287617353619822e+01
2.300758523612940820e+01
2.296747015606921138e+01
2.294231524170357517e+01
2.292572937202086791e+01
2.291312121295124271e+01
2.290506834088180455e+01
2.038939204653188497e+01
1.999236017351649508e+01
1.960666530378330208e+01
1.930871583714670336e+01
1.916252851331861606e+01
1.922705608997443250e+01
1.951720698905581131e+01
2.000916141826497707e+01
2.063269785329485018e+01
2.129952074947116358e+01
2.192481337256374729e+01
2.244049805682526966e+01
2.281956532125602877e+01
2.305827366946872559e+01
2.316734112676370216e+01
2.317360952496094129e+01
2.311023319754205119e+01
2.299111849918249106e+01
2.284875103446718470e+01
2.270604971640835856e+01
2.257853838558525439e+01
2.246518617274572449e+01
2.237786860952757806e+01
2.232379090981013903e+01
2.228877486185202983e+01
2.227215660923001650e+01
2.226720223065594340e+01
2.227513727895840390e+01
2.228143526958476528e+01
2.229575959448760614e+01
2.230793801765446105e+01
2.232316406387643326e+01
1.887950234290407181e+01
1.849665423426175437e+01
1.814670029228244985e+01
1.789425278958967169e+01
1.781041900635419495e+01
1.794885319205122798e+01
1.831597154865124111e+01
1.888489492700102090e+01
1.957607944509471309e+01
2.029136803500248476e+01
2.093046809045397794e+01
2.143204808542463979e+01
2.176458450430814651e+01
2.193555461249930971e+01
2.196625216676159909e+01
2.189215712359416699e+01
2.175385441815166132e+01
2.158270452539591844e+01
2.140753903853848783e+01
2.125848364621835884e+01
2.113678711454764425e+01
2.105960331497309213e+01
2.102017290981859432e+01
2.101380874205248261e+01
2.103302645845879226e+01
2.106665484080327744e+01
2.111514727657143453e+01
2.116259745862505781e+01
2.121553547169099829e+01
2.125817764262156118e+01
2.129755040353379059e+01
2.133124415558774700e+01
1.744931883326384536e+01
1.709496464752403710e+01
1.678136194312750007e+01
1.657644412644344101e+01
1.654517291475319141e+01
1.673639224850947826e+01
1.716063347099625958e+01
1.777369477552447918e+01
1.849023157763659597e+01
1.920377938602267420e+01
1.980984484714641880e+01
2.024296100256893283e+01
2.047078982736813657e+01
2.051650169089124986e+01
2.041196368838900455e+01
2.021093130170224583e+01
1.996082873974123117e+01
1.969421058733651009e+01
1.946477457344531103e+01
1.927680438038646571e+01
1.915177344039083707e+01
1.908648906519534094e+01
1.907768724873577071e+01
1.910678510241343275e+01
1.917201106175244263e+01
1.924787685682165872e+01
1.933629020439256863e+01
1.941983978456698168e+01
1.950222315702804465e+01
1.957270586269975254e+01
1.963543729584254649e+01
1.968487994164048871e+01
1.631873083190392038e+01
1.600397608443197228e+01
1.573657376875188163e+01
1.558374994962959192e+01
1.560152837793974534e+01
1.583577441764641591e+01
1.628689380416456345e+01
1.690957011942951382e+01
1.761191634141910001e+01
1.827595560896777016e+01
1.879628764564524701e+01
1.909960788177646762e+01
1.916819425273001087e+01
1.902413227464703738e+01
1.872584438953181518e+01
1.833133368117260886e+01
1.791132390256355933e+01
1.750681037604975643e+01
1.716688613991633972e+01
1.690840127625903477e+01
1.673711848323260654e+01
1.665264081738786928e+01
1.664303303747383111e+01
1.668577921387225160e+01
1.676424820474051813e+01
1.686229725814969882e+01
1.697520632829086651e+01
1.708031929147242423e+01
1.717807663345167413e+01
1.725982895772394698e+01
1.733369713369354415e+01
1.739477367278674436e+01
1.567737224882291791e+01
1.541989797173448196e+01
1.521702283040651693e+01
1.512565820199552036e+01
1.519793173442551648e+01
1.546919497766728746e+01
1.593704452886430367e+01
1.654834596359560805e+01
1.720798463844187864e+01
1.778817892670119960e+01
1.818339077473406817e+01
1.831264701732155231e+01
1.817048830739145160e+01
1.778744937281521388e+01
1.723679443170722081e+01
1.660083414900081777e+01
1.595503142466845148e+01
1.536837322016068796e+01
1.487517493588869222e+01
1.450436065898021276e+01
1.425330061056988029e+01
1.411592082338814080e+01
1.407634318906380955e+01
1.410133209888493333e+01
1.417494919859177571e+01
1.427509472411870561e+01
1.438467041894058518e+01
1.449319750599989831e+01
1.459202826712671275e+01
1.467834480262857078e+01
1.475287015608703456e+01
1.481267579512367050e+01
1.562046807791738168e+01
1.543836292254367670e+01
1.531575590575714507e+01
1.530075275539989477e+01
1.543637685683478367e+01
1.575029215771320779e+01
1.623430161225456203e+01
1.683083586339813209e+01
1.743647893976266516e+01
1.792324247630722667e+01
1.816975700242274883e+01
1.810779423609211136e+01
1.772259915547929054e+01
1.706550162751722866e+01
1.623154118359689235e+01
1.532148466773308648e+01
1.442368850979819683e+01
1.361978237210398568e+01
1.295151674236680606e+01
1.243784254545249723e+01
1.208722748194934482e+01
1.187793113720277560e+01
1.178509765929049991e+01
1.177775804519573377e+01
1.182894629283599741e+01
1.191317503678257417e+01
1.201141043148925469e+01
1.211091185999868181e+01
1.220341911718277217e+01
1.228531014122573239e+01
1.235411979291888507e+01
1.241214088759362255e+01
1.609004505793446071e+01
1.599499249946987689e+01
1.596200393082427205e+01
1.603296007478794039e+01
1.624153758472484554e+01
1.660546902055794050e+01
1.711235534322347718e+01
1.769917850489341404e+01
1.826010652797603129e+01
1.865704423006987156e+01
1.876022420932930146e+01
1.849275681386281533e+01
1.785343783661065586e+01
1.690787256499162083e+01
1.577243011543623297e+01
1.457020285580348684e+01
1.340605460101053481e+01
1.237343485195092541e+01
1.151886021731359477e+01
1.086541169862605472e+01
1.040548026823778827e+01
1.012015807957372360e+01
9.970671207079519149e+00
9.925004734234683212e+00
9.950217666183805321e+00
1.001449385900045996e+01
1.009921679952638485e+01
1.018754556454721616e+01
1.027193902650035540e+01
1.034595492926125004e+01
1.041044633418746912e+01
1.046298234708058850e+01
1.689257265242896366e+01
1.688310265431021406e+01
1.693951886304277465e+01
1.709731675711645238e+01
1.738043242874244143e+01
1.780203168906249900e+01
1.834391063083531037e+01
1.894026282413856777e+01
1.947503142518423758e+01
1.980093404763836773e+01
1.976980062462445886e+01
1.930719345526257058e+01
1.840720455803139544e+01
1.716243867502529241e+01
1.571006854134412833e+01
1.420191962440040712e+01
1.276660007955586806e+01
1.150295944463611164e+01
1.046300037938531702e+01
9.670117146905592875e+00
9.111743140422140286e+00
8.755163361130104960e+00
8.561457212193676725e+00
8.484826055871382167e+00
8.488235122193358961e+00
8.539759479280316867e+00
8.613880021477070770e+00
8.696777101195635851e+00
8.775374974574770448e+00
8.846591118379734553e+00
8.906769594997713924e+00
8.957232842038340692e+00
1.777263244283274446e+01
1.783902184524799139e+01
1.798009095674484570e+01
1.822012085325771125e+01
1.858170348797770899e+01
1.907529199919703444e+01
1.967774725154332671e+01
2.031898483275649170e+01
2.086920544521480636e+01
2.115795684583896019e+01
2.102347988926336342e+01
2.037126486633136579e+01
1.920850266827181940e+01
1.765071309479571227e+01
1.586998262844951846e+01
1.403791513564495119e+01
1.232162351776967846e+01
1.082508232076989074e+01
9.605341401796717804e+00
8.684389752363266268e+00
8.039088081533297014e+00
7.628472626281941338e+00
7.404581076555627916e+00
7.311393084752005223e+00
7.308507137140873411e+00
7.357994072823646370e+00
7.432924496435111550e+00
7.516321906970742539e+00
7.596970001848362131e+00
7.669660840198321949e+00
7.730244519795974156e+00
7.782181560913651097e+00
1.852942155955440029e+01
1.867363500180003655e+01
1.889585785424435471e+01
1.922618349782405289e+01
1.969108258024386515e+01
2.029121478652294996e+01
2.100816966435447242e+01
2.175627090838381505e+01
2.238001897463183454e+01
2.268315407777002690e+01
2.247715229431402406e+01
2.165382034520641241e+01
2.023300081618923940e+01
1.834839766436166286e+01
1.621183565566411389e+01
1.405138533351252761e+01
1.203979553281541115e+01
1.030733986081905940e+01
8.919044957719325595e+00
7.882889046200977745e+00
7.168860625818483712e+00
6.724617544569360561e+00
6.489605572613642792e+00
6.401356492104696372e+00
6.408356242141781678e+00
6.471472700346579288e+00
6.557973770520304058e+00
6.653500874364855378e+00
6.743879272391948732e+00
6.824171334456952565e+00
6.891375945792262314e+00
6.947143670802749860e+00
1.914780656477545051e+01
1.937494838373378414e+01
1.969505503096913301e+01
2.014698881947137465e+01
2.075455216479294762e+01
2.152576132434468548e+01
2.242840532869527692e+01
2.336144429720959792e+01
2.413673221317654338e+01
2.451351960897250137e+01
2.427330742867945901e+01
2.329817016090934345e+01
2.160878797473058199e+01
1.938876533512643974e+01
1.688635240019634765e+01
1.437468507032667198e+01
1.206400316903229353e+01
1.009894327266168901e+01
8.549010394805742763e+00
7.413683774380526614e+00
6.654355821584573505e+00
6.202545322911189984e+00
5.980152761391938299e+00
5.918211430819082963e+00
5.954702909736282024e+00
6.047506996516142763e+00
6.162002135301763772e+00
6.280068918212008633e+00
6.388798628744755348e+00
6.482304128297747603e+00
6.561623515673176144e+00
6.624934225945805721e+00
1.982759174929631030e+01
2.014829989952804823e+01
2.059517569408821203e+01
2.120466763162067281e+01
2.201179539271138452e+01
2.301998006032077981e+01
2.418447875051929330e+01
2.537438556724085714e+01
2.636195732433097660e+01
2.685870839042956248e+01
2.661039927149267825e+01
2.548139504699324220e+01
2.352370629328246210e+01
2.094867059065020953e+01
1.806559776491510760e+01
1.519144200867124539e+01
1.257829982047639561e+01
1.038745908490522396e+01
8.691559044917793742e+00
7.482781762584519214e+00
6.703581401080109359e+00
6.268477265119519970e+00
6.083769189277419720e+00
6.071880321463157593e+00
6.159217438063992134e+00
6.298848154889929774e+00
6.454314198867539432e+00
6.605761091539596563e+00
6.740221244519950972e+00
6.854452063742848544e+00
6.948181346023687865e+00
7.021810020124978458e+00
2.087538924052874734e+01
2.132112517190350331e+01
2.191715230389618085e+01
2.271836763229772771e+01
2.376215902528889856e+01
2.505116483267868688e+01
2.652193406495113948e+01
2.800427248030417005e+01
2.922726444763192788e+01
2.985311485982623481e+01
2.959296091262199724e+01
2.830361586534814577e+01
2.605600690445811907e+01
2.311649963400921592e+01
1.984014669021018307e+01
1.660460214179744298e+01
1.369594932838005263e+01
1.129382529533934942e+01
9.473093114488275290e+00
8.213573291625953843e+00
7.439338955759961181e+00
7.048102351088063600e+00
6.931249500003469954e+00
6.989654961801928579e+00
7.147172669879552132e+00
7.348274701545506993e+00
7.556948860589058015e+00
7.750494088335537768e+00
7.917239695284700396e+00
8.056844506613934698e+00
8.168645193703900631e+00
8.256492125601994303e+00
2.261075628747930466e+01
2.317840137376336784e+01
2.392912153087922178e+01
2.492910575289052133e+01
2.621583180805227542e+01
2.778531391202103151e+01
2.955197119463194610e+01
3.131262691422637445e+01
3.274429315254182882e+01
3.347118836426581368e+01
3.316825809724242191e+01
3.169408794476094116e+01
2.915270983512521141e+01
2.582487471377146093e+01
2.216696440676667379e+01
1.857791983152646509e+01
1.538994723953455157e+01
1.280193535178567998e+01
1.088355847118254438e+01
9.602468337196512493e+00
8.865006630771880225e+00
8.543877182065227061e+00
8.513285808135142574e+00
8.663460758539098805e+00
8.907432284375516929e+00
9.181763836189006156e+00
9.452393692121219715e+00
9.692665416211276863e+00
9.897770779302025090e+00
1.006631745113272736e+01
1.019859994490405875e+01
1.030017394479651927e+01
2.515122289100867903e+01
2.582751507490803533e+01
2.671549569372980315e+01
2.788672473464677282e+01
2.938084678738916367e+01
3.118139863685399860e+01
3.318620086846399175e+01
3.515338219913876117e+01
3.672710638328699417e+01
3.749150812880630923e+01
3.710676502410125011e+01
3.542162771532063914e+01
3.257002807323902971e+01
2.889114164901632265e+01
2.486601489497143547e+01
2.095340557369459944e+01
1.752515091922295909e+01
1.478416021858901175e+01
1.280421025613214603e+01
1.153035533951623393e+01
1.085300991813946681e+01
1.062230572439649023e+01
1.069961247888877054e+01
1.095307641978444657e+01
1.129214262886135600e+01
1.165066048627044104e+01
1.198598997187114890e+01
1.228130095206736883e+01
1.252590991145736155e+01
1.272244691421160923e+01
1.287676231795897763e+01
1.299332824759030380e+01
2.839019691847111204e+01
2.914162892016337381e+01
3.012711659618461724e+01
3.141467741799836233e+01
3.304220324766249206e+01
3.499228602435494651e+01
3.713630135473597704e+01
3.921102809394841415e+01
4.083619728840375274e+01
4.157289368995437684e+01
4.106253148894835192e+01
3.915761260655366272e+01
3.601862237302391634e+01
3.200549738493301533e+01
2.766356818378135074e+01
2.347806203680674386e+01
1.985789359292094503e+01
1.701538073173896848e+01
1.500376279377083932e+01
1.377607603374211820e+01
1.318501613406662898e+01
1.306724767710067425e+01
1.325758518232092165e+01
1.362374956067741394e+01
1.406508533795571836e+01
1.450398885895653578e+01
1.490689963009135255e+01
1.525683019682101005e+01
1.553860789537910492e+01
1.576422908917846577e+01
1.593907340971559705e+01
1.606952747448177732e+01
3.202578275934057217e+01
3.281099337561001050e+01
3.383568485248528646e+01
3.516770993142361590e+01
3.684686465524965371e+01
3.883581692873669766e+01
4.100424417079521788e+01
4.308283747184603385e+01
4.466388247409435053e+01
4.530342998906962748e+01
4.463129806394740484e+01
4.252703377097024173e+01
3.913071689752540294e+01
3.485325749740940182e+01
3.026821580606813811e+01
2.588947436097587484e+01
2.213971091355328724e+01
1.923561199576306180e+01
1.724693485146549676e+01
1.608679140660801821e+01
1.559606764593644002e+01
1.559917471575888470e+01
1.591463952266729542e+01
1.639438464905391868e+01
1.693368504586838696e+01
1.745616337749848412e+01
1.792483147960864187e+01
1.831976681880762925e+01
1.864108578389864590e+01
1.889238417014784588e+01
1.908428775476106054e+01
1.922680302225985827e+01
3.566928695330420851e+01
3.643692479576444043e+01
3.744283138934140709e+01
3.874163079085366235e+01
4.037588961630729045e+01
4.230627986744008950e+01
4.439769891797300261e+01
4.637276881614425861e+01
4.783632703912554973e+01
4.832830528002987336e+01
4.749415455154676380e+01
4.520842941707267215e+01
4.162579225461041688e+01
3.717128319605408393e+01
3.242277133814005197e+01
2.793465734580992432e+01
2.412902608883616296e+01
2.123084448130654067e+01
1.929377716160690071e+01
1.822923195678639274e+01
1.786441455049958549e+01
1.799091250444281087e+01
1.842941541509236458e+01
1.901901291562471386e+01
1.964987606656518437e+01
2.025092336075792332e+01
2.077489561173598531e+01
2.121379364607914653e+01
2.156512624762545016e+01
2.184026174048849356e+01
2.204545106429467438e+01
2.219820566982583188e+01
