-86.75  81.97   8.308
-84.86  81.91  21.261
-85.77  82.26   3.667
-76.92  79.42   5.211
-75.25  79.16   5.360
-76.40  79.10   0.807
-78.32  78.91   1.850
-75.65  78.90   3.251
-74.68  78.64  31.189
-81.73  77.62  24.779
-81.75  77.30  16.700
-79.03  75.88   4.490
-85.04  76.46  19.942
-87.51  76.39   1.998
-86.76  77.86   9.756
-84.65  78.20  23.118
-86.23  78.26  39.617
-84.74  78.87   5.425
-82.35  78.62   4.694
-85.19  79.88  22.924
-80.96  79.66  17.401
-82.07  79.94  19.587
-81.04  80.41  22.736
-79.12  80.60  39.763
-88.62  81.06  16.168
-88.78  80.37  36.467
-87.46  79.51  11.617
-91.55  78.21   4.785
-90.82  79.39  14.114
-91.71  79.35   9.879
-97.31  78.48  36.439
-101.42  78.36  35.504
-94.90  77.67  18.357
-95.56  77.01  15.073
-94.32  76.90  12.495
-92.14  76.56   8.646
-90.46  76.18   9.600
-85.66  75.56   1.092
-84.58  75.66   9.145
-83.83  75.78  10.739
-83.63  74.57   3.001
-91.34  74.65  10.667
-91.99  74.91  11.538
-91.89  75.66   3.128
-92.52  76.06   4.757
-93.40  76.32   1.510
-94.97  76.31   5.516
-94.88  74.72  13.602
-97.55  74.56   1.294
-96.87  75.37  37.409
-98.68  75.26  16.038
-98.65  75.77  13.681
-99.33  76.30  15.951
-102.40  76.04  14.870
-103.66  76.43  17.768
-105.27  77.43  92.850
-110.38  75.70   6.072
-108.35  76.08  11.204
-105.97  75.42  13.621
-110.68  74.73  49.326
-115.37  75.87  29.016
-119.27  76.56  11.735
-114.13  77.84   1.333
-93.87  72.25   8.755
-93.60  72.83  25.144
-93.74  74.06  10.469
-94.88  74.00  14.631
-95.06  72.81   8.005
-97.74  71.65  10.225
-98.45  72.77   2.298
-97.05  72.83  18.622
-96.96  73.09   4.973
-97.79  73.36   1.766
-97.40  73.81   1.901
-98.96  73.97   1.587
-99.70  73.69  33.614
-99.76  73.20   4.815
-101.78  72.91   0.960
-102.56  72.87   2.340
-106.31  69.46  18.888
-113.29  68.64   4.120
-115.85  69.32   4.484
-116.80  69.65   9.983
-117.26  69.98   5.436
-116.52  70.16   3.096
-115.37  70.26   7.175
-113.48  70.25   4.434
-112.78  70.58   2.669
-113.91  70.69   6.864
-117.83  70.76  37.493
-118.22  71.06  22.069
-118.83  71.69   7.607
-110.61  72.70  18.538
-107.61  71.93  90.639
-107.65  72.97   5.978
-105.01  73.56   3.450
-116.89  73.25  36.292
-124.52  71.87  35.471
-87.05  73.78   5.029
-85.47  73.82   1.543
-86.80  72.72   2.443
-86.26  72.41   2.079
-86.46  72.19   0.837
-86.11  71.78   2.047
-85.46  71.78   0.432
-84.48  71.50   1.677
-85.61  72.65   0.141
-85.04  73.05  82.853
-80.63  73.03   0.787
-80.42  72.80   1.482
-79.35  73.04   6.542
-81.23  72.30   1.345
-81.09  72.06   3.165
-80.89  71.88   0.620
-78.92  71.94   5.319
-77.90  71.78   7.017
-74.87  71.36  16.406
-71.54  70.07   5.527
-68.84  70.47  27.300
-70.36  69.88   6.478
-70.02  69.61   2.225
-69.35  68.84   3.967
-68.38  68.56   4.990
-66.72  68.30  11.322
-64.94  68.03  12.841
-65.43  67.68   2.196
-64.93  65.81   1.864
-65.77  66.14  12.672
-67.66  66.59   1.864
-68.37  63.63  14.516
-68.20  63.24  12.901
-65.57  62.90  28.096
-64.72  62.46   8.172
-66.34  62.36   9.232
-66.11  62.08  11.308
-69.65  62.70   1.434
-70.45  62.62  25.296
-76.50  64.37  19.188
-77.99  63.32  28.182
-75.16  69.25   3.518
-77.68  70.20  22.689
-78.86  69.85  33.963
-80.25  69.62  15.697
-85.00  70.13   7.039
-86.66  70.04   2.031
-87.16  70.41  15.122
-89.18  70.97   1.212
-87.69  70.92  11.342
-86.55  70.96   7.546
-85.02  70.90   2.140
-85.72  71.12   1.134
-86.47  71.09   0.866
-87.50  71.13   6.628
-89.58  71.39  16.552
-89.88  72.04  12.631
-89.69  72.59   8.753
-56.79  51.55  16.457
-55.78  52.70   0.378
-56.96  53.72  24.179
-57.49  54.44  10.564
-58.41  54.19  10.055
-60.25  53.48  59.943
-60.17  54.76   2.337
-59.40  55.21  12.621
-60.54  55.75   4.162
-61.46  56.75  15.397
-62.98  58.55  16.764
-63.63  59.06   2.055
-64.41  59.91   9.844
-66.00  58.74   9.454
-69.97  59.37  22.796
-67.94  60.50  13.226
-69.87  60.88   5.265
-72.75  61.98  30.534
-74.23  62.19  18.066
-74.23  62.66   9.830
-75.82  62.21  55.955
-77.74  62.19  11.233
-77.77  60.41  20.453
-79.98  59.83  48.575
-77.09  57.82  96.534
-76.45  56.57  59.254
-77.42  55.45  54.560
-77.62  54.73  68.856
-77.85  53.63  51.670
-77.74  51.99  50.044
-78.36  50.60  336.093
-82.54  50.27  14.960
-83.75  54.32  34.208
-93.66  56.71  37.699
-94.42  58.71  63.373
-94.96  61.37  126.467
-93.86  63.69  23.278
-83.95  64.57  20.904
-86.29  66.59  23.945
-82.61  68.36  19.554
-82.41  68.66  31.460
-81.91  69.32   3.419
-85.30  69.70  13.970
-85.23  69.37  58.219
-84.19  69.68  18.328
-84.78  68.82  11.338
-92.11  68.62  155.348
-97.47  69.25  12.188
-107.34  67.83  54.979
-107.38  66.63  43.959
-115.10  67.89  13.145
-115.26  68.41  60.452
-116.20  68.73   7.024
-118.59  69.14   7.785
-120.65  69.51  33.832
-123.41  69.75  17.201
-127.61  70.29  16.018
-132.89  69.36  87.544
-133.26  70.14  43.907
-138.84  69.28  95.159
-70.60  76.80  52.237
-73.13  76.72  131.657
-148.43  60.96   5.243
-147.66  60.22   0.504
-145.24  60.38   7.761
-144.52  60.21  13.236
-144.63  60.29  67.821
-143.66  60.06   1.246
-141.80  60.00  92.448
-139.99  59.69  76.360
-137.58  58.58  149.332
-136.09  58.38  12.306
-135.18  58.15  38.569
-135.96  58.97  78.736
-134.54  58.35  24.774
-134.60  58.31  94.376
-135.23  57.08  256.892
-132.82  56.62  38.281
-133.79  55.93  14.461
-133.16  55.94  11.092
-133.52  55.62  128.451
-133.67  55.40  16.818
-131.63  55.39  37.168
-130.86  54.46   4.988
-130.32  54.30  18.725
-128.63  54.19  68.975
-130.91  53.56  258.992
-132.18  53.77  43.125
-131.52  52.60  109.638
-127.98  51.98  12.341
-127.65  51.12  96.312
-126.68  49.72   0.619
-125.90  49.13   3.686
-124.97  49.03  31.586
-124.83  49.25   0.122
-125.01  49.89  102.845
-124.32  49.37  30.563
-122.90  49.12  37.472
-122.52  48.50  13.317
-123.18  49.63  10.379
-131.77  58.70  184.011
-123.07  49.08   1.292
-123.41  48.88   1.280
-123.44  48.58  24.466
-124.51  48.26   0.089
-122.66  47.90   2.096
-123.90  46.63   0.346
-122.73  47.86   0.161
-124.52  48.28   0.930
-124.12  47.09   0.423
-123.83  46.58   0.677
-123.92  45.42   0.272
-124.00  44.23   0.263
-55.76  51.49   8.831
-56.81  49.80   9.467
-56.14  49.68  103.187
-55.43  49.38  109.064
-53.86  49.40  15.778
-53.66  48.86   2.604
-49.42  46.00  161.562
-55.56  46.95   1.932
-59.29  47.70  21.462
-58.81  48.23  58.015
-58.74  48.56  78.468
-58.06  49.05  85.823
-57.98  49.49  49.317
-57.79  49.92  50.259
-57.34  51.44  25.243
-59.95  50.79  12.779
-63.48  49.57  66.632
-64.24  49.83  206.462
-64.60  50.28  30.876
-66.36  50.24  89.307
-68.20  49.27  67.759
-68.88  48.83  102.487
-69.70  48.12  18.482
-71.42  48.46  68.668
-70.39  47.49  131.510
-72.66  46.50  58.625
-77.03  45.89  27.395
-75.74  45.49  58.932
-75.77  45.17  85.883
-75.82  44.62  86.499
-74.67  45.10  126.943
-74.44  45.42  97.514
-73.90  45.62  81.713
-73.13  45.40  123.853
-73.26  44.54  100.656
-72.34  45.99  102.338
-71.62  46.71  114.045
-70.81  46.95  85.629
-70.45  47.08  34.140
-69.52  47.86  30.951
-68.72  48.36  39.261
-67.71  48.78  37.811
-66.33  49.17  76.963
-65.77  49.22  69.047
-65.30  49.24  69.518
-64.33  48.93  93.521
-65.20  48.10   5.478
-66.14  48.13  13.513
-66.29  47.97  62.707
-65.26  47.43  17.437
-64.28  45.78   0.413
-63.93  46.56   8.418
-63.22  46.12  11.612
-62.37  46.20  23.791
-61.84  47.30   6.052
-60.82  45.98   9.109
-62.50  45.70   5.203
-61.43  45.37  10.735
-58.11  44.48  142.633
-60.03  44.18   8.109
-63.45  44.64  22.726
-63.95  45.28  11.406
-65.54  43.92   3.913
-65.94  44.33  12.860
-66.18  45.20  15.401
-66.97  45.08  51.951
-67.54  44.65   1.747
-68.01  44.43   8.368
-67.70  44.57   3.576
-68.93  44.19  48.834
-69.84  43.72  88.931
-70.57  43.30   8.100
-70.10  43.56  49.296
-70.64  42.90  719.301
-70.79  42.73  25.912
-71.04  42.36   5.605
-70.89  42.59  17.545
-70.33  41.69   2.909
-70.89  41.36  43.357
-70.49  41.60  16.587
-72.01  41.31   1.549
-72.54  41.27   0.645
-72.89  41.25   1.009
-72.51  41.27   0.818
-73.94  41.41   1.158
-73.94  41.30   1.378
-73.96  41.22   0.309
-73.90  41.04   1.345
-74.01  40.73   2.323
-73.94  41.17   2.106
-73.41  40.88   1.315
-73.28  40.86   1.193
-74.26  40.42   0.895
-74.33  39.50   2.997
-74.66  39.22   0.121
-74.43  39.55   1.149
-75.11  38.74   0.713
-75.47  39.27   0.914
-75.36  39.05   0.703
-75.40  39.14   0.786
-76.10  38.66   0.587
-76.35  38.56  15.184
-75.86  37.28   0.080
-75.61  37.66   0.700
-75.70  37.53   0.432
-75.72  35.94   0.549
-75.52  35.42   0.612
-75.72  35.80   0.783
