304.20  51.50  12.247   2.519     52.194  99.258   33.947   0.320
304.20  51.50  12.742   1.703     61.987  98.383   39.467   0.262
304.20  51.50  12.538   0.957     61.987  98.818   38.192   0.233
304.20  51.50  12.276   0.541     61.987  75.493   27.583   0.407
304.20  51.50  12.655   1.543     61.987  81.414   16.973   0.320
304.20  51.50  12.626   0.996     61.987  74.626   13.575   0.349
304.20  51.50  11.491   7.355     42.574  59.833    6.364   0.582
304.20  51.50  11.113  20.047     33.457  59.853    5.941   0.204
304.20  51.50  10.735  13.542     26.023  47.567    5.939   0.378
304.20  51.50  10.269  22.919     26.023  50.138    5.095   0.320
304.20  51.50  10.066  21.096     19.749  45.056    5.517   0.291
304.20  51.50   9.629  31.271     14.383  45.080    5.517   0.233
304.20  51.50   9.658   6.706     14.383  30.650    6.365   0.378
304.20  51.50   9.396   8.337     14.383  30.240    5.517   0.378
304.20  51.50  10.676   4.994     26.023  10.651    7.214   0.262
304.20  51.50  10.415  23.601     26.023   1.329    5.092   0.291
304.20  51.50   9.716   0.412     14.383  15.370    5.939   0.349
304.20  51.50   9.396   0.171     14.383  15.387    8.486   0.262
304.20  51.50   8.931   0.412     11.394   7.774    6.362   0.233
304.20  51.50   8.087   0.473     11.715  15.032    5.514   0.262
304.20  51.50   3.724   1.039      5.047   6.777    5.091   0.233
304.20  51.50   3.433   0.160      5.047   7.216    6.364   0.320
304.20  51.50   3.142   0.472      4.336   7.232    5.513   0.320
304.20  51.50   2.095   1.340      2.959   6.863    3.816   0.175
304.20  51.50   1.367   3.425      2.132   8.175    3.395   0.262
304.20  51.50   0.785   7.510      1.344   7.781    2.545   0.204
304.20  51.50   0.233   0.890      0.000   2.294    3.816   0.320
304.20  51.50  10.735   0.930     26.023  32.715    7.637   0.582
304.20  51.50   9.774  117.443     19.749  74.777    5.094   0.262
304.20  51.50   7.854  287.009     11.715  112.222    5.938   0.204
304.20  51.50   7.331  83.373      9.080  51.567    4.668   0.233
304.20  51.50   8.291   7.047     12.433  32.844    8.063   0.262
304.20  51.50   7.593   5.303      9.080  19.726    4.668   0.291
304.20  51.50   6.487   4.118      8.581  20.634    5.941   0.291
304.20  51.50   7.476   0.013      9.080   9.124    6.365   0.204
304.20  51.50   6.138   0.881      7.701   4.951    4.244   0.204
304.20  51.50   5.905   0.291      7.701   4.963    6.362   0.291
304.20  51.50   4.306   0.491      6.055   4.624    6.788   0.291
304.20  51.50   2.531   0.050      3.694   5.143    7.640   0.262
304.20  51.50   1.949   0.075      2.959   4.749    8.063   0.320
304.20  51.50   1.746   0.891      2.132   5.184    7.211   0.291
304.20  51.50   1.164   0.678      1.344   5.215    7.214   0.262
304.20  51.50   0.844   1.006      1.344   6.081    6.364   0.233
304.20  51.50   1.571   0.301      2.132   5.618    7.637   0.233
295.70  59.80   9.921  18.218     -13.454  42.803   13.193   0.423
295.70  59.80   9.890  14.698     -13.454  17.947    8.221   0.333
295.70  59.80   9.225  146.982     -23.481  29.818    4.398   0.726
295.70  59.80   9.376  185.588     -19.744  19.298    2.867   0.393
295.70  59.80   8.983  245.713     -23.481  15.483    2.486   1.573
295.70  59.80   8.650  154.363     -22.353   6.122    2.294   0.303
290.00  59.40   8.165   0.301     138.162  130.896   15.160   0.617
290.00  59.40   7.695   0.545     124.242  124.026   13.778   0.265
290.00  59.40   7.725   0.548     124.242  119.891   17.223   0.324
290.00  59.40   7.431   0.092     124.242  122.659   10.334   0.265
290.00  59.40   7.313   0.168     124.242  123.354    8.956   0.471
290.00  59.40   7.136   0.397     112.073  126.117   56.502   0.235
290.00  59.40   7.079   0.113     112.073  111.650    9.646   0.235
290.00  59.40   7.197   0.793     112.073  104.066   11.023   0.382
290.00  59.40   7.111   3.135     112.073  75.131   21.356   0.294
290.00  59.40   6.611   2.846     102.467  75.153   16.536   0.324
290.00  59.40   6.318  20.052     102.467  56.562   10.333   0.324
290.00  59.40   3.233   3.838     35.378  17.421    9.645   0.382
290.00  59.40   1.116   0.349     10.534   7.866    8.268   0.235
290.00  59.40   0.557   0.325      5.151   9.268    8.268   0.206
290.00  59.40   0.351   1.152      5.151  10.655    8.267   0.177
290.00  59.40   7.697   7.700     124.242  101.978    8.268   0.294
290.00  59.40   7.669  22.357     124.242  85.443    8.267   0.294
290.00  59.40   7.463  10.151     124.242  84.762   12.401   0.294
290.00  59.40   7.289  45.187     124.242  51.008   11.023   0.206
290.00  59.40   7.203  79.494     112.073  32.409    8.957   0.324
290.00  59.40   6.673  60.031     102.467  38.633    8.268   0.265
290.00  59.40   6.173  31.053     85.755  28.319   10.333   0.441
290.00  59.40   5.673  18.514     75.565  34.542    9.646   0.264
290.00  59.40   5.408  19.468     75.565  33.175    9.645   0.235
290.00  59.40   5.880  55.105     85.755  19.374    8.953   0.324
290.00  59.40   6.028  75.623     85.755  13.856    8.268   0.382
290.00  59.40   4.204  10.393     49.536  15.312   11.022   0.235
290.00  59.40   0.940   0.087     10.534   9.252    6.889   0.265
290.00  59.40   6.811   8.219     112.073  145.424   11.714   0.559
290.00  59.40   6.756   2.333     112.073  95.817   11.712   0.382
290.00  59.40   5.525  10.470     75.565  42.127   10.335   0.529
290.00  59.40   3.700   3.674     42.247  62.876   11.711   0.265
290.00  59.40   2.143   1.807     22.456  38.139   13.090   0.235
290.00  59.40   2.262   0.663     29.026  29.865   10.334   0.294
290.00  59.40   1.733   0.983     16.322  16.108   12.402   0.235
290.00  59.40   0.675   0.261      5.151   6.507   11.023   0.353
285.60  62.10   9.589   0.156     144.990  147.796   34.340   0.229
285.60  62.10   9.674   1.699     144.990  126.733   16.391   0.258
285.60  62.10   9.388   0.773     144.990  123.584   24.973   0.572
285.60  62.10   9.131   0.271     129.774  121.998   21.854   0.344
285.60  62.10   7.671   2.932     91.600  110.149   12.489   0.200
285.60  62.10  10.018  26.703     163.205  98.672   12.489   0.286
285.60  62.10   8.558   0.323     118.677  112.577   12.481   0.200
285.60  62.10   8.014   0.009     107.892  108.622    9.365   0.286
285.60  62.10   8.329   4.139     118.677  96.166   11.703   0.258
285.60  62.10   7.871   1.548     107.892  96.122   10.148   0.286
285.60  62.10   7.327   0.446     91.600  96.849   10.931   0.372
285.60  62.10   7.928   5.077     107.892  85.202   10.148   0.258
285.60  62.10   7.928   7.942     107.892  75.056   11.709   0.258
285.60  62.10   7.699   5.489     91.600  64.889   11.712   0.372
285.60  62.10   7.785  26.214     107.892  53.191   10.926   0.200
285.60  62.10   7.356  15.807     91.600  51.589   10.145   0.286
285.60  62.10   7.528   3.132     91.600  69.555   12.486   0.229
285.60  62.10   7.013   0.836     82.518  63.261   21.068   0.401
285.60  62.10   6.984   1.362     82.518  95.255   10.926   0.315
285.60  62.10   6.726   3.794     74.826  47.625   14.839   0.343
285.60  62.10   6.898  20.157     82.518  33.595   10.931   0.286
285.60  62.10   7.041  38.555     82.518  19.562   10.142   0.258
285.60  62.10   6.612  21.258     74.826  21.081   11.709   0.258
285.60  62.10   6.440  24.945     74.826  16.381   11.714   0.258
285.60  62.10   5.868   4.098     64.748  40.518   12.489   0.229
285.60  62.10   6.755   2.913     82.518  65.577   10.926   0.343
285.60  62.10   4.436   7.756     45.095  16.966   10.151   0.229
285.60  62.10   4.036   5.395     39.591   5.221   14.830   0.229
285.60  62.10   3.807   7.841     39.591   8.320   11.712   0.229
285.60  62.10   3.635   3.613     34.234  16.888    9.368   0.315
285.60  62.10   1.717   2.086     14.165   2.654    9.370   0.286
285.60  62.10   6.440   2.789     74.826  96.763   13.264   0.258
285.60  62.10   5.352   1.026     57.648  68.562   11.712   0.372
285.60  62.10   4.522  40.411     45.095  99.697    8.590   0.286
285.60  62.10   1.803   8.475     19.006  50.267   10.920   0.372
285.60  62.10   2.519   1.133     23.803  10.536   12.486   0.315
285.60  62.10   2.376   0.559     23.803  19.887    9.370   0.200
285.60  62.10   2.118   0.358     19.006  15.960    7.032   0.286
285.60  62.10   1.202   0.876      9.437   4.165    8.587   0.286
285.60  62.10   0.687   0.421      5.000   2.553    9.370   0.315
285.60  62.10   0.458   0.022      5.000   4.872    8.590   0.286
282.10  53.60   8.607   0.126     244.012  250.710   23.838   0.496
282.10  53.60   8.316   0.457     244.012  249.359   22.430   0.291
282.10  53.60   8.548   1.476     244.012  217.068   22.435   0.262
282.10  53.60   8.315   1.519     244.012  217.109   26.637   0.262
282.10  53.60   8.024   1.831     224.295  250.813   19.626   0.321
282.10  53.60   7.995   0.109     224.295  233.991   29.441   0.321
282.10  53.60   7.878   0.392     224.295  239.620   36.457   0.262
282.10  53.60   7.470   0.676     199.632  234.083   42.056   0.408
282.10  53.60   7.963  15.278     224.295  169.495   14.022   0.554
282.10  53.60   7.760   7.329     224.295  183.553   15.419   0.408
282.10  53.60   7.556   0.835     199.632  182.186   19.626   0.262
282.10  53.60   7.497   1.446     199.632  170.979   23.827   0.321
282.10  53.60   7.235   0.602     179.030  183.645   18.218   0.321
282.10  53.60   6.125   0.908     141.186  123.544   22.420   0.233
282.10  53.60   5.571   2.403     125.697  99.804   16.826   0.379
282.10  53.60   4.839  34.245     111.482  21.408   15.419   0.466
282.10  53.60   4.286   6.466     98.170  39.734   23.817   0.321
282.10  53.60   4.054   1.984     85.455  58.003   19.626   0.321
282.10  53.60   3.294   8.850     73.213  17.472   19.621   0.233
282.10  53.60   6.390   1.059     160.651  175.380   16.832   0.204
282.10  53.60   5.866   6.241     141.186  192.298   21.028   0.233
282.10  53.60   5.222   1.346     111.482  125.105   14.022   0.350
282.10  53.60   0.263   0.678      9.081  15.199   16.837   0.321
265.60  58.70   8.560   1.141     147.510  108.621   36.995   0.314
265.60  58.70   8.304   0.731     147.510  137.184   26.908   0.257
265.60  58.70   0.115   0.297      0.000   6.829   18.499   0.285
265.60  58.70   7.876   0.284     136.465  142.184   25.226   0.256
265.60  58.70   7.447   2.028     123.771  88.323   25.229   0.228
265.60  58.70   5.534   7.174     84.406  25.898   21.866   0.285
265.60  58.70   5.163  12.471     76.021   5.678   20.184   0.285
265.60  58.70   4.137   1.687     59.228  32.478   21.866   0.314
265.60  58.70   3.452   3.413     50.823  10.544   21.866   0.342
265.60  58.70   3.595   0.419     50.823  39.148   23.547   0.228
265.60  58.70   3.082   0.142     43.132  35.731   30.277   0.285
265.60  58.70   2.026   0.043     28.393  23.848   25.232   0.257
265.60  58.70   1.798   0.585     28.393  22.142   21.872   0.285
265.60  58.70   2.111   0.713     28.393   8.721   25.232   0.342
265.60  58.70   0.970   0.040     14.301  11.965   23.544   0.171
265.60  58.70   0.742   1.615      7.243  13.622   16.823   0.200
265.60  58.70   6.792   1.610     112.396  138.707   26.908   0.257
265.60  58.70   5.597  26.135     84.406  212.577   25.226   0.171
265.60  58.70   3.797   2.358     59.228  103.075   30.271   0.399
265.60  58.70   2.825   0.593     43.132  30.659   23.544   0.314
244.90  67.90  11.162   3.635     128.770  155.090   14.572   0.265
244.90  67.90  10.818   2.347     128.770  153.412   18.009   0.265
244.90  67.90  10.820   0.346     128.770  131.984   20.575   0.318
244.90  67.90   6.963   6.897     53.613  24.397   11.140   0.265
244.90  67.90  10.371   0.746     107.480  118.317   13.709   0.371
244.90  67.90   9.761   7.237     90.214  120.954   11.997   0.291
244.90  67.90  10.294   1.018     107.480  96.897   13.714   0.318
244.90  67.90  10.136   0.188     90.214  89.200   12.857   0.318
244.90  67.90  10.800  22.684     128.770  71.986   12.000   0.371
244.90  67.90  10.296   5.508     107.480  73.754   15.432   0.238
244.90  67.90   8.817   9.674     67.240  28.484   12.857   0.238
244.90  67.90   8.311   1.048     63.703  54.252   14.572   0.238
244.90  67.90   7.944  10.966     60.474  20.863   12.000   0.212
244.90  67.90   7.148   3.021     53.613  35.520   11.143   0.238
244.90  67.90   6.620   5.832     50.279  15.862   14.572   0.238
244.90  67.90   4.050   1.198     29.072  16.137   11.997   0.265
244.90  67.90   4.735   3.080     33.151  58.064   17.143   0.239
244.90  67.90   4.101   1.352     29.072  44.418   13.712   0.318
244.90  67.90   2.566   0.210     17.868  22.297   11.143   0.292
244.90  67.90   1.904   1.031     14.192  26.653   13.717   0.212
244.90  67.90   1.164   0.781      7.118   7.018   13.712   0.186
244.90  67.90   0.979   0.015      7.118   6.181   12.854   0.212
244.90  67.90   0.740   2.335      3.446   6.206   12.000   0.159
232.00  52.00  13.876   0.419     36.380  67.947   51.895   0.565
232.00  52.00  11.886   0.239      5.321   7.870    5.638   0.619
232.00  52.00  10.111  491.734     -0.485  116.261    5.265   0.484
232.00  52.00   8.766  63.495      1.604  55.401    6.769   0.403
232.00  52.00  10.407   3.374      0.052  12.452    6.768   0.699
232.00  52.00  11.133   0.236      1.367   3.768    6.392   0.430
232.00  52.00  11.402   0.405      2.373  -0.757    6.394   0.242
232.00  52.00   8.686   1.425      7.000  12.909    5.265   0.457
232.00  52.00   7.476   0.150     11.199   8.829    6.392   0.215
232.00  52.00   6.938   0.067     12.423  12.615    6.017   0.242
232.00  52.00   6.158   0.243     11.843  12.652    4.137   0.350
232.00  52.00   6.077   1.941     11.843   4.758    5.264   0.215
232.00  52.00   5.244   0.794      9.811  11.943    4.513   0.323
232.00  52.00   4.571   0.240      8.831  10.846    4.888   0.269
232.00  52.00   3.818   2.076      8.087   1.104    5.264   0.323
232.00  52.00   3.630   2.132      7.236  -0.015    5.641   0.188
232.00  52.00   3.092   1.300      6.234   0.010    5.641   0.323
232.00  52.00   2.877   1.513      6.234   1.148    5.262   0.161
232.00  52.00   2.582   0.769      5.281   0.410    6.017   0.242
232.00  52.00   2.178   1.074      4.172   6.070    4.512   0.188
232.00  52.00   2.151   2.750      4.172  -1.826    4.136   0.188
232.00  52.00   1.775   0.685      4.172   2.704    4.513   0.296
232.00  52.00   1.829   2.499      4.172  -1.811    4.136   0.269
232.00  52.00   1.425   0.146      3.032   1.592    6.392   0.242
232.00  52.00   1.264   0.959      3.032   2.352    7.896   0.242
232.00  52.00   0.887   0.285      1.960   1.242    6.769   0.215
232.00  52.00   0.726   1.105      0.930   0.873    5.641   0.215
232.00  52.00   0.511   0.003      0.930   0.883    6.017   0.188
232.00  52.00   0.269   2.056      0.930   1.271    6.015   0.161
236.80  49.60  12.664   0.365     47.211  45.653    4.764   0.322
236.80  49.60  12.957   0.163     55.866  57.879    5.102   0.510
236.80  49.60  12.691   0.176     47.211  46.672    3.742   0.483
236.80  49.60  11.832   5.358     35.794  45.706    4.418   0.295
236.80  49.60  11.941   0.158     35.794  33.795    5.104   0.913
236.80  49.60  11.834   1.446     35.794  29.720    5.104   0.966
236.80  49.60  11.216   1.074     26.680  30.439    4.760   0.322
236.80  49.60  12.766  19.623     55.866  80.681    5.779   0.215
263.20  28.20  12.079   1.306     -46.891  -38.061    7.757   0.773
263.20  28.20   9.746  10.287     -29.566  -13.440    5.059   0.693
263.20  28.20   9.560   3.716     -29.566  -14.621    7.757   1.013
263.20  28.20   9.425  22.311     -29.566  -12.091    3.710   0.213
263.20  28.20   9.855  13.728     -33.345  -17.825    4.216   0.347
263.20  28.20   9.535   7.810     -29.566  -17.319    4.384   0.427
263.20  28.20   8.490   6.554     -17.109  -8.044    3.541   0.480
263.20  28.20   8.170   0.745     -12.346  -8.213    5.396   0.427
263.20  28.20   7.796   1.134     -12.346  -7.875    4.890   0.373
263.20  28.20   8.785  12.303     -25.112  -12.260    3.879   0.187
263.20  28.20   8.787   2.789     -25.112  -15.632    7.083   0.213
263.20  28.20   8.255   0.193     -17.109  -16.982    5.734   0.560
263.20  28.20   8.279   1.373     -17.109  -12.260    4.553   0.453
263.20  28.20   7.585   0.287     -9.423  -12.091    5.734   0.320
263.20  28.20   7.182   0.468     -6.467  -6.526    2.698   0.267
263.20  28.20   6.729   1.161     -4.666  -6.020    2.698   0.240
263.20  28.20   6.248   1.124     -3.637  -5.008    2.698   0.267
263.20  28.20   5.077   2.126     -2.429  -9.899    5.228   0.267
263.20  28.20   3.472   0.013     -0.688  -0.287    4.216   0.454
263.20  28.20   3.206   0.356     -0.338  -0.624    4.722   0.347
263.20  28.20   2.646   0.359      0.051  -0.961    3.035   0.293
263.20  28.20   1.419   0.015     -0.185   0.219    5.565   0.827
263.20  28.20   0.885   0.073     -0.173   0.219    4.047   0.453
263.20  28.20   0.592   0.149     -0.136   0.051    5.565   0.240
263.20  28.20   0.619   0.108     -0.136  -1.298    5.902   0.453
263.20  28.20   5.287   0.632     -3.055  -3.828    2.361   0.293
263.20  28.20   4.887   0.358     -2.429  -3.491    2.867   0.240
263.20  28.20   4.594   0.470     -1.844  -2.985    2.024   0.240
263.20  28.20   3.687   1.605     -0.688  -3.154    2.698   0.213
263.20  28.20   3.260   1.519     -0.688  -2.310    3.204   0.214
263.20  28.20   2.913   0.619     -0.338  -1.973    2.192   0.347
263.20  28.20   2.647   0.753      0.051  -2.816    4.047   0.293
263.20  28.20   2.274   1.246      0.051  -3.997    5.565   0.267
263.20  28.20   2.033   0.217     -0.128  -1.973    4.047   0.347
263.20  28.20   1.634   0.630     -0.185  -2.985    4.553   0.267
263.20  28.20   1.340   1.064     -0.185  -2.310    3.710   0.187
263.20  28.20   1.072   0.074     -0.173  -0.118    1.686   0.267
263.20  28.20   0.140   0.874      0.000  -1.973    2.698   0.240
263.20  28.20   0.326   0.878     -0.136  -0.287    2.024   0.187
263.20  28.20  11.864   6.884     -46.891  -34.519    4.722   0.987
263.20  28.20  11.191  12.151     -39.742  -23.895    4.553   0.987
263.20  28.20  10.550  10.073     -36.548  -21.029    4.890   0.960
263.20  28.20   9.989   7.703     -33.345  -18.836    5.228   0.560
263.20  28.20  10.095   9.900     -33.345  -18.499    4.722   0.773
263.20  28.20   9.294   4.991     -29.566  -16.813    5.734   0.986
263.20  28.20   8.493   0.650     -17.109  -13.440    4.553   0.507
263.20  28.20   7.905   0.144     -12.346  -10.911    4.553   0.453
263.20  28.20   7.877   0.277     -12.346  -9.224    6.071   1.093
263.20  28.20   7.211   0.784     -6.467  -10.742    5.565   0.480
263.20  28.20   6.249   0.760     -3.637  -7.538    5.059   0.613
269.80  30.00  14.181   0.370     -58.079  -69.667   39.269   0.341
269.80  30.00  12.550   0.124     -50.222  -46.284   12.558   0.315
269.80  30.00  12.320   0.535     -50.222  -72.588   36.677   0.446
269.80  30.00  10.411   6.995     -37.169  -100.224   23.919   0.420
269.80  30.00  10.221   1.412     -34.467  -68.722   35.680   0.315
269.80  30.00   9.408   5.223     -31.182  -70.087   17.143   0.341
269.80  30.00   8.935   6.096     -27.065  -69.671   17.342   0.262
269.80  30.00  10.869   0.675     -40.218  -36.055    6.379   0.262
269.80  30.00  10.238   1.776     -34.467  -29.254    4.982   0.289
269.80  30.00  10.081   1.809     -34.467  -29.248    3.987   0.262
269.80  30.00   9.922  18.584     -34.467  -22.465    2.790   0.288
269.80  30.00   9.531   0.084     -31.182  -34.809   13.753   0.262
269.80  30.00   8.823   0.668     -27.065  -34.384   13.555   0.289
269.80  30.00   9.239   3.641     -27.065  -20.047    4.188   0.262
269.80  30.00   7.927   0.270     -14.360  -16.211    4.785   0.210
269.80  30.00   7.510  11.614     -11.424  -26.361    4.384   0.210
269.80  30.00   5.804   0.879     -5.343  -21.115   18.540   0.498
269.80  30.00   5.462   1.470     -4.606  -18.311   11.361   0.315
269.80  30.00   5.776   3.429     -5.343  -14.536    5.781   0.236
269.80  30.00   4.938   2.459     -3.845  -20.285   10.568   0.315
269.80  30.00   5.094   2.418     -3.845  -15.706    7.774   0.315
269.80  30.00   5.067   4.514     -3.845  -13.114    4.385   0.315
269.80  30.00   4.491   2.036     -3.089  -17.877   10.366   0.262
269.80  30.00   4.385   2.306     -3.089  -12.491    6.378   0.315
269.80  30.00   2.994   3.780     -1.059  -7.256    3.187   0.367
269.80  30.00  11.128   2.291     -40.218  -21.513   12.759   0.341
269.80  30.00  11.156   4.106     -40.218  -27.295    6.577   0.315
269.80  30.00   9.791   3.693     -34.467  -21.463    6.979   0.446
269.80  30.00   8.923   7.933     -27.065  -13.657    4.782   0.289
269.80  30.00   7.926   2.194     -14.360  -10.031    2.990   0.236
269.80  30.00   7.637   0.934     -11.424  -9.423    2.591   0.236
269.80  30.00   7.375   0.906     -11.424  -8.217    3.787   0.288
269.80  30.00   7.322   2.199     -11.424  -6.819    3.787   0.210
269.80  30.00   6.981   0.303     -8.371  -6.408    3.587   0.315
269.80  30.00   6.666   0.351     -6.475  -5.998    3.389   0.288
269.80  30.00   6.377   0.486     -6.475  -5.189    3.391   0.210
269.80  30.00   6.062   0.054     -5.343  -4.978    4.383   0.289
269.80  30.00   5.800   0.824     -5.343  -4.171    3.586   0.236
269.80  30.00   5.485   0.044     -4.606  -3.960    3.189   0.262
269.80  30.00   5.223   0.598     -3.845  -3.751    3.389   0.288
269.80  30.00   4.908   0.174     -3.845  -3.341    3.388   0.236
269.80  30.00   4.646   0.380     -3.089  -3.131    2.791   0.236
269.80  30.00   4.331   0.436     -3.089  -2.721    2.591   0.262
269.80  30.00   4.042   0.058     -2.309  -2.909    2.991   0.315
269.80  30.00   3.832   0.509     -2.309  -2.503    2.990   0.236
269.80  30.00   3.623   0.436     -1.586  -2.695    3.586   0.210
269.80  30.00   3.386   0.136     -1.586  -2.088    6.978   0.315
269.80  30.00   3.334   0.321     -1.586  -2.285    3.388   0.315
269.80  30.00   2.809   0.487     -1.059  -1.867    3.587   0.289
269.80  30.00   2.652   0.542     -0.491  -2.060    4.383   0.236
269.80  30.00   2.599   0.639     -0.491  -1.859    2.790   0.157
269.80  30.00   2.390   0.401     -0.491  -1.851    3.189   0.236
279.80  25.40   6.331   0.832     -4.311  -4.196    2.685   0.185
279.80  25.40   5.483   0.742     -2.594  -5.043    2.853   0.265
279.80  25.40   4.821   1.548     -2.216  -4.212    2.182   0.212
279.80  25.40   4.583   0.497     -1.809  -3.878    3.524   0.212
279.80  25.40   4.397   0.492     -1.809  -3.545    4.027   0.185
279.80  25.40   4.318   1.341     -1.809  -2.203    2.349   0.159
279.80  25.40   3.974   0.432     -1.313  -3.046    2.685   0.212
279.80  25.40   3.338   1.089     -0.863  -2.885    2.852   0.212
279.80  25.40   2.887   0.536     -0.613  -2.050    2.853   0.212
279.80  25.40   2.702   1.489     -0.318  -1.885    2.853   0.185
279.80  25.40   2.490   0.195     -0.318  -1.719    3.188   0.212
279.80  25.40   2.331   1.898     -0.318  -1.721    2.685   0.132
279.80  25.40   1.934   0.219     -0.228  -1.557    3.524   0.238
279.80  25.40  10.596   3.077     -37.065  -26.466    6.208   0.238
279.80  25.40   9.934   2.825     -33.750  -23.956    5.872   0.318
279.80  25.40   9.245   1.847     -25.180  -27.152    6.208   0.185
279.80  25.40   9.166   2.569     -25.180  -17.589    5.704   0.185
279.80  25.40   8.927   1.780     -25.180  -19.772    4.195   0.212
279.80  25.40   8.768   2.046     -25.180  -17.257    7.551   0.238
279.80  25.40   8.636   0.263     -17.149  -17.091    5.536   0.265
279.80  25.40   8.397   0.501     -17.149  -20.449    5.873   0.238
279.80  25.40   8.159   3.553     -12.151  -22.801    6.040   0.238
279.80  25.40   7.973   0.822     -12.151  -17.433    5.873   0.238
279.80  25.40   7.497   0.007     -9.204  -8.210   12.248   0.185
279.80  25.40   7.417  25.128     -9.204   0.010    1.846   0.185
279.80  25.40   7.550   0.052     -9.204  -10.391   12.919   0.238
279.80  25.40   7.417   0.244     -9.204  -13.748   12.919   0.238
279.80  25.40   7.285   0.495     -9.204  -12.072   14.933   0.318
279.80  25.40   7.073   0.444     -6.178  -14.926   14.765   0.238
279.80  25.40   6.967   0.227     -6.178  -9.726    7.886   0.212
279.80  25.40   6.808   1.118     -6.178  -7.379    5.704   0.185
279.80  25.40   6.596   1.394     -4.311  -19.797   14.597   0.185
279.80  25.40   6.066   0.720     -3.193  -15.440   15.269   0.238
279.80  25.40   4.980   0.212     -2.216  -8.908   14.765   0.238
279.60  32.70   6.322   7.772     -9.386  -2.870    2.364   0.429
279.60  32.70   6.150   4.295     -8.181  -3.048    2.546   0.314
279.60  32.70   5.979   5.568     -8.181  -3.044    2.181   0.143
279.60  32.70   5.751   5.626     -8.181  -3.585    2.183   0.229
279.60  32.70   5.407   8.273     -7.328  -2.668    1.636   0.229
279.60  32.70   5.236   3.078     -6.442  -2.664    2.909   0.200
279.60  32.70   5.064   2.638     -6.442  -2.660    2.364   0.229
279.60  32.70   4.836   3.827     -6.442  -2.473    2.181   0.229
279.60  32.70   4.579   2.023     -5.547  -2.285    2.364   0.229
279.60  32.70   3.549   1.619     -3.801  -1.353    1.999   0.143
279.60  32.70   3.292   2.053     -3.801  -0.983    2.546   0.228
279.60  32.70   2.978   0.706     -3.138  -1.158    2.363   0.343
279.60  32.70   2.407   0.146     -2.426  -2.054    3.091   0.257
279.60  32.70   2.092   0.155     -1.909  -1.320    3.635   0.257
279.60  32.70   0.663   0.727     -0.553  -0.014    2.182   0.200
279.60  32.70   2.778   1.595     -3.138  -0.608    2.545   0.286
279.60  32.70   2.006   0.889     -1.909   0.319    2.363   0.285
279.60  32.70   1.463   0.616     -1.469  -0.760    0.909   0.429
286.10  41.20   6.267   1.650     -8.324  -11.430    3.107   0.289
286.10  41.20   6.007   2.385     -6.718  -11.801    3.292   0.347
286.10  41.20   5.545   1.278     -5.594  -9.618    3.658   0.173
286.10  41.20   5.343   4.479     -5.594  -9.988    2.193   0.231
286.10  41.20   5.199   2.049     -4.500  -9.260    4.571   0.202
286.10  41.20   5.025   0.791     -4.500  -8.533    4.570   0.231
286.10  41.20   4.823   2.081     -4.500  -8.903    3.840   0.202
286.10  41.20   4.563   1.289     -3.543  -8.178    4.206   0.231
286.10  41.20   4.390   2.136     -3.543  -7.633    3.108   0.173
286.10  41.20   4.130   1.388     -2.627  -6.360    3.293   0.404
286.10  41.20   3.957   1.556     -2.627  -6.912    3.474   0.231
286.10  41.20   3.697   1.788     -1.853  -5.638    3.290   0.289
286.10  41.20   3.408   0.967     -1.853  -4.914    3.291   0.289
286.10  41.20   3.177   1.321     -1.348  -4.370    3.107   0.289
286.10  41.20   2.830   1.081     -1.348  -4.013    3.107   0.289
286.10  41.20   2.542   0.459     -0.824  -3.471    4.021   0.260
286.10  41.20   2.137   2.772     -0.557  -5.308    2.925   0.376
286.10  41.20   1.733   1.510     -0.396  -3.307    2.744   0.375
286.10  41.20   1.473   2.932     -0.396  -4.775    2.559   0.549
286.10  41.20   0.722   0.735     -0.165  -1.136    2.559   0.289
286.10  41.20   5.776  38.540     -6.718  -23.689    2.742   0.462
286.10  41.20   3.177   4.661     -1.348  -11.683    5.120   0.231
286.10  41.20   3.061   3.949     -1.348  -8.578    3.656   0.318
286.10  41.20   2.484   5.390     -0.824  -6.763    2.559   0.231
286.10  41.20   2.108  27.714     -0.557  -12.073    2.194   0.260
286.10  41.20  10.888   1.621     -38.592  -35.639    2.377   0.404
286.10  41.20  10.368  42.528     -37.432  -21.939    2.377   0.722
286.10  41.20  10.253  28.367     -37.432  -19.931    3.291   0.809
286.10  41.20   9.819  35.571     -35.721  -20.489    2.560   0.433
286.10  41.20   9.762  32.544     -35.721  -23.233    2.194   0.635
286.10  41.20   8.866   4.328     -29.272  -23.619    2.741   0.491
286.10  41.20   9.098  21.317     -29.272  -18.312    2.377   0.433
286.10  41.20   8.578   0.917     -22.067  -20.335    1.829   0.549
286.10  41.20   7.480   0.122     -14.403  -13.778    1.829   0.260
286.10  41.20   7.711   2.635     -14.403  -11.031    2.194   0.404
286.10  41.20   7.105   0.298     -10.984  -10.314    1.644   0.289
286.10  41.20   6.845   2.241     -10.984  -6.663    2.925   0.635
286.10  41.20   6.238   0.546     -6.718  -7.408    2.559   0.347
286.10  41.20   5.343   0.299     -5.594  -6.149    2.377   0.318
286.10  41.20   3.841   1.143     -2.627  -4.355    1.829   0.318
286.10  41.20   3.090   0.351     -1.348  -2.544    2.378   0.289
286.10  41.20   2.455   0.060     -0.824  -1.279    3.109   0.231
286.10  41.20   2.397   0.039     -0.824  -0.183    3.657   1.126
286.10  41.20   1.329   0.677     -0.396  -1.305    2.559   0.231
289.50  41.60   4.143   2.408     -0.849  -6.667    3.786   0.657
289.50  41.60   4.143   4.193     -0.849  -5.670    2.391   0.400
289.50  41.60   3.286   2.602     -0.382  -5.272    3.188   0.429
289.50  41.60   2.943   1.542     -0.152  -4.076    3.188   0.343
289.50  41.60   2.229   1.483      0.195  -3.877    3.786   0.400
289.50  41.60   1.914   0.648      0.195  -3.080    4.185   0.457
289.50  41.60   1.857   3.551      0.195  -4.873    2.790   0.286
289.50  41.60   1.600   0.554      0.152  -1.486    2.391   0.343
289.50  41.60   1.343   0.920      0.152  -1.884    2.591   0.286
289.50  41.60   1.000   0.245      0.092  -1.486    3.188   0.314
289.50  41.60   0.686   0.537     -0.005  -1.286    3.786   0.286
289.50  41.60   0.257   0.777     -0.005  -0.888    3.786   0.286
289.50  41.60   9.114   3.282     -21.679  -27.790    3.388   0.686
289.50  41.60  10.257   8.220     -25.385  -33.370    2.790   1.429
289.50  41.60  10.543   9.034     -25.385  -33.768    2.790   0.657
289.50  41.60  10.486  15.432     -25.385  -35.562    2.591   0.714
289.50  41.60   9.971  18.833     -25.448  -37.554    2.790   0.600
289.50  41.60   4.514  83.857     -1.445  -26.993    2.790   1.200
289.50  41.60   5.314  98.868     -2.682  -34.366    3.188   0.543
289.50  41.60   0.886  151.428      0.092  -31.775    2.591   0.343
289.50  41.60   3.543  22.336     -0.382  -15.435    3.188   0.200
289.50  41.60   3.343  23.049     -0.382  -14.638    2.989   0.286
289.50  41.60   3.600  22.936     -0.382  -10.851    2.192   0.286
289.50  41.60   3.400  13.183     -0.382  -10.453    2.790   0.257
289.50  41.60   9.171   0.332     -21.679  -20.217    2.790   0.714
289.50  41.60   8.486   0.064     -15.328  -16.033    2.790   0.571
289.50  41.60   6.314   0.153     -4.553  -3.678    2.989   0.714
289.50  41.60   5.543   0.415     -2.682  -4.475    2.790   0.886
289.50  41.60   5.400   2.188     -2.682  -8.261    3.786   0.771
289.50  41.60   5.286   6.728     -2.682  -8.261    2.192   0.429
289.50  41.60   4.886  13.317     -1.948  -8.460    1.793   0.314
289.50  41.60   3.486   1.942     -0.382  -2.880    1.793   0.543
289.50  41.60   2.171   0.123      0.195  -0.489    3.786   0.571
289.50  41.60   2.429   0.903      0.114  -2.482    2.790   0.371
289.50  41.60   2.200   0.493      0.195  -1.286    3.786   0.343
289.50  41.60   0.400   0.309     -0.005   1.504    2.989   0.429
289.90  43.60   7.200  14.159      9.252  -15.146    6.667   0.229
289.90  43.60   5.943   5.356      9.219  -4.214    5.831   0.257
289.90  43.60   5.714   7.115      8.698  -5.863    5.831   0.229
289.90  43.60   5.400   3.800      8.698  -3.338    6.245   0.343
289.90  43.60   5.000   4.188      8.157  -2.057    4.991   0.343
289.90  43.60   5.000   2.253      8.157  -1.224    6.250   0.314
289.90  43.60   4.743   2.871      7.589  -1.204    5.831   0.314
289.90  43.60   4.343   2.730      7.589  -2.006    6.250   0.257
289.90  43.60   4.086   2.076      7.024  -1.986    6.667   0.171
289.90  43.60   3.829   2.148      7.024  -1.132    6.250   0.257
289.90  43.60   3.657   1.922      6.377  -0.286    5.833   0.200
289.90  43.60   3.314   1.659      6.377   0.158    5.833   0.257
289.90  43.60   3.000   2.209      5.553   0.599    3.333   0.143
289.90  43.60   2.800   1.933      5.553   0.198    7.081   0.171
289.90  43.60   2.543   0.734      4.785   0.218    5.414   0.286
289.90  43.60   2.171   0.729      3.808   0.247    5.417   0.314
289.90  43.60   2.000   0.295      3.808   1.094    5.000   0.229
289.90  43.60   1.686   0.478      2.794   0.702    5.831   0.314
289.90  43.60   1.371   0.313      2.794   0.726    5.414   0.314
289.90  43.60   1.200   0.639      1.809   0.740    5.831   0.257
289.90  43.60   0.886   0.305      1.809   0.347    6.248   0.229
289.90  43.60   0.657   0.476      0.851   1.199    5.414   0.229
289.90  43.60   0.371   0.255      0.851   1.221    5.412   0.257
289.90  43.60   0.200   1.012      0.000   2.068    4.164   0.229
289.90  43.60  10.457  32.889     13.340  -22.484    6.250   0.229
289.90  43.60   9.886  35.102      8.763  -23.272    5.414   0.371
289.90  43.60   9.657  15.968      5.861  -23.671    7.502   0.229
289.90  43.60   9.314  25.125      5.861  -26.978    6.667   0.200
289.90  43.60   9.171  38.906      4.828  -26.133    5.000   0.229
289.90  43.60   8.657  27.888      7.906  -22.760    5.829   0.343
289.90  43.60   7.829  32.542      9.031  -23.945    5.831   0.229
289.90  43.60   7.629  27.797      8.418  -24.346    6.250   0.229
289.90  43.60   6.200  12.885      9.219  -11.318    5.833   0.286
289.90  43.60   8.743  74.166      7.906  -45.683    6.248   0.314
289.90  43.60   6.257  93.023      9.653  -50.489    6.250   0.371
289.90  43.60   2.571  48.179      4.785  -41.451    6.662   0.600
289.90  43.60   2.086  58.805      3.808  -37.663    5.414   0.229
289.90  43.60   0.771  69.963      1.809  -36.310    4.583   0.257
289.90  43.60   0.257  74.839      0.851  -52.937    6.248   0.286
289.90  43.60   4.143   0.893      7.024   0.926    6.667   0.600
289.90  43.60   5.171   2.714      8.157  -0.404    5.836   0.229
289.90  43.60   5.000   1.806      8.157  -0.807    6.671   0.171
289.90  43.60   3.171   0.198      5.553   4.752    6.667   0.400
289.90  43.60   2.886   0.487      5.553   3.525    4.167   0.229
289.90  43.60   2.914   0.035      5.553   5.189    4.162   0.514
295.70  45.80   7.991   1.898     -21.590  -24.643    2.216   0.290
295.70  45.80   6.249   2.830     -10.858  -15.958    3.425   0.319
295.70  45.80   5.263   4.554     -8.907  -14.334    2.619   0.464
295.70  45.80   4.914   1.336     -7.134  -9.897    2.417   0.493
295.70  45.80   4.451   5.002     -5.550  -10.496    2.216   0.348
295.70  45.80   4.915   5.729     -7.134  -11.912    2.015   0.261
295.70  45.80  10.112  16.724     -34.695  -46.226    2.820   1.565
295.70  45.80   9.792   6.736     -34.695  -41.991    2.820   1.014
295.70  45.80   7.991   3.097     -21.590  -27.262    3.223   0.840
295.70  45.80   7.240  51.220     -16.146  -36.318    2.821   0.927
295.70  45.80   7.154  70.584     -16.146  -38.130    2.619   0.435
295.70  45.80   4.626   7.926     -5.550  -15.132    3.424   0.406
295.70  45.80   2.976  78.747     -1.943  -25.184    2.619   0.464
295.70  45.80   1.991  70.622     -0.786  -26.179    3.022   0.348
295.70  45.80  12.499  206.189     -21.090  28.084    3.425   0.435
295.70  45.80   8.762  237.921     -31.778  17.857    3.223   0.261
295.70  45.80   8.358  185.777     -25.680  10.005    2.619   0.493
295.70  45.80   6.075   0.683     -10.858  -12.934    2.619   0.319
295.70  45.80   5.814   1.893     -10.858  -14.945    3.224   0.348
295.70  45.80   4.277   2.087     -5.550  -9.889    4.029   0.232
295.70  45.80   4.016   3.190     -4.089  -9.483    3.022   0.290
295.70  45.80   3.842   3.332     -4.089  -9.078    3.022   0.203
295.70  45.80   3.610   3.613     -2.851  -8.470    3.223   0.145
295.70  45.80   3.493   0.800     -2.851  -6.454    4.029   0.319
295.70  45.80   3.203   0.971     -1.943  -6.048    4.835   0.406
295.70  45.80   3.058   0.884     -1.943  -6.247    4.634   0.406
295.70  45.80   2.855   0.677     -1.943  -4.633    4.432   0.261
295.70  45.80   2.594   0.405     -1.098  -3.824    4.835   0.319
295.70  45.80   2.420   0.674     -1.098  -3.419    3.223   0.203
295.70  45.80   2.217   1.009     -0.786  -3.215    3.626   0.290
295.70  45.80   1.869   0.440     -0.786  -3.412    5.036   0.319
295.70  45.80   1.783   7.466     -0.786  -6.030    2.015   0.261
295.70  45.80   1.579   0.485     -0.507  -2.401    3.022   0.261
295.70  45.80   1.434   0.157     -0.507  -1.392    3.223   0.232
295.70  45.80   1.231   0.910     -0.313  -1.792    2.821   0.290
295.70  45.80   0.883   0.830     -0.313  -2.392    2.619   0.261
295.70  45.80   0.622   0.618     -0.182  -1.784    2.417   0.290
290.50  47.80  13.164   0.346     139.433  143.604   12.288   0.340
290.50  47.80  11.805   0.631     107.928  127.405   28.486   0.482
290.50  47.80   6.296   8.894     23.012  -1.063    8.378   0.255
290.50  47.80   5.814   7.794     21.128   0.054    7.820   0.255
290.50  47.80   2.665   1.615      9.812   2.288    7.820   0.198
290.50  47.80   0.509   0.054      1.872   0.054    7.820   0.425
290.50  47.80  11.719  27.590     89.805  130.757    7.820   0.539
290.50  47.80  12.828  11.071     139.433  115.676    7.261   0.284
290.50  47.80  13.511  49.668     153.418  106.180    6.703   0.482
290.50  47.80  12.802  18.143     139.433  104.504    8.378   0.227
290.50  47.80  13.201  60.615     139.433  96.126    5.586   0.284
290.50  47.80  12.405   5.169     122.291  103.387    8.378   0.340
290.50  47.80  12.296  43.984     122.291  81.604    6.144   0.568
290.50  47.80  11.786  17.437     107.928  75.460    7.820   0.482
290.50  47.80  10.709   1.628     62.896  72.108    7.820   0.425
290.50  47.80  10.825   8.965     75.191  57.027    6.144   0.369
290.50  47.80  10.913  35.521     75.191  41.946    5.586   0.284
290.50  47.80  10.686  13.890     62.896  38.036    6.703   0.511
290.50  47.80  12.479  297.116     122.291   6.757    6.703   0.511
290.50  47.80  10.974  129.764     75.191  17.928    5.027   0.369
290.50  47.80  10.861  89.633     75.191  11.784    6.703   0.369
290.50  47.80  10.520  50.782     62.896  15.135    6.703   0.255
290.50  47.80  10.379  43.549     62.896  15.135    7.261   0.227
290.50  47.80   7.658  18.982     26.480   0.054    6.144   0.227
290.50  47.80   7.431  14.986     26.480   0.613    6.703   0.227
290.50  47.80   4.168   2.190     14.955   3.405    8.378   0.312
290.50  47.80   3.146   1.055     11.558   6.198    6.703   0.227
290.50  47.80   2.494   0.331      9.812   5.640    7.261   0.199
290.50  47.80   1.700   1.424      5.864   4.522    6.144   0.170
290.50  47.80   1.444   0.089      5.864   4.522    7.820   0.227
290.50  47.80   0.849   0.471      3.866   1.730    6.144   0.255
290.50  47.80   0.622   0.299      1.872   2.847   10.054   0.227
290.50  47.80   0.338   0.701      1.872   2.847    5.027   0.199
290.50  47.80   0.140   0.614      0.000   2.288    6.703   0.198
290.50  47.80  10.352  301.099     62.896  159.802    5.586   0.454
290.50  47.80  10.816  11.648     75.191  107.297    9.495   0.397
290.50  47.80   7.854   4.627     32.213  14.577    8.937   0.171
290.50  47.80   8.055  24.799     32.213  -1.063    6.703   0.142
290.50  47.80   7.829  31.905     32.213  -2.180    6.144   0.227
290.50  47.80   7.630  22.944     26.480  -2.739    6.144   0.227
290.50  47.80   7.318  22.171     26.480  -2.180    6.144   0.284
290.50  47.80   7.119   7.929     24.428  -0.504    8.937   0.312
290.50  47.80   4.024   0.036     14.955  16.252    7.820   0.255
290.50  47.80   1.473   0.471      5.864   1.730    6.144   0.199
290.50  47.80   1.388   1.333      5.864   0.613    5.027   0.227
290.50  47.80   0.619  19.781      1.872  19.045    3.910   0.170
290.50  47.80   0.423   0.055      1.872   2.847    8.937   0.369
