7.848053686053932054e+00
7.829192458757880502e+00
7.816291628445442896e+00
7.816639791274941906e+00
7.832970034273220250e+00
7.867336591132591650e+00
7.917651584478303306e+00
7.977693870708913337e+00
8.046673578520181280e+00
8.108796056933806895e+00
8.172809643223244436e+00
8.228730916156022701e+00
8.272275386894381910e+00
8.314849715289627241e+00
8.352288693978026757e+00
8.387797647429911407e+00
8.421226493866608820e+00
8.453332974630876961e+00
8.481413002181978911e+00
8.509187330706353691e+00
8.529442302246449614e+00
8.548417175246651567e+00
8.564251172645459320e+00
8.574873969171145305e+00
8.583305028030753903e+00
8.588882296320591081e+00
8.594977019434937304e+00
8.599839275962372298e+00
8.602412644421239207e+00
8.603433143484870982e+00
8.605111719992052599e+00
8.604376327647310418e+00
7.904577878601800833e+00
7.895825977830601694e+00
7.894726851776507459e+00
7.908057048245146881e+00
7.940093644180783450e+00
7.993291389460379648e+00
8.061680119865668459e+00
8.146050558061535440e+00
8.235630771022428576e+00
8.326025192306419243e+00
8.410059178655259871e+00
8.485463197083971565e+00
8.552860987405862758e+00
8.613603280703406639e+00
8.670387110177513179e+00
8.721680462343712747e+00
8.772137107439615278e+00
8.816724128278700334e+00
8.857989839984270475e+00
8.891965638613060108e+00
8.921844708488720244e+00
8.944263970942426312e+00
8.962371432606230925e+00
8.975708305358887529e+00
8.988321867638854101e+00
8.993847022851252149e+00
8.999412398471180907e+00
9.004342074104593863e+00
9.006258072555938909e+00
9.007855852760288329e+00
9.009915407502237628e+00
9.010834288678116977e+00
7.958197835194461334e+00
7.959822668554316749e+00
7.973153770383300198e+00
8.003715517593700923e+00
8.055277710946755931e+00
8.129488881719590054e+00
8.226032825287303396e+00
8.338283509028647345e+00
8.459415462916393125e+00
8.579393093459733777e+00
8.693794039836417298e+00
8.796916155882609445e+00
8.890933525823385253e+00
8.974636481007202349e+00
9.052506801926062607e+00
9.124237133743640982e+00
9.189571385244443391e+00
9.249550507532742216e+00
9.299879346468246766e+00
9.344108105451752522e+00
9.380255212734457615e+00
9.406313187118852781e+00
9.429337609475973991e+00
9.444893402452567699e+00
9.455605164608332558e+00
9.463579049649169406e+00
9.467029797799327184e+00
9.472807037928548723e+00
9.475064882187258064e+00
9.476222995242059355e+00
9.476709444527033455e+00
9.476910909643928349e+00
8.012037474917221402e+00
8.025293021033442997e+00
8.050443827067192970e+00
8.100227135297686232e+00
8.174369324558830030e+00
8.274558418471640309e+00
8.401627816325081710e+00
8.547723945972926174e+00
8.704494365144334722e+00
8.858303340810396165e+00
9.006082131589725037e+00
9.142961737873976702e+00
9.263938178552578506e+00
9.373028335219691698e+00
9.472598033102661574e+00
9.564517490324348614e+00
9.645912697989983187e+00
9.717865785766401032e+00
9.780390996716343821e+00
9.827714142994372182e+00
9.867354123100923857e+00
9.898629074037133435e+00
9.920304045418241401e+00
9.938240198747319454e+00
9.946946055177932067e+00
9.955546325087874848e+00
9.957224291855483855e+00
9.960521001738301905e+00
9.960601402057182696e+00
9.962281660869857447e+00
9.961603689208567758e+00
9.960762024084225175e+00
8.065880959269646766e+00
8.091567992486197625e+00
8.129630650200887487e+00
8.192619835469322709e+00
8.289619840888152069e+00
8.418977342451485768e+00
8.577442669373425588e+00
8.758400490525959370e+00
8.950511508746217260e+00
9.142650302414914165e+00
9.323668804044375591e+00
9.487918970669175778e+00
9.638255845449075210e+00
9.771527277219529850e+00
9.891668848107054046e+00
1.000008598927663783e+01
1.009197171143574501e+01
1.017180524891419324e+01
1.023814879325110461e+01
1.029093397848031621e+01
1.033334820330367165e+01
1.036236399470444702e+01
1.037937635210563592e+01
1.039335076529854796e+01
1.040097118596045433e+01
1.040598652727692119e+01
1.040659235528301885e+01
1.040549848079275463e+01
1.040514057778845647e+01
1.040337199269829682e+01
1.040202714292552955e+01
1.039945339108474798e+01
8.126161286062895783e+00
8.160309765385978409e+00
8.208662621040147656e+00
8.283997631338722911e+00
8.394923258274429756e+00
8.548151566374889043e+00
8.734397183847422141e+00
8.947644973963269521e+00
9.172349287663751127e+00
9.396401051910928004e+00
9.604982969604431986e+00
9.794968399639916612e+00
9.965246059666950984e+00
1.011367134280565772e+01
1.024776107220982801e+01
1.036457617776731510e+01
1.046384411632419464e+01
1.054464097790616073e+01
1.061125647503390113e+01
1.066113017375187333e+01
1.069729827879611506e+01
1.072122143363598923e+01
1.073611012346380278e+01
1.074318971339898710e+01
1.074681222946258785e+01
1.074528623002158412e+01
1.074067573874709325e+01
1.073749212685247301e+01
1.073371436519522426e+01
1.072706584216294345e+01
1.072199951098624027e+01
1.071962196653250565e+01
8.208233647182321846e+00
8.242018380172064340e+00
8.293469818003975647e+00
8.372602797456782042e+00
8.488198270087961461e+00
8.650183181080993933e+00
8.856499312991978456e+00
9.091736131841738455e+00
9.339526368212196061e+00
9.583238600723674949e+00
9.812602480449815090e+00
1.001708600320638176e+01
1.020035202487906467e+01
1.035659056639142683e+01
1.049204610590916431e+01
1.060721535457293108e+01
1.070305858343866667e+01
1.077988920252797023e+01
1.083912283783581110e+01
1.087953180247983198e+01
1.090692707517396620e+01
1.092232218815478362e+01
1.092591992625204966e+01
1.092499078977744453e+01
1.091932477083572905e+01
1.091226699445193660e+01
1.090302033827297556e+01
1.089171085491893542e+01
1.088276788628236780e+01
1.087500657066137855e+01
1.086720612633937755e+01
1.086379688826347767e+01
8.322776545822772931e+00
8.355344384295460003e+00
8.395623923587052673e+00
8.461457906565357234e+00
8.569361392464159621e+00
8.725616537160240327e+00
8.930370517420882948e+00
9.171587468568477064e+00
9.429589651664304739e+00
9.683315816887006378e+00
9.918642531792491113e+00
1.012688097197506387e+01
1.030920223734166363e+01
1.045967891777802805e+01
1.059046472751310652e+01
1.069559242937242161e+01
1.078122629631276652e+01
1.084428858751728342e+01
1.088818361901631704e+01
1.091562460193767770e+01
1.092879342767555073e+01
1.093062440629526755e+01
1.092251467443611368e+01
1.091204197403152598e+01
1.089770800040490251e+01
1.088256585741129534e+01
1.086774494236416899e+01
1.085449165699310292e+01
1.084230543895106536e+01
1.083107533571386583e+01
1.082210833663838656e+01
1.081408947958252043e+01
8.461771589604692778e+00
8.495101121910389352e+00
8.527218680716696753e+00
8.568520245813644465e+00
8.642731286073292551e+00
8.772007386633143611e+00
8.958065030057271727e+00
9.186917232956970381e+00
9.434145048159447100e+00
9.684259935754058191e+00
9.911944802445617597e+00
1.011432325802986476e+01
1.028358984273712196e+01
1.042656851016151798e+01
1.053971660403932731e+01
1.062935966517490094e+01
1.069581062258444071e+01
1.074338672549722240e+01
1.077033803455275063e+01
1.078236172794376202e+01
1.078068284618347938e+01
1.077268697972485079e+01
1.075785235216443603e+01
1.074038748460383275e+01
1.072118057180700390e+01
1.070216277170922581e+01
1.068487514124400484e+01
1.066866251412041322e+01
1.065590822301296114e+01
1.064463789923220816e+01
1.063634238901530082e+01
1.062780162836414455e+01
8.615562597547455681e+00
8.645021048099474470e+00
8.666484968018620449e+00
8.685606059607842155e+00
8.722497570658603649e+00
8.800950470721861763e+00
8.939076132349196513e+00
9.140413387426802316e+00
9.367925311473333849e+00
9.594840759830157495e+00
9.809511670741811074e+00
9.993822812803136557e+00
1.014813575757149344e+01
1.027132084149962132e+01
1.036763287385275945e+01
1.043858708507245581e+01
1.049107852011061759e+01
1.051952017082432711e+01
1.053271408748186388e+01
1.053189835900098537e+01
1.052259906543732448e+01
1.050315965317024336e+01
1.048187648620638690e+01
1.046296522298226250e+01
1.044262953599099220e+01
1.042472939033114443e+01
1.041062503866997702e+01
1.039954402617314067e+01
1.038910416871977738e+01
1.038214254142167725e+01
1.037620755401331962e+01
1.037228464986874599e+01
8.776733121948863570e+00
8.793097200223517262e+00
8.798310728907635436e+00
8.792021778265816323e+00
8.787509971238927520e+00
8.816131700206248922e+00
8.888726202295185175e+00
9.023226949500537941e+00
9.220178028604379961e+00
9.428800864067596876e+00
9.620481939860090037e+00
9.786416369444426167e+00
9.921513057822593851e+00
1.002598325794515866e+01
1.010215572185862065e+01
1.015349084105950261e+01
1.018554288563966281e+01
1.019949616574667139e+01
1.020080140060064267e+01
1.019632793152303485e+01
1.018796858272728656e+01
1.017952689485196416e+01
1.017096422119335131e+01
1.016418180888235945e+01
1.015839844879060827e+01
1.015298546849246719e+01
1.014984602346108744e+01
1.014704474909021137e+01
1.014487127871820249e+01
1.014396321140530866e+01
1.014264238325464085e+01
1.014177894205655583e+01
8.936976979624501993e+00
8.929339411773531410e+00
8.905519875180532452e+00
8.866343358947132103e+00
8.819941745267604105e+00
8.786595407484682596e+00
8.805141449445393675e+00
8.864586443172841612e+00
8.990972483366961754e+00
9.173242132301062668e+00
9.346422410018286442e+00
9.494061588182884037e+00
9.610319855659692934e+00
9.699177358591986930e+00
9.764953836831610445e+00
9.810096769766849079e+00
9.837735863104999368e+00
9.848560047665928963e+00
9.850589293479021791e+00
9.845126368417135510e+00
9.835568545131986085e+00
9.825068674219242126e+00
9.816354168245258194e+00
9.808533110134439070e+00
9.803391874748545121e+00
9.800417900691897444e+00
9.798263688821339912e+00
9.797946400045889348e+00
9.797990325893842112e+00
9.797898813777839777e+00
9.798504256345005103e+00
9.799131324053195868e+00
9.077281624392941950e+00
9.041056324743255601e+00
8.978737168497971766e+00
8.898091682975877603e+00
8.807359104370810599e+00
8.721977970010884817e+00
8.675305201818359180e+00
8.687763777835476375e+00
8.739204487688109424e+00
8.890585421864431126e+00
9.053826064659702411e+00
9.192155937937309673e+00
9.297169361293374124e+00
9.368556389448402300e+00
9.410784877714121421e+00
9.426426726120201494e+00
9.424400469782185041e+00
9.407867614725725858e+00
9.386249985422670861e+00
9.363425430477271050e+00
9.342239558099903363e+00
9.325216590146206741e+00
9.314767344727007625e+00
9.309570981460792538e+00
9.309346075452372915e+00
9.311978965840443934e+00
9.316865764849799447e+00
9.322571420437023804e+00
9.328796809102108512e+00
9.334211111582717990e+00
9.338967844967111631e+00
9.342988674202976185e+00
9.173994987241059107e+00
9.114539326140842945e+00
9.025085824393128675e+00
8.912123534037052153e+00
8.793405756180204591e+00
8.686352892745414778e+00
8.597384596689597203e+00
8.558031994386491093e+00
8.551239168670260682e+00
8.650752659610523310e+00
8.783922674156073640e+00
8.884491433561141349e+00
8.948450527199760529e+00
8.972236211668572992e+00
8.962914488906518429e+00
8.930476968554430073e+00
8.884538870136143629e+00
8.835465178525174323e+00
8.790037881240204243e+00
8.753995671164616965e+00
8.730111738743104866e+00
8.718166580681016242e+00
8.717858674831672872e+00
8.724200546272131263e+00
8.736157726614930397e+00
8.750458344918737197e+00
8.765234037963359981e+00
8.779889492009994356e+00
8.792887858656669664e+00
8.804008234615631423e+00
8.813102201868483476e+00
8.820119874392791104e+00
9.235033849483352597e+00
9.167135885266919360e+00
9.072331675956819552e+00
8.960380705273820467e+00
8.847992401624438230e+00
8.729095086858215780e+00
8.600838307790930060e+00
8.503553201543757822e+00
8.430680057154942730e+00
8.484420668240147734e+00
8.548542027100936025e+00
8.592482387904555097e+00
8.598381951770075915e+00
8.561006949803193322e+00
8.490934985174886762e+00
8.402397018745627832e+00
8.309246205377892380e+00
8.226185953027069786e+00
8.155792904023474676e+00
8.100860739411265499e+00
8.065475890118564806e+00
8.047960216257951771e+00
8.045699157683733560e+00
8.055786598850581015e+00
8.073051364498352811e+00
8.093342189764818784e+00
8.114405649062623738e+00
8.134118177956349172e+00
8.151371545400477814e+00
8.165776007509510492e+00
8.176736943213295916e+00
8.184736359341799883e+00
9.284913913674820662e+00
9.217471819889318851e+00
9.128179256718132351e+00
9.028615388430756283e+00
8.919516141704635359e+00
8.784025573973588408e+00
8.625950412361573783e+00
8.488522895120304668e+00
8.435225320765329826e+00
8.462761684666650908e+00
8.462586612569886313e+00
8.423630796739864479e+00
8.346803781500561570e+00
8.239246437660375122e+00
8.115407722746297736e+00
7.984282791470215024e+00
7.846172035141006695e+00
7.711945667028865081e+00
7.589421868100466817e+00
7.487392166512893965e+00
7.411321988740247058e+00
7.362403749520004759e+00
7.337376304297674956e+00
7.332398127110158370e+00
7.339257238331414968e+00
7.352937719862395305e+00
7.368909556356061152e+00
7.384878868754097603e+00
7.397057679147859055e+00
7.408475544347227881e+00
7.417879501291682942e+00
7.423223855231611878e+00
9.322296230487348012e+00
9.257132092132433598e+00
9.171439053129585517e+00
9.073936616157988411e+00
8.960366957426025181e+00
8.811877071133636719e+00
8.636399138051729096e+00
8.510485744636357097e+00
8.530407529574263847e+00
8.542159196191235537e+00
8.517947420130100866e+00
8.444607886694473819e+00
8.315475458759491900e+00
8.141904378177162727e+00
7.948575756665678504e+00
7.746138118496812552e+00
7.542915829975157749e+00
7.350043898874162096e+00
7.175025914453928344e+00
7.024524224800133609e+00
6.900615792992402575e+00
6.803987132370462376e+00
6.731692279623807451e+00
6.680264911950600570e+00
6.646401293387870446e+00
6.625148707756368438e+00
6.614094748789635325e+00
6.607573532024908936e+00
6.605207725445734646e+00
6.603149820043804574e+00
6.602584971391677549e+00
6.601652867281063486e+00
9.342457053400606171e+00
9.279128328604613785e+00
9.194455429884104802e+00
9.090661778065227239e+00
8.965050673116563118e+00
8.810797940193079825e+00
8.657477314522239453e+00
8.673833260257755029e+00
8.756303180975207212e+00
8.859978718109694285e+00
8.940106627847692167e+00
8.932484062927352753e+00
8.814508801448454278e+00
8.602408738775620733e+00
8.329308672880259223e+00
8.009896070853191219e+00
7.670392799128226358e+00
7.340344842082319410e+00
7.052224557695051743e+00
6.819087665018966682e+00
6.628575677993523207e+00
6.472356402851725754e+00
6.344987683378853660e+00
6.242767136658193827e+00
6.163382844538240590e+00
6.102610171284680085e+00
6.057755224265797267e+00
6.024176938513194912e+00
5.999299471395605821e+00
5.980423910283593436e+00
5.966006847084393883e+00
5.954406068305436506e+00
9.351727666906427316e+00
9.292950962142942473e+00
9.211288214438756228e+00
9.104011838567375392e+00
8.976475352153409304e+00
8.850689606915656427e+00
8.883983012460456408e+00
9.082881245615430643e+00
9.356981850803947509e+00
9.597023566500741509e+00
9.725847178284261929e+00
9.715726966967070055e+00
9.566393860365559831e+00
9.298592113827114147e+00
8.952665491378837714e+00
8.565221906647039418e+00
8.149830263795468710e+00
7.727367405599212091e+00
7.319209595320697481e+00
6.943813540986191413e+00
6.621905003389427335e+00
6.373203895846226708e+00
6.190437098756127909e+00
6.053701998063828249e+00
5.950368701303657026e+00
5.870270185883110337e+00
5.808843965186917480e+00
5.762267394858377578e+00
5.725298736836130331e+00
5.698182809934285054e+00
5.677285264466426895e+00
5.661106994021665173e+00
9.350254292476144258e+00
9.297108685408849382e+00
9.224272603581811225e+00
9.137250468524698022e+00
9.065721267862695498e+00
9.157320974239620881e+00
9.445459378967088426e+00
9.820205276612220757e+00
1.017290514838426851e+01
1.043057048570411816e+01
1.054728977351542341e+01
1.050416908299361829e+01
1.030457323025510696e+01
9.974223699278994104e+00
9.547748555828531991e+00
9.074372301372326532e+00
8.586585958578345057e+00
8.100465842134607186e+00
7.635533366975318259e+00
7.202619038372602311e+00
6.816346911846683732e+00
6.481928177661231416e+00
6.204922998522041766e+00
5.986393100426625757e+00
5.823841567445620981e+00
5.708940091585950505e+00
5.626912897174271677e+00
5.567858553192766458e+00
5.525768406574044000e+00
5.494107603910912019e+00
5.471422251923206304e+00
5.455253289676374351e+00
9.320865523292876986e+00
9.285763316791454614e+00
9.253526058160501222e+00
9.274232525870967692e+00
9.455357968107080069e+00
9.785014798816922266e+00
1.019534476266097123e+01
1.061595452298259978e+01
1.098116857016804282e+01
1.123547711026074758e+01
1.133659463887577701e+01
1.126156398317908547e+01
1.101231311330397844e+01
1.060725605201657551e+01
1.009213345676135454e+01
9.517997462711058176e+00
8.935105855142019493e+00
8.372965813688121983e+00
7.847884827649718176e+00
7.367325286730832090e+00
6.940810685253281598e+00
6.570415168698195529e+00
6.258232862149842646e+00
6.003922154072981243e+00
5.799023890986361174e+00
5.639517833358539178e+00
5.521597412255310644e+00
5.435288661595992110e+00
5.375525764612591573e+00
5.332680286696585448e+00
5.304410914285943690e+00
5.284088982636699683e+00
9.330818780588733929e+00
9.385814292395057379e+00
9.520832112963661942e+00
9.754874184782057256e+00
1.008284913331821997e+01
1.048489310961035414e+01
1.092768839866015362e+01
1.136450647433655980e+01
1.174240330545391053e+01
1.200255802140174666e+01
1.209974603860645992e+01
1.200827153350094179e+01
1.172330491954364895e+01
1.126088432811241269e+01
1.065156210726859953e+01
9.953536490260976421e+00
9.241159742168514768e+00
8.569408189166209056e+00
7.965178574845460879e+00
7.428230330299139261e+00
6.959816936585450087e+00
6.557488238994473306e+00
6.219460554564433252e+00
5.942571275914829698e+00
5.720228557313434159e+00
5.545415981077185030e+00
5.413796908749226588e+00
5.316906039548023877e+00
5.248456446975139578e+00
5.198375340934109801e+00
5.163661586003352788e+00
5.138708116742959575e+00
9.633106303169492790e+00
9.804116964771450782e+00
1.003448151449347492e+01
1.033443247454214209e+01
1.070407870751687085e+01
1.113354805001162262e+01
1.159932552658182559e+01
1.205660745032391823e+01
1.244673895585594892e+01
1.270896850516205312e+01
1.280141316058630707e+01
1.270093909096732254e+01
1.239978646767348991e+01
1.189680581129585946e+01
1.123181236492384372e+01
1.044830123283492362e+01
9.606904360343122562e+00
8.779238761449120076e+00
8.045052889934627416e+00
7.421621858056142607e+00
6.899637920999326823e+00
6.462621499162355398e+00
6.099767299664712539e+00
5.802323307096056482e+00
5.565650177466684667e+00
5.378280291011696690e+00
5.237858116134542108e+00
5.134918554517932776e+00
5.060770948530215918e+00
5.007261636832208040e+00
4.969129513362195105e+00
4.941722001236505513e+00
1.006279302253201990e+01
1.027030367394602628e+01
1.053580506140516881e+01
1.086627480859775652e+01
1.126422504246931133e+01
1.171830149794743647e+01
1.220134982598097473e+01
1.266510629422113254e+01
1.305402891839005797e+01
1.331715743227547399e+01
1.342022938110677721e+01
1.332411774762123002e+01
1.300442225741882041e+01
1.246278598369232249e+01
1.174127507398497627e+01
1.089678649133738020e+01
9.987255485612225314e+00
9.069819138860829355e+00
8.198950754488130599e+00
7.436046646695719353e+00
6.817807418093401850e+00
6.323103645484157376e+00
5.929311791515999630e+00
5.611028937027993102e+00
5.359105973134170142e+00
5.162252538123825119e+00
5.012093493158210400e+00
4.901179880188684557e+00
4.821211071861631225e+00
4.764202660361644526e+00
4.723347450111852197e+00
4.694287323649615651e+00
1.045830138471613324e+01
1.069228421863164513e+01
1.098458266297728159e+01
1.133936437132303254e+01
1.175342408634661062e+01
1.221511689473355666e+01
1.269607391351467385e+01
1.315298108246217801e+01
1.354376637090143198e+01
1.382993041969041137e+01
1.395339941774287773e+01
1.384812329353951910e+01
1.349603927519476088e+01
1.290714192058945287e+01
1.214014711284495718e+01
1.124303870114792758e+01
1.028552367074288121e+01
9.320812369334545266e+00
8.389013331275739560e+00
7.539608531652040035e+00
6.802988498572513976e+00
6.212387088178932260e+00
5.757494569505730908e+00
5.409042846687789563e+00
5.137789376590954582e+00
4.928854669029826496e+00
4.769448599367840380e+00
4.649809162293837339e+00
4.563809562275624288e+00
4.501500426373773678e+00
4.457654455316520270e+00
4.426646528822366200e+00
1.080578071295862053e+01
1.105768964690371270e+01
1.136269640464577257e+01
1.172489121686177782e+01
1.213872175913439833e+01
1.259122993545618030e+01
1.306026110748394231e+01
1.351869142552618541e+01
1.393229191072378192e+01
1.423903116958598680e+01
1.435312136778744119e+01
1.422526962031083819e+01
1.383961703062285942e+01
1.321680902162293059e+01
1.241227303031442908e+01
1.148190513005413216e+01
1.048841487948730844e+01
9.484549205676705341e+00
8.522731031790575784e+00
7.637965856175459756e+00
6.853701683876332496e+00
6.187318562404060529e+00
5.649966817442866329e+00
5.241038648009612722e+00
4.935825170089610303e+00
4.707556596214709010e+00
4.536691742417684914e+00
4.409281239317454748e+00
4.317009946343864257e+00
4.249505008380173088e+00
4.202376332238429768e+00
4.168900230805614449e+00
1.107538160638612545e+01
1.133170674999260541e+01
1.163877672298088406e+01
1.199632787423342073e+01
1.240123695599295317e+01
1.284375798943158564e+01
1.331255439424347387e+01
1.378502353306626915e+01
1.420935179151459593e+01
1.450131237909425330e+01
1.459192999256182155e+01
1.443783743883636461e+01
1.402916564361059670e+01
1.338454775052643875e+01
1.255636132663018323e+01
1.160161196180909293e+01
1.058343940070445832e+01
9.560458335547103559e+00
8.577903169376858372e+00
7.673852354779131524e+00
6.873258858977902008e+00
6.184368204953176296e+00
5.610824121377536500e+00
5.150219291746052086e+00
4.796795558508513579e+00
4.533998018925935014e+00
4.341897215580970304e+00
4.202647698697115963e+00
4.102159964635738731e+00
4.030071747713243724e+00
3.978683121801772860e+00
3.942906447520339697e+00
