187.00  63.00   0.002
196.50  67.17   0.099
205.92  56.58   0.127
207.25  59.78   0.211
224.25  58.23   1.589
225.38  58.38   0.764
263.75  78.32   1.436
265.23  77.77   0.952
270.75  80.27   0.345
269.28  80.70   1.918
268.90  79.35   1.701
268.62  79.33   3.656
269.12  78.56   0.689
269.88  79.27   2.650
268.53  79.18   3.036
268.50  78.23   0.197
272.10  79.00   5.000
271.26  78.35   1.144
295.96  67.55   1.604
293.23  68.43   0.064
292.07  66.63   1.161
292.62  68.20   1.444
291.38  68.78  10.804
290.65  68.70   0.635
291.56  68.53   5.944
291.60  68.63   5.318
295.65  66.36   8.352
295.00  67.38  31.572
294.38  67.79   2.443
293.58  68.08  27.834
294.25  67.92  12.203
294.27  66.14   2.880
291.43  68.96   2.498
294.83  67.62   0.458
290.88  68.95   9.346
293.73  66.56   8.500
270.48  72.77   3.301
270.13  72.05   1.548
274.92  73.05   2.476
275.78  73.22   0.862
274.88  73.63   0.616
274.34  72.65   0.088
275.68  71.51   6.881
273.70  72.41  14.544
275.64  73.11   7.732
273.78  71.78   9.823
273.52  72.21   3.835
273.00  72.75   4.295
277.02  73.65   0.023
272.98  73.72   0.295
274.55  73.82   2.036
271.53  71.30   5.414
272.52  71.20   6.277
271.10  70.88   3.506
271.90  70.88  12.830
270.88  71.43  37.902
274.70  70.75   0.625
273.55  70.92   2.285
273.58  71.17   1.885
273.20  70.33   4.903
274.73  70.13   0.377
273.88  70.12   0.912
279.70  72.75   0.186
279.49  72.46   0.339
278.67  72.08   1.214
282.28  71.75  10.281
279.15  71.87   0.003
280.50  71.95   5.760
278.83  72.35   1.396
280.12  73.17   2.941
291.41  62.30  19.849
289.50  62.60   0.663
292.15  62.20   0.420
288.65  63.08   0.963
290.21  62.97   3.360
293.12  63.03   2.451
293.30  64.78   0.003
295.00  61.78  12.591
283.77  64.27   2.682
294.22  63.02   7.431
293.47  62.90   0.080
294.93  63.73  18.319
293.52  63.07   0.222
291.63  63.36   2.371
292.05  63.22   9.190
295.58  62.43  13.895
293.86  62.09   2.500
282.08  63.43   1.080
292.65  62.12   8.462
282.77  63.58   3.393
293.52  62.36   1.712
286.09  69.37   1.796
262.13  75.95   7.190
261.02  74.98   9.009
257.25  75.55   5.217
257.45  76.08   9.898
266.25  71.19  22.987
270.02  68.97  48.855
263.98  70.42  41.333
264.60  70.96  17.808
237.50  49.10   3.163
231.90  52.15   0.062
230.02  54.21   0.801
231.41  54.06   2.562
232.83  50.62   1.885
232.22  50.20   5.912
234.85  48.82   1.760
235.40  49.38  13.232
235.73  49.28   3.766
236.64  48.41   0.670
234.00  49.18   2.680
234.56  49.48   0.076
235.17  49.25   0.856
227.43  54.05  13.307
228.75  53.95   0.156
265.05  74.73   1.836
264.23  74.60   0.475
264.48  76.58   5.549
265.77  76.86   0.285
264.62  77.01   9.180
265.08  76.38   3.497
266.10  76.33   1.944
266.46  76.76   0.629
267.59  76.54   2.479
265.65  75.78   1.968
267.99  75.19   0.089
267.97  74.97  11.913
267.76  75.39   0.000
267.63  76.07   0.649
268.44  75.62   0.186
268.23  75.13   3.496
268.79  75.76   0.360
276.47  74.59   2.752
271.58  74.84   0.020
274.42  74.69   0.133
269.42  74.90   0.050
268.70  74.66   6.534
273.20  74.62   0.248
276.14  75.77   1.914
274.65  75.56   0.142
272.40  75.43   0.131
269.93  75.79   0.426
270.01  75.54   0.073
260.10  77.93   8.777
278.38  76.49  64.614
272.37  76.39   1.384
274.80  76.53  17.485
275.02  77.61   3.070
274.62  77.29   0.708
274.20  78.38   9.439
274.53  78.10   3.961
277.83  78.12   3.256
274.64  79.96   1.198
277.25  78.67   2.118
273.77  78.88   2.543
273.28  78.65   4.023
282.75  80.92   0.720
278.50  79.75   0.815
277.38  80.20   0.318
278.28  79.95   0.109
280.50  80.60   5.541
279.42  80.72   4.087
278.50  80.40   2.704
280.52  80.95   1.042
274.77  81.08   2.387
270.30  81.32   1.135
270.07  81.03   7.390
297.25  82.45  33.139
292.43  82.63   2.229
295.25  82.70   0.751
284.20  82.65   1.035
284.35  83.00   0.804
285.97  82.95   0.024
286.05  82.82   0.074
274.58  82.33   3.814
273.17  81.88   2.967
275.33  81.97   0.635
296.67  81.88   0.895
289.63  81.18   1.371
293.05  81.37   0.476
290.88  81.52   1.680
294.67  81.67   6.728
294.25  81.25   6.131
292.10  80.92  23.792
292.08  80.78   1.435
293.28  81.05   2.198
283.47  79.08   0.098
283.70  78.87   0.519
284.77  79.25   0.763
281.20  79.07   4.039
285.25  78.60   0.054
289.87  80.22   1.304
282.20  76.79   7.034
287.37  79.82   2.423
285.02  79.50   0.267
288.82  80.17   0.484
282.08  79.22   1.177
289.65  80.42   1.356
288.50  79.90   1.300
277.98  77.32   0.112
278.17  77.83   0.094
290.00  58.75   7.041
291.83  60.57  10.456
290.02  61.01   0.211
294.02  58.88   0.228
285.73  62.12   6.721
282.62  62.55   3.226
282.12  62.14   0.780
285.90  62.67   5.903
287.40  62.02   1.921
280.00  59.83   7.200
275.23  64.70  20.961
283.23  60.05   0.057
283.75  57.60   9.314
283.50  56.27   3.376
282.75  55.67   5.290
282.50  53.58   2.263
282.70  52.78   8.194
277.50  50.08   0.410
275.47  51.93   0.666
273.95  53.53   0.108
271.73  54.48   0.987
266.80  58.75   0.724
265.80  56.43   0.368
265.20  62.82   6.173
264.32  62.17   0.563
295.73  59.78   7.958
295.43  60.08   1.862
296.21  59.36   1.567
298.61  56.67   2.776
299.85  53.52   0.219
302.19  54.67   0.364
299.22  54.55   0.754
300.83  55.08   0.883
302.87  53.84   0.125
303.02  51.49   0.629
249.42  67.87   0.006
252.98  68.66  30.805
252.92  66.32  10.414
236.87  69.58  62.804
239.73  69.40  34.057
243.07  68.78   0.319
244.53  68.24   8.038
241.32  69.14   4.322
244.58  67.73   5.077
246.36  67.66   6.478
256.53  66.82  36.869
254.42  75.88   0.000
246.58  74.85  26.087
252.22  75.95   3.059
251.75  75.51  41.248
242.42  75.31   0.081
277.15  68.36   0.049
277.22  68.03   0.708
274.64  69.51  17.338
274.70  69.66   0.490
277.83  67.86   5.962
275.36  68.88   0.043
277.14  68.60   0.275
276.94  69.27   0.242
275.77  69.76  10.465
273.30  66.73   1.539
274.24  68.21   0.539
294.43  47.67   0.918
293.52  48.01   3.486
295.72  45.78   1.787
293.89  45.23   4.553
293.42  45.12   1.599
292.26  44.61   2.794
290.76  44.12  19.120
290.68  44.98   7.271
290.17  43.74  38.843
290.40  44.65   5.112
289.15  42.93  127.164
289.96  41.71   6.524
290.02  42.63  74.236
287.38  40.91  11.050
304.38  51.37   0.559
302.58  50.31  60.511
302.25  49.45   3.424
301.89  49.48  18.886
301.58  49.11  11.446
301.48  48.44  11.135
301.20  48.26   6.449
300.74  47.63   0.004
303.89  49.42   5.164
303.18  49.86   6.670
304.44  49.06   4.919
306.12  49.43   2.386
306.13  49.03   3.579
305.83  47.87   8.109
304.38  47.46   0.183
304.20  47.86   4.458
302.05  47.62   1.642
301.67  47.75  21.778
296.65  44.67   8.659
300.10  43.99   0.223
299.47  46.22   0.001
296.45  45.83   0.012
295.29  45.36   0.368
294.05  44.49  27.262
295.77  46.87   1.539
257.53  72.93   0.224
258.03  72.82   0.173
259.10  73.46   0.030
260.53  73.07   0.214
260.50  73.65   1.384
260.71  73.93   0.003
261.77  73.92   0.447
261.72  73.75   0.011
262.46  73.82   5.907
263.42  73.58   0.424
262.97  72.97  12.833
261.72  72.67   2.030
262.17  72.17  10.901
262.65  71.59   4.249
263.45  72.09  79.086
262.60  74.56   0.346
246.08  77.73   3.737
296.15  49.64   2.612
295.63  49.92  204.682
294.88  50.29   4.528
291.81  49.22   0.041
288.17  48.42   0.829
293.80  50.30   4.773
290.28  48.10   0.718
295.50  48.07   1.441
294.13  48.17   9.054
294.96  49.22  21.640
295.58  48.99  17.185
294.05  49.22  17.906
293.51  49.12  10.720
292.44  48.84   7.500
291.15  48.30  16.720
289.52  47.02  12.513
290.44  47.84   4.279
287.83  46.18   3.047
286.48  44.61  14.584
285.85  45.02   8.985
288.70  46.86   1.227
287.58  46.57  289.855
284.05  45.73  67.898
283.50  45.61   4.613
285.93  45.01  25.355
264.68  73.89  12.844
266.67  73.98  11.873
269.38  73.93   0.058
266.40  72.85  25.321
266.30  72.45  27.477
265.65  72.78   4.387
245.50  73.30  34.474
242.07  70.81  50.917
241.87  71.13   5.398
243.63  70.65   0.006
245.48  70.69   1.472
247.40  70.65  23.970
247.47  70.15   1.479
243.42  70.16   0.475
244.27  70.22   0.495
242.72  70.03   3.103
243.45  69.67   2.197
244.53  69.34   0.696
247.55  69.07   1.136
246.57  68.72   0.060
250.17  70.10   5.312
251.10  69.10  32.437
255.10  69.88  34.930
252.12  72.62   3.080
249.92  72.37  18.907
237.73  48.83   1.201
235.37  48.37   0.099
