210.45  -17.45   1.694
202.52  1.98  11.339
172.67  -43.50  29.747
150.18  -35.70   4.201
133.65  -32.11  41.970
135.94  -34.70  11.081
136.93  -33.73  16.338
137.87  -32.69  14.808
138.01  -33.16  59.120
138.09  -34.13  19.903
138.46  -34.64  126.067
137.88  -33.43   2.333
137.80  -32.70   7.148
137.86  -33.33   1.896
113.83  -28.68   8.001
147.43  -18.63   8.549
146.90  -19.20   0.361
146.48  -18.60  186.974
146.16  -18.17  53.780
146.87  -19.15  105.854
147.62  -6.11  45.084
108.65  4.36  48.822
103.77  1.21  144.906
103.87  1.31  247.362
98.41  7.75   4.928
108.85  11.33   4.016
117.85  24.40   2.291
109.45  18.28   2.542
109.50  18.23   1.368
72.98  4.30   1.504
73.03  5.27   0.470
96.82  -12.18   2.754
55.52  -4.68   1.625
45.27  -12.80  187.056
32.40  -28.47  16.077
300.45  13.04   8.288
