5.400500905460474144e+01
5.420497904298553493e+01
5.446282733799799303e+01
5.480387773620511638e+01
5.525298883695744223e+01
5.580948795379804750e+01
5.645558765751990649e+01
5.715888060027330653e+01
5.787740958767562205e+01
5.856738631167350917e+01
5.921074249313978299e+01
5.979063811125595151e+01
6.029631428186262809e+01
6.074630760212957625e+01
6.113744065297597530e+01
6.147668073169828062e+01
6.176777663254843986e+01
6.201556367752007759e+01
6.221713318685888083e+01
6.237744967397152607e+01
6.249499967846823267e+01
6.258479688322524481e+01
6.264017241731673380e+01
6.267673876535579325e+01
6.269633989038466382e+01
6.270371622432342917e+01
6.270530164447968247e+01
6.270152531723334732e+01
6.269584881838714807e+01
6.268893228919218785e+01
6.268190079742252863e+01
6.267626423679281800e+01
5.371329994789763873e+01
5.389926018435606636e+01
5.416188453527487923e+01
5.454349945973434899e+01
5.507273571818742397e+01
5.575871608808518687e+01
5.657410215376135199e+01
5.747775739594590050e+01
5.841699391692248611e+01
5.933956720992292588e+01
6.020680745854193106e+01
6.099544615377447343e+01
6.170301233369142579e+01
6.232581066604358000e+01
6.287236190861459306e+01
6.334491607589906437e+01
6.375103000062242842e+01
6.408813160058934955e+01
6.435738001827719756e+01
6.456284842246887479e+01
6.471232229310669481e+01
6.481246232845889210e+01
6.487375856531015472e+01
6.490923496636199275e+01
6.492146853583052746e+01
6.491632721052208410e+01
6.489994631705036454e+01
6.488491686556605487e+01
6.486686652926221086e+01
6.484713222698074730e+01
6.483550082281163895e+01
6.482001771190932971e+01
5.340987235310784342e+01
5.356692198870447186e+01
5.381962823129926221e+01
5.422922116869819575e+01
5.483280711242961303e+01
5.563989944701673807e+01
5.663575631740598482e+01
5.776361318145551849e+01
5.895879629360494079e+01
6.014731023490133310e+01
6.127811859158926922e+01
6.231725231168429247e+01
6.324808084146084752e+01
6.407048819097322223e+01
6.478785177153685026e+01
6.540326411717779820e+01
6.592144371668511837e+01
6.634148680675410503e+01
6.666178505359688700e+01
6.690219780961284357e+01
6.706032111432671172e+01
6.715310110274118927e+01
6.719977579110575050e+01
6.721204855956877111e+01
6.720044287754966206e+01
6.717001288645751345e+01
6.712726820375506520e+01
6.708713543154469505e+01
6.704818738555388791e+01
6.700932142457318719e+01
6.697783099897758063e+01
6.695028478164746844e+01
5.309618720972758155e+01
5.320091666783800832e+01
5.343021191082529953e+01
5.384761434211627318e+01
5.450853092163662694e+01
5.543261834479459793e+01
5.661079387037468535e+01
5.797298602451297000e+01
5.943744960799523369e+01
6.091131275773783216e+01
6.232635544624922375e+01
6.362668323485227262e+01
6.479088514524357834e+01
6.581140560042804566e+01
6.668832276905321521e+01
6.742441653945563473e+01
6.802299577033497258e+01
6.849168347229965548e+01
6.883380865070246557e+01
6.906031147475191290e+01
6.919484740633100728e+01
6.925102643373000433e+01
6.925121377767482045e+01
6.921069353070549823e+01
6.914713276116496843e+01
6.906662166263167535e+01
6.898622211859090214e+01
6.890919617250240492e+01
6.883084599642948831e+01
6.876531076692077704e+01
6.870314193024864835e+01
6.865594670172440317e+01
5.275730838892039287e+01
5.280363096282820834e+01
5.298443447514016214e+01
5.339173740572046256e+01
5.409310852629803890e+01
5.512188386027373355e+01
5.646505523857014452e+01
5.805232031398296755e+01
5.978080074491832363e+01
6.153855159751326909e+01
6.321947814246802011e+01
6.476145146889771809e+01
6.612971844556339818e+01
6.730508192357045516e+01
6.828750921261546125e+01
6.908947880755191306e+01
6.970393484595157929e+01
7.015670258910243717e+01
7.045704377958323050e+01
7.061790856223423418e+01
7.067329849859538626e+01
7.064376317566913599e+01
7.055245641457941019e+01
7.043114433703404131e+01
7.028836875060684974e+01
7.014477243974431531e+01
6.999684708614390161e+01
6.986566315550356876e+01
6.974577380676414862e+01
6.963998015324006019e+01
6.954576302309102687e+01
6.946710058780890051e+01
5.238370195380615968e+01
5.235529321097862265e+01
5.248238558035981782e+01
5.286437226549732316e+01
5.358591304194804650e+01
5.469604115380904119e+01
5.618000674896637747e+01
5.796825456748602790e+01
5.993026126414658705e+01
6.192840451635507293e+01
6.383210349675145068e+01
6.555826433452672575e+01
6.705059178530100894e+01
6.829311709903684857e+01
6.929562359756280898e+01
7.006344341816254939e+01
7.061486780811091535e+01
7.096324305498856688e+01
7.114101974859013922e+01
7.116894623739976566e+01
7.108522098232958797e+01
7.092599344538128037e+01
7.071483543039904873e+01
7.048010674613654203e+01
7.024075768223336524e+01
7.000652173925016086e+01
6.978774837199263459e+01
6.959090285930835762e+01
6.942173845801522702e+01
6.927606122076178963e+01
6.914913851335452932e+01
6.904618719953529649e+01
5.193701091516160062e+01
5.184037368205564889e+01
5.192177560367191091e+01
5.227273826779032362e+01
5.300144032788858084e+01
5.417365528511356843e+01
5.577544444061202000e+01
5.772237821636205979e+01
5.986956725295108583e+01
6.204381503071281401e+01
6.408901432393369646e+01
6.590003524165128113e+01
6.742003091138562354e+01
6.862522793991362846e+01
6.953067980438473228e+01
7.016256572987339268e+01
7.054065734534364651e+01
7.070377913990542140e+01
7.069009675049984764e+01
7.053475966081015258e+01
7.027427906372557231e+01
6.995597976352122771e+01
6.960942907108103839e+01
6.924892237946536966e+01
6.891061169293995192e+01
6.859547544265494423e+01
6.831054153316823374e+01
6.806174836525534033e+01
6.784888838748811679e+01
6.767041752089433260e+01
6.751739033586660810e+01
6.739611805158882873e+01
5.137841584865845590e+01
5.124077310222838122e+01
5.128157296528105036e+01
5.161673355707365118e+01
5.236332049757321272e+01
5.358830322033641380e+01
5.528812023140937981e+01
5.736060445907066452e+01
5.963429868850153071e+01
6.191299691688826812e+01
6.401243599504682891e+01
6.580847350348840052e+01
6.723825818382368880e+01
6.829457248021124371e+01
6.900442219425646329e+01
6.940867017188337229e+01
6.954825694782786627e+01
6.947374633520649923e+01
6.923228025433101607e+01
6.886838939647618929e+01
6.843496500483212230e+01
6.797132192545596752e+01
6.750211780185313160e+01
6.705612900370350360e+01
6.664704611419526259e+01
6.627992147376083665e+01
6.596199663683579217e+01
6.568787190195996573e+01
6.545811428221965400e+01
6.526471039878289560e+01
6.510848135427760042e+01
6.497927255570388638e+01
5.067940899782519182e+01
5.053373629805219025e+01
5.057164042258197867e+01
5.092329271223779585e+01
5.170716720598667138e+01
5.300203398401917099e+01
5.479256178025309509e+01
5.696687999254476154e+01
5.932608368989777148e+01
6.164769301466868967e+01
6.372111364046840976e+01
6.541395161383404400e+01
6.667329765620009141e+01
6.750435370249579137e+01
6.795621558794081807e+01
6.808876417165778605e+01
6.796297438839503968e+01
6.764664224701651563e+01
6.719760465725707377e+01
6.667139398479757517e+01
6.611124104782940947e+01
6.556016022419056810e+01
6.504389211287765704e+01
6.457246776595468418e+01
6.415856270838426667e+01
6.380293249410497936e+01
6.350020192393429852e+01
6.324878746570321653e+01
6.304093664888459614e+01
6.287320578862814813e+01
6.273787733629779240e+01
6.262844571113207337e+01
4.984003861668080049e+01
4.972216274156004090e+01
4.980349611961108280e+01
5.022172977025928731e+01
5.109032650405007558e+01
5.248874377840170524e+01
5.439023743843021919e+01
5.666513689431631207e+01
5.909403796684708254e+01
6.141885286475175576e+01
6.342423785541969750e+01
6.497094225247218446e+01
6.601268379229577477e+01
6.658924288877338427e+01
6.676417529654746374e+01
6.663004990790713578e+01
6.627324761268810960e+01
6.576593233460909005e+01
6.518113314926893054e+01
6.457080359523405377e+01
6.398353188347905274e+01
6.344125338860781227e+01
6.296869812000329603e+01
6.256914909669642810e+01
6.223785753568909485e+01
6.196674523956913561e+01
6.175041798879505706e+01
6.157983245921801085e+01
6.144280670693330393e+01
6.133784716462633924e+01
6.125371218758829173e+01
6.119070710372453448e+01
4.888925867904762868e+01
4.885105967240284031e+01
4.903951075818427086e+01
4.957807440469091631e+01
5.058671097950532669e+01
5.213643541284978511e+01
5.418758100120527388e+01
5.658930286758790373e+01
5.909392232610340301e+01
6.142243662453436315e+01
6.334586354079580417e+01
6.473112657160937999e+01
6.555480234031568898e+01
6.587822142032771922e+01
6.579996282417759801e+01
6.543661239531174090e+01
6.489938253052613959e+01
6.427669406883310899e+01
6.364119952438411332e+01
6.304979178816412855e+01
6.253240065434373918e+01
6.211071575085273366e+01
6.178054645381303089e+01
6.153957070955563324e+01
6.136991868440942710e+01
6.125416552024131533e+01
6.118476923070532081e+01
6.114191261290969237e+01
6.112019214260575239e+01
6.110971762030313670e+01
6.110603226006107036e+01
6.110346191503526114e+01
4.790415160326477917e+01
4.799935289317819809e+01
4.834238794865681399e+01
4.906106842548025782e+01
5.027000886724390227e+01
5.202555890273269057e+01
5.427904840017210830e+01
5.684938671388486853e+01
5.946215994456776599e+01
6.181431280521732674e+01
6.366723918081862621e+01
6.489396192643445715e+01
6.549558502652871539e+01
6.556364198054087922e+01
6.523936295024950027e+01
6.466945657303938333e+01
6.398383074085375455e+01
6.328544391548977188e+01
6.265406743348800234e+01
6.213928130264820027e+01
6.175820912213876568e+01
6.151270285141697514e+01
6.138588204606014642e+01
6.135483222357261468e+01
6.139544784123953747e+01
6.147403424541044359e+01
6.158198710400051112e+01
6.169376397766579601e+01
6.180380847845209047e+01
6.190236189811342626e+01
6.198751382833212631e+01
6.205904712832835202e+01
4.697544695954781702e+01
4.723431502028580553e+01
4.777664378065215089e+01
4.872552147060646632e+01
5.018438273451445752e+01
5.220755684960479215e+01
5.471354791325519784e+01
5.750022735694587084e+01
6.025740938401183655e+01
6.265511047490898733e+01
6.443740454990427224e+01
6.549094595745222591e+01
6.583658209247894888e+01
6.560629136423418117e+01
6.498268726214082847e+01
6.414842130141740029e+01
6.327079401340044740e+01
6.246119824220976113e+01
6.180745176565251597e+01
6.134647468559509065e+01
6.108290009492041150e+01
6.100106275344455042e+01
6.106706922350016953e+01
6.123694301033479093e+01
6.147187069763357670e+01
6.173642855371425497e+01
6.201150658558911033e+01
6.226544786873765958e+01
6.249597185703763813e+01
6.268948017176876419e+01
6.285848249712871194e+01
6.299496785028453161e+01
4.616622544924037186e+01
4.661835895910949290e+01
4.739298025208640297e+01
4.860617262726542265e+01
5.036055847813800312e+01
5.268962073265972634e+01
5.550009037370207210e+01
5.854254150227151854e+01
6.147242485799605305e+01
6.391290863197500016e+01
6.560841963391762022e+01
6.642489836690852201e+01
6.642264676951202773e+01
6.577612236181620631e+01
6.471874652364783742e+01
6.348970101248829678e+01
6.227353409218900282e+01
6.122306097354866239e+01
6.041911631376633096e+01
5.989708461546074858e+01
5.964744956783181351e+01
5.963720152588896184e+01
5.981021524982028836e+01
6.010493639476603533e+01
6.046977827147984641e+01
6.086227945930394156e+01
6.124455845385580233e+01
6.159762918119118780e+01
6.190840435755311688e+01
6.217061282173308712e+01
6.239123014904786402e+01
6.256838558582578713e+01
4.554120436845551723e+01
4.620397668389513512e+01
4.722580627817308851e+01
4.872587865663880535e+01
5.080260656261452823e+01
5.347214771414126488e+01
5.661840669463890663e+01
5.994761869313839497e+01
6.305970466583195844e+01
6.553240867075945175e+01
6.706992908663100650e+01
6.755814805486561170e+01
6.707299890464265957e+01
6.584045285340768316e+01
6.416606158726074227e+01
6.233655581537150425e+01
6.058286727247096337e+01
5.909250230951015226e+01
5.795192625648176943e+01
5.719262222697584264e+01
5.679779779703957132e+01
5.671090948159886125e+01
5.685744163668380935e+01
5.715964594814624888e+01
5.755251910573004182e+01
5.797874091417051545e+01
5.839481948475572182e+01
5.878073359251677488e+01
5.911627056535051139e+01
5.940373715916447850e+01
5.964130687606138537e+01
5.983278873998018810e+01
4.514210756597017848e+01
4.602239837761459285e+01
4.730029581857252197e+01
4.910117735071023759e+01
5.151870647778673629e+01
5.455761232527103743e+01
5.806074150610762530e+01
6.168677739741774957e+01
6.497722338398546071e+01
6.745429602549003789e+01
6.877769911679473580e+01
6.882284473240497391e+01
6.770800511850964654e+01
6.571866383152740809e+01
6.322866220380221591e+01
6.059614691359809768e+01
5.810395121382232730e+01
5.597246759923609005e+01
5.430425524322272679e+01
5.313582218399641022e+01
5.242967419939352425e+01
5.211985614171937442e+01
5.210421144260950399e+01
5.229621686942269321e+01
5.261054973009469649e+01
5.298041209560538789e+01
5.335719055059708182e+01
5.371130924909547133e+01
5.402445122695891655e+01
5.428944877352983411e+01
5.450984295239294397e+01
5.468700705185436561e+01
4.499800404950581623e+01
4.609825346692279169e+01
4.764368913462426747e+01
4.975856390196877754e+01
5.252900508694294501e+01
5.594832288235343043e+01
5.981972479886200489e+01
6.375098809151972290e+01
6.721094906686346349e+01
6.965754496209220292e+01
7.069726579189344307e+01
7.022400249323288790e+01
6.837259569183554220e+01
6.549862047588159442e+01
6.205221511191838601e+01
5.846387685303194814e+01
5.509193611112890210e+01
5.217676778702946905e+01
4.984876921887497758e+01
4.814293766870331126e+01
4.701455621429614240e+01
4.637105470565612819e+01
4.610481876709715010e+01
4.610068460649913646e+01
4.626482882674938679e+01
4.651610194883046745e+01
4.679889117830007450e+01
4.708161031886512404e+01
4.733401827317666744e+01
4.755052424335234917e+01
4.772930700581489560e+01
4.787784309606849575e+01
4.511618271080208586e+01
4.644103923608331286e+01
4.825758947676122546e+01
5.069217184674360510e+01
5.382793683855621936e+01
5.763337892840164756e+01
6.187462809823313137e+01
6.610171771879554115e+01
6.971284018651003578e+01
7.210153009485632936e+01
7.283861194905345826e+01
7.179148766824070549e+01
6.914479286782157885e+01
6.532845294599403019e+01
6.086434827465883757e+01
5.626549278799909359e+01
5.195163184652864885e+01
4.820780374850664884e+01
4.517156154224855413e+01
4.288491552105315208e+01
4.129347478541786387e+01
4.028585845122414355e+01
3.973226100125878446e+01
3.950289116789363675e+01
3.949040602438877556e+01
3.960282805078126245e+01
3.977549033673798107e+01
3.996326976247279106e+01
4.014507776129951111e+01
4.030586325043898199e+01
4.043604762047888102e+01
4.054566510088915265e+01
4.549247571784822952e+01
4.704651297168486934e+01
4.913674501051757915e+01
5.189469312410733437e+01
5.539281069047987671e+01
5.957022653124010247e+01
6.416339264745846549e+01
6.866598778300992478e+01
7.239709102397146978e+01
7.469433986723217345e+01
7.510055017158626356e+01
7.347332342548655504e+01
7.004132343437909469e+01
6.528845409330769201e+01
5.982482534925749462e+01
5.425204686878137750e+01
4.902953875569496489e+01
4.448957422962127595e+01
4.079261834887360294e+01
3.796549976967069284e+01
3.594356195593353220e+01
3.460261777548963380e+01
3.378982857047493127e+01
3.335936516282865938e+01
3.318940269979891156e+01
3.317722738734143206e+01
3.324578037314385881e+01
3.335753226057973819e+01
3.347310615105187992e+01
3.358122023521765698e+01
3.367368474136380740e+01
3.374908318178160727e+01
4.612839561306946479e+01
4.790775260199527708e+01
5.027284944451393756e+01
5.334309427926673663e+01
5.718268231893077314e+01
6.170602607783682458e+01
6.660478427559108638e+01
7.132655732225359202e+01
7.513597227085392660e+01
7.731464470857515892e+01
7.737202003196404121e+01
7.517657265403531142e+01
7.098548201752291220e+01
6.536176058672963052e+01
5.898358596154263722e+01
5.252170835469542709e+01
4.649471896690563000e+01
4.126495030903465988e+01
3.700457135897229932e+01
3.373662904803851603e+01
3.137635135978212020e+01
2.977889086242675276e+01
2.877807882776690462e+01
2.820551671237416969e+01
2.792494737474795130e+01
2.782858338346462546e+01
2.783489800625035215e+01
2.789029258418326052e+01
2.796557077445805817e+01
2.803726049172702162e+01
2.810472959089848999e+01
2.815727288248994853e+01
4.705686238185925419e+01
4.905382703778871445e+01
5.167369375097035089e+01
5.503351809837899111e+01
5.917507642684270053e+01
6.398850968574385689e+01
6.912989565321920793e+01
7.399770724643160236e+01
7.781659931059920154e+01
7.983117601432375920e+01
7.952466371775690845e+01
7.678387224289451751e+01
7.189885684702088042e+01
6.548662319746621563e+01
5.830671363515892125e+01
5.107923091797609771e+01
4.438685336049420727e+01
3.860634547063119726e+01
3.391718192536882270e+01
3.033009311328435587e+01
2.774597806425872903e+01
2.599474833993865630e+01
2.488786058304165749e+01
2.424922469450803320e+01
2.391972345922672005e+01
2.378939108656199863e+01
2.376955186135547748e+01
2.380760637484778997e+01
2.386516799402856392e+01
2.392621625002384533e+01
2.398081958345731834e+01
2.402290745982166342e+01
4.830641273999478358e+01
5.051189539012369778e+01
5.336568524726825302e+01
5.697617762290634147e+01
6.136713933443454749e+01
6.639379673014586558e+01
7.169417015329975129e+01
7.661191380888226377e+01
8.036344423094183753e+01
8.215746546741176815e+01
8.147826692182731279e+01
7.821272458828423169e+01
7.270247749510437529e+01
6.560632110828174746e+01
5.774120640039475205e+01
4.990063624875005388e+01
4.268766430960003788e+01
3.649895057329241865e+01
3.151457494574622231e+01
2.773657278270917104e+01
2.504071430114397856e+01
2.323405529031825267e+01
2.210925503829762917e+01
2.147011878818151231e+01
2.115403546556062153e+01
2.103633144670806132e+01
2.103027439652464636e+01
2.107807323511891084e+01
2.114411612803359120e+01
2.121029273338695731e+01
2.126785313309003556e+01
2.131317874431249848e+01
4.991966095732951203e+01
5.230653837161832342e+01
5.535902274857591721e+01
5.917322676939816972e+01
6.374195996852631652e+01
6.889399879628257395e+01
7.424107581292460623e+01
7.912000710169023421e+01
8.271874548570151831e+01
8.425185669188014970e+01
8.318318400973899429e+01
7.943845494771969129e+01
7.336865608783919868e+01
6.569291831525141845e+01
5.728218350661452263e+01
4.895449161965463958e+01
4.135889747086258694e+01
3.489322155264224534e+01
2.974131428849411307e+01
2.588284538108144162e+01
2.316976559939631741e+01
2.139232790061762657e+01
2.031900411968084796e+01
1.973814224149197472e+01
1.948177786579761772e+01
1.941420533360856382e+01
1.945090906809458531e+01
1.953017813605053021e+01
1.962218377175533490e+01
1.970678012106088417e+01
1.977896509708954653e+01
1.983450030634151773e+01
5.187175696300003125e+01
5.441344421993070313e+01
5.762581944666911227e+01
6.157583663431361032e+01
6.623822006358658143e+01
7.142405267768515387e+01
7.671370466375567787e+01
8.145017885398777935e+01
8.482342250326847477e+01
8.604351485752677320e+01
8.460589509740283631e+01
8.041666834656095375e+01
7.388492814701778855e+01
6.574133177413129658e+01
5.690577328682500280e+01
4.822093651951065851e+01
4.035745539236013002e+01
3.373626489335703127e+01
2.851503794812527559e+01
2.466364947249159911e+01
2.201052044611281033e+01
2.032113307538232405e+01
1.934954103032998418e+01
1.886924771349837471e+01
1.869950303248096901e+01
1.870945084335448882e+01
1.880581748917776963e+01
1.893343268795985779e+01
1.906210230705169906e+01
1.917451449968034893e+01
1.926757796030905467e+01
1.933733902147584161e+01
5.407961256672982131e+01
5.674137218525434889e+01
6.006117518750469486e+01
6.408262559239449274e+01
6.875604013908075274e+01
7.387524205674735356e+01
7.901535038706236946e+01
8.351988687757382479e+01
8.660300859504020821e+01
8.749441877952745017e+01
8.569351449998214321e+01
8.112280003708400500e+01
7.421665921496953899e+01
6.571555498496007885e+01
5.657352789909434421e+01
4.764999319988277193e+01
3.963847938574632934e+01
3.295277717198511880e+01
2.773976214662761919e+01
2.395802040727202353e+01
2.141553727338673241e+01
1.985691310546603461e+01
1.901432034566353479e+01
1.865738083395202906e+01
1.859588648120878673e+01
1.869189549946403872e+01
1.885853944891771405e+01
1.904337804209377794e+01
1.921139067223697339e+01
1.935455406021722169e+01
1.947028077305224514e+01
1.955712681367576877e+01
5.640126194402212434e+01
5.914833384111743442e+01
6.251864017351694258e+01
6.654890563440920914e+01
7.115818008621955926e+01
7.611961929852752462e+01
8.101801328058115814e+01
8.522708127096395003e+01
8.796793731072908429e+01
8.851293971168399821e+01
8.638054666957511074e+01
8.151409505358752483e+01
7.432642524003696849e+01
6.558609955268059366e+01
5.624627255895012468e+01
4.719994632098140386e+01
3.912649925308655696e+01
3.244612911514677478e+01
2.730590766774770728e+01
2.363719295673672960e+01
2.123518518976232983e+01
1.982571246413775867e+01
1.913025077855689915e+01
1.890286423236278068e+01
1.895495482097948781e+01
1.914429988769498792e+01
1.938573108714980719e+01
1.962416553334351832e+01
1.983649746681639314e+01
2.000967763230941188e+01
2.014820873782348443e+01
2.025289880165797385e+01
5.869294889739497023e+01
6.147385809884096375e+01
6.485339234184918666e+01
6.882319562667483126e+01
7.329332866778516120e+01
7.802774982671854787e+01
8.262145381577454373e+01
8.647354572250539206e+01
8.885481089617131545e+01
8.905947882137867566e+01
8.664380029821379026e+01
8.154161555867720779e+01
7.417558431369469929e+01
6.530776413853052986e+01
5.588343596295693061e+01
4.679787920443735061e+01
3.873811672507790149e+01
3.212911642156793590e+01
2.709606963198520191e+01
2.356825970937414283e+01
2.132510425845186219e+01
2.007347756541183514e+01
1.952624390667741139e+01
1.943011890302315336e+01
1.959337133790965879e+01
1.987522400630927777e+01
2.018467163226915062e+01
2.047925558023362669e+01
2.073142187320655694e+01
2.093764504431486628e+01
2.109588999383854357e+01
2.121711724842518620e+01
