2.396738715492083838e+00
2.364409074883839779e+00
2.322976484433156408e+00
2.341742689955273349e+00
2.432032752112962992e+00
2.578596657257210101e+00
2.817837766206833017e+00
3.089906393917853045e+00
3.372677688130204299e+00
3.610652159388682225e+00
3.859389205420953317e+00
4.077458643304559871e+00
4.197452998594908280e+00
4.325913430782430957e+00
4.440316171182255189e+00
4.525013792937761181e+00
4.614302148687925431e+00
4.713261474048525912e+00
4.776326821368876097e+00
4.835168527441576103e+00
4.883540432945470577e+00
4.928443894135103420e+00
4.978547044852195569e+00
5.018569525448603130e+00
5.038636816775051486e+00
5.036253194358328855e+00
5.064407522484128066e+00
5.097273316261958342e+00
5.090863971546717437e+00
5.092348977140247257e+00
5.098954620156137096e+00
5.082634219092541095e+00
2.298925329489074798e+00
2.268164575014795403e+00
2.232664660975600679e+00
2.273314227689652967e+00
2.395249243030605157e+00
2.612532771464185721e+00
2.867603676453412298e+00
3.197944990618138750e+00
3.531081916355347516e+00
3.830798611393941400e+00
4.105979184112578118e+00
4.312377763882015103e+00
4.496970783809868699e+00
4.676177181815489803e+00
4.804325196090937666e+00
4.931495234512271786e+00
5.067398162236578685e+00
5.181162365890109811e+00
5.291592216545728533e+00
5.359508705078993351e+00
5.439892169934676502e+00
5.493357833804821233e+00
5.544130666375499672e+00
5.575452407257065701e+00
5.630712795475334431e+00
5.621460763322945198e+00
5.631739743688534361e+00
5.660841941013014633e+00
5.670522979762962379e+00
5.685057783575429013e+00
5.670197111845117988e+00
5.690792128516326542e+00
2.172333822145862570e+00
2.177667678605901713e+00
2.192926658544563701e+00
2.240978447961513353e+00
2.411998202023269755e+00
2.633504717789538319e+00
2.951830914886707902e+00
3.314852347149948475e+00
3.677940699951469217e+00
4.054833073005105426e+00
4.356064267880460861e+00
4.632761234471617584e+00
4.857282022832706048e+00
5.056681883481950912e+00
5.238190192434105441e+00
5.408960117493598396e+00
5.552082420465799473e+00
5.701036366936610200e+00
5.841514387377362283e+00
5.933962235847836553e+00
6.041575538093135300e+00
6.111102929643667636e+00
6.163614578321285009e+00
6.225361643728820837e+00
6.240385449543556007e+00
6.260118487609231508e+00
6.272422900977241866e+00
6.293963251096420741e+00
6.295609414677850069e+00
6.310930202465275585e+00
6.301778771345932562e+00
6.303251658805421265e+00
2.049090559060505079e+00
2.067617875431073227e+00
2.090149333590743286e+00
2.194290405586364123e+00
2.386710400298866830e+00
2.668317762175703045e+00
3.027769296191088699e+00
3.432511629390480490e+00
3.857805561809406480e+00
4.238482805748540194e+00
4.590241013025869066e+00
4.915623830180996023e+00
5.171952854614914052e+00
5.402384581673587149e+00
5.631631473524016940e+00
5.845214328121588920e+00
6.026747119185598578e+00
6.207741221223072259e+00
6.360657200789811228e+00
6.467403952967096359e+00
6.559332873637805150e+00
6.660541538602934963e+00
6.703329614751885046e+00
6.773037385722238568e+00
6.789929653012831245e+00
6.817362157927669308e+00
6.811640683619623715e+00
6.817651715316319638e+00
6.834011582836521548e+00
6.820964134546001034e+00
6.839582345956630505e+00
6.835111701641253923e+00
1.910648193195631617e+00
1.937181751517639050e+00
1.988619284980915669e+00
2.127452392302990436e+00
2.333769309188484353e+00
2.642422777864243955e+00
3.049329181066246619e+00
3.458150419423259958e+00
3.931228986713517060e+00
4.371340464599089870e+00
4.734464702193571739e+00
5.079926883366006507e+00
5.396291692432803266e+00
5.669688795697096495e+00
5.929410745617541778e+00
6.171423400094176337e+00
6.386528664983502246e+00
6.565544782953747216e+00
6.733717157245642682e+00
6.857106813217477281e+00
6.964181449177647032e+00
7.033011305288875192e+00
7.082921905610697344e+00
7.117814865382806389e+00
7.123405037774306336e+00
7.138373308167794029e+00
7.135009111325535613e+00
7.137909903443842907e+00
7.126401428228423818e+00
7.126873218164727852e+00
7.134464103714280192e+00
7.135674787792360974e+00
1.766672776293859881e+00
1.796233651460803271e+00
1.866025432703863007e+00
2.023295553556407000e+00
2.259130379769678676e+00
2.598313380544316598e+00
2.983108537622968903e+00
3.454205554319854432e+00
3.925937793207213922e+00
4.363194324578019589e+00
4.760017461859050059e+00
5.119916754601074871e+00
5.442394870409829721e+00
5.737728159367129877e+00
6.034603094856731076e+00
6.281090936579803774e+00
6.521062331166607606e+00
6.711932339578497775e+00
6.861614205962455415e+00
6.995456887432045079e+00
7.077814717331104788e+00
7.134272739975410893e+00
7.181766568490498770e+00
7.191212799485709795e+00
7.200187722089778752e+00
7.192539116352698159e+00
7.171688023795302236e+00
7.168232195764440817e+00
7.168036143216239608e+00
7.139579822026976608e+00
7.116757739775123603e+00
7.125187010973926149e+00
1.649073353847432477e+00
1.685057309815094939e+00
1.783713645649064761e+00
1.960335068142914805e+00
2.188929890726564409e+00
2.522915712722515913e+00
2.912573151087972434e+00
3.363892705043298292e+00
3.818105733728170748e+00
4.242368033027677399e+00
4.648388804229828253e+00
5.013402299713001220e+00
5.349433351012825355e+00
5.652523819076321843e+00
5.933996254963236794e+00
6.185396638956893511e+00
6.417003447021454754e+00
6.593993938346708106e+00
6.738015100115724465e+00
6.836377588122720006e+00
6.912211951080541539e+00
6.952565340523154447e+00
6.951454440135781176e+00
6.955841789319494595e+00
6.948306743857862955e+00
6.916845641165948244e+00
6.893798206006499285e+00
6.875326524414906437e+00
6.849589579434010034e+00
6.810756923556450460e+00
6.791340409801923883e+00
6.783451649098894976e+00
1.575087794131156294e+00
1.626690895865722908e+00
1.737837775746439606e+00
1.886865604360979276e+00
2.138918098600316675e+00
2.424320284216567423e+00
2.792064828750803862e+00
3.179608175708749762e+00
3.614296658680811625e+00
4.020508545776324993e+00
4.390751254718520791e+00
4.755828664877278733e+00
5.083436338566013291e+00
5.378493799596991920e+00
5.665917977228708935e+00
5.900678559483335306e+00
6.119037195733490364e+00
6.291577749117545970e+00
6.400081018133441546e+00
6.483164579474191669e+00
6.541804609575389229e+00
6.556347236184892679e+00
6.533073524233464546e+00
6.500096366643854040e+00
6.471296365495350145e+00
6.437118437940466009e+00
6.393262393712104696e+00
6.370247960797502884e+00
6.342454455900282007e+00
6.308589004949665124e+00
6.286571680314279931e+00
6.255329939179389953e+00
1.533244043498240394e+00
1.611209123492077566e+00
1.705080350958795732e+00
1.861816566500769765e+00
2.034402930628850914e+00
2.302163679479972469e+00
2.602143123237366851e+00
2.942315147086698168e+00
3.289649144658287838e+00
3.683294783191914057e+00
4.025286740022897547e+00
4.386501257455389435e+00
4.707149998511008349e+00
5.016803049515262458e+00
5.289823242775229417e+00
5.526925742465131464e+00
5.720776673584559546e+00
5.868409523560049301e+00
5.956189021724840771e+00
6.002759839740116732e+00
6.027184117494689630e+00
6.012343422735935583e+00
5.973500767648729060e+00
5.939282405811151300e+00
5.891745871454361350e+00
5.825220520692440118e+00
5.776527445277856998e+00
5.727273321304607201e+00
5.684078859766562353e+00
5.647539362604135249e+00
5.621277768050324752e+00
5.583110295940276302e+00
1.521237340760992707e+00
1.573330402815882101e+00
1.659940966033728316e+00
1.770544036422049938e+00
1.911818111417030064e+00
2.087125853224718774e+00
2.305898364556778990e+00
2.576048834495154427e+00
2.916559775229983220e+00
3.236321227291501845e+00
3.597661568266289134e+00
3.917785365961603539e+00
4.256962249529337328e+00
4.547251888905171846e+00
4.805377396807276824e+00
5.013874032156789617e+00
5.196976392204685880e+00
5.299329651222389970e+00
5.373715019694208728e+00
5.388520515927286425e+00
5.390021445190084748e+00
5.347466250952694011e+00
5.267058863843936400e+00
5.225810680381085760e+00
5.150659019663367033e+00
5.080238667594404234e+00
5.022012001090063293e+00
4.974761449196501317e+00
4.916431899738197053e+00
4.895156529710917859e+00
4.849452526545699804e+00
4.842160962070365393e+00
1.480980895600050529e+00
1.528775488387910109e+00
1.598745463315193849e+00
1.665243943709014740e+00
1.765849540026763975e+00
1.851511121707949847e+00
1.978487366386055157e+00
2.176782156121882750e+00
2.426652600971041629e+00
2.751113027840082825e+00
3.082005581693902041e+00
3.410549953801341516e+00
3.724218555499535732e+00
4.019013795490430141e+00
4.248287877853716310e+00
4.461996390066872209e+00
4.607013194157397962e+00
4.698111329977061601e+00
4.713911413080020374e+00
4.724644560194614762e+00
4.693194657588082741e+00
4.647342657546320588e+00
4.578264549795473037e+00
4.504764690719011533e+00
4.436710886187285929e+00
4.359998153739281790e+00
4.295463669023635411e+00
4.231118314783286039e+00
4.192871205809314716e+00
4.147978175142110757e+00
4.115218349666496245e+00
4.088901408051444974e+00
1.496305883357964106e+00
1.541552012821419959e+00
1.588433554480184196e+00
1.608889274535385105e+00
1.589048691455565709e+00
1.599286159294420528e+00
1.651039251482384174e+00
1.763711156791761159e+00
1.980724895564318189e+00
2.263698045348296439e+00
2.599622492820361508e+00
2.941500299034234267e+00
3.249716259475387226e+00
3.533412339022334425e+00
3.771177497151274594e+00
3.951255518675336198e+00
4.075198690001833768e+00
4.118705382670631465e+00
4.134822964901962550e+00
4.105628648449214602e+00
4.040931564961793399e+00
3.964148809135666252e+00
3.887263615254746618e+00
3.784512417317758892e+00
3.693990206332126824e+00
3.611235956119246637e+00
3.552507657340786995e+00
3.482844586826057132e+00
3.436192087147400542e+00
3.387629624139757212e+00
3.371040206607265333e+00
3.346917842541517807e+00
1.593264457247943078e+00
1.620323902477040168e+00
1.610762034835727219e+00
1.579800059401466061e+00
1.507989901198384608e+00
1.446903661565860588e+00
1.443717513408180775e+00
1.496083543686764328e+00
1.624302148007494839e+00
1.842343193116177780e+00
2.152152207505578563e+00
2.472149826115693561e+00
2.788269160756213783e+00
3.070629221960476496e+00
3.292712938675101952e+00
3.438399013376833402e+00
3.539172185412967409e+00
3.553663838417299381e+00
3.550832893151677716e+00
3.482584657647082693e+00
3.395661100109297337e+00
3.289399897263182826e+00
3.200689891922122943e+00
3.127793841340404057e+00
3.120728006462011095e+00
3.195059204741157899e+00
3.316703960323554412e+00
3.434523301471041901e+00
3.538501017858342479e+00
3.646648258634789030e+00
3.716158096981496683e+00
3.769210951973051227e+00
1.779197232753963132e+00
1.769668741663477540e+00
1.720617744801467008e+00
1.612427168926121812e+00
1.493639300015188853e+00
1.499365629684142220e+00
1.611727673266903693e+00
1.746608090042917061e+00
1.844041446248387395e+00
1.929389078804545576e+00
1.991387784723018139e+00
2.106098891987360666e+00
2.351725232035654756e+00
2.603038273140058756e+00
2.811567912398690083e+00
2.928880330820687661e+00
2.984067015951723079e+00
2.986182261235363011e+00
2.943234205647492274e+00
2.879025754161339989e+00
2.860979325594358968e+00
3.007932213794231480e+00
3.212408426475703571e+00
3.452605485085428416e+00
3.675432166178663085e+00
3.879197793190234833e+00
4.065668426141327174e+00
4.219636187245482617e+00
4.340886633557821561e+00
4.454294408703606933e+00
4.541909932687822504e+00
4.610908243907509529e+00
2.021858147930211125e+00
1.950310445454112696e+00
1.838646569900189043e+00
1.678327336014562521e+00
1.609491490846592265e+00
1.816690920402484810e+00
2.013482087133876774e+00
2.212525441185384523e+00
2.374407945275640586e+00
2.441319751519670511e+00
2.465165550726272858e+00
2.455439803650104391e+00
2.414674309985939793e+00
2.419889869828395046e+00
2.434235358934588422e+00
2.495657842725782505e+00
2.538360326894694374e+00
2.589263527954817512e+00
2.714523662749370736e+00
2.922058093504975584e+00
3.162186300639903358e+00
3.431830904524044268e+00
3.694742920825722088e+00
3.964655615802977096e+00
4.209226575447951646e+00
4.422667446237465327e+00
4.623240507837034663e+00
4.789575772759983252e+00
4.910088400194942082e+00
5.035900033762437111e+00
5.121924036039594341e+00
5.180125961980811766e+00
2.190255891461100113e+00
2.093522280821805470e+00
1.929186277304282715e+00
1.796283262790275614e+00
1.993470129812762837e+00
2.288394144697856625e+00
2.555423913139414527e+00
2.797359486298249376e+00
2.972893326897552591e+00
3.029885294579097277e+00
3.016524720185680852e+00
2.954111930235693961e+00
2.850326508622515576e+00
2.758538876737757661e+00
2.695334366219777067e+00
2.674094970034199825e+00
2.694497017798273664e+00
2.796489021120749374e+00
2.948832366295171425e+00
3.153296782755069305e+00
3.419300178857537453e+00
3.694171020186336030e+00
4.000848690107190464e+00
4.267414966140234966e+00
4.512681078417257297e+00
4.739864150291261069e+00
4.927471748017367759e+00
5.097372528291495897e+00
5.252517076539570340e+00
5.345505820960700483e+00
5.434506728355515293e+00
5.494273413633208314e+00
2.291373331188860440e+00
2.164646633004801313e+00
2.080897986346805784e+00
2.175917453364787590e+00
2.578014396334955993e+00
2.927323905412773541e+00
3.235714489101421343e+00
3.457205376199549374e+00
3.587428941730399945e+00
3.605017144436359899e+00
3.547698749284725839e+00
3.402172156858292329e+00
3.236494884385880511e+00
3.084354290974646418e+00
2.947003508171208708e+00
2.866210975149385387e+00
2.855726260246759018e+00
2.892309293863907893e+00
3.021788580108465183e+00
3.226304971803058308e+00
3.453831270767018236e+00
3.746338063277285357e+00
4.010169065344443062e+00
4.285236725912135114e+00
4.541673673331922956e+00
4.748065638736775895e+00
4.949692839158128521e+00
5.104927572560327143e+00
5.243740496967837394e+00
5.328345774010385227e+00
5.397073367661707977e+00
5.474135233272535928e+00
2.353454837034839819e+00
2.326508260336368927e+00
2.408193280239724121e+00
2.812434235417278661e+00
3.244070266052623275e+00
3.622290634589609759e+00
3.930336946317130487e+00
4.079405432033141210e+00
4.136592846539596025e+00
4.102935698224275285e+00
3.993028749968469349e+00
3.797331758897900755e+00
3.572811173733204448e+00
3.346680875872572791e+00
3.133495690456045590e+00
2.991676041506516448e+00
2.892423723665292545e+00
2.895329634022870469e+00
2.983665485774143811e+00
3.111211168290600515e+00
3.304165707232007421e+00
3.539828944638788055e+00
3.788402333100216790e+00
4.018280127347412467e+00
4.245350696990812800e+00
4.431915293030045611e+00
4.637630038106460795e+00
4.766645769532179777e+00
4.893962956831856559e+00
4.968075632551985699e+00
5.058929350905739142e+00
5.092259491506073488e+00
2.540568650117609018e+00
2.707815976674830871e+00
3.075121859611587904e+00
3.497238826821384095e+00
3.930682116417791416e+00
4.308704061359073023e+00
4.553582909777819765e+00
4.648143086159189252e+00
4.627496307688687693e+00
4.540832589939626018e+00
4.360967789701712505e+00
4.114362297228819187e+00
3.819680781866020336e+00
3.514033545409638748e+00
3.230773689215999056e+00
3.004612438026732502e+00
2.852854512480431648e+00
2.804949515758934808e+00
2.831308091692980256e+00
2.898967480438756184e+00
3.052800555922288162e+00
3.234893497494812031e+00
3.435966509491525933e+00
3.608541511904816979e+00
3.800991216194081090e+00
3.934830613953561596e+00
4.084134775094150349e+00
4.194291375701071800e+00
4.290270745798022034e+00
4.380488156751476403e+00
4.430741376643913654e+00
4.491342675319341282e+00
3.080996299132516381e+00
3.376810596016396104e+00
3.731720033958547234e+00
4.160355213224701032e+00
4.563837252931102206e+00
4.906085009225031435e+00
5.071617767437164304e+00
5.095657540189796109e+00
4.997069172160286676e+00
4.885486112231570033e+00
4.682449640291076243e+00
4.352582175255408359e+00
3.981434453462587175e+00
3.609730535986878319e+00
3.316229978903241005e+00
3.257456004187960996e+00
3.162393372947317260e+00
3.017320779140108655e+00
2.853373100047469357e+00
2.712627782417781575e+00
2.773805540340186226e+00
2.888452212571184230e+00
3.034453996043171564e+00
3.188405967755488568e+00
3.346555179418031045e+00
3.472298512507046908e+00
3.581450235647231750e+00
3.678436143654521651e+00
3.737807390968118426e+00
3.804875377101484268e+00
3.850255981254530724e+00
3.879772514153870588e+00
3.697995028132344153e+00
3.999676095905988493e+00
4.355909639224746499e+00
4.729794373499480287e+00
5.069784540869446410e+00
5.336373004627667171e+00
5.444446553632754870e+00
5.414628393367742376e+00
5.342203391614651409e+00
5.218007919310368337e+00
4.926403609588704491e+00
4.535465143136431898e+00
4.107325596400350776e+00
3.988770122343678004e+00
4.036515704915693448e+00
4.011211138579396263e+00
3.883970591296691754e+00
3.703757396149530479e+00
3.506364571393054241e+00
3.298561739701027395e+00
3.097374218419169711e+00
2.926605349449018512e+00
2.788766642062330270e+00
2.825271389007116163e+00
2.941066594923227751e+00
3.041548093046736234e+00
3.131016145799798700e+00
3.216144663327737963e+00
3.274830803668821844e+00
3.319177510710136225e+00
3.348226371425339742e+00
3.373011288920804152e+00
4.312596738146698527e+00
4.556712500662006171e+00
4.847141216315709045e+00
5.151532419889393921e+00
5.413703926468580896e+00
5.609880179260986033e+00
5.698118771810947614e+00
5.704090169155286105e+00
5.633954640737107056e+00
5.446991049844127630e+00
5.104286649447205448e+00
4.662079896281527525e+00
4.548825798431291645e+00
4.728558462975757770e+00
4.781115370051445268e+00
4.781666731137233839e+00
4.682572309978514369e+00
4.458854422051897970e+00
4.170301993251372963e+00
3.893554224246921436e+00
3.655886563724624949e+00
3.445540032288017862e+00
3.274883575238908051e+00
3.127707465275709531e+00
3.005086998183854163e+00
2.907249228080851289e+00
2.846471160782721554e+00
2.852901150148817955e+00
2.891230321675524184e+00
2.924467753655174640e+00
2.951563727449961760e+00
2.973078509056213736e+00
4.756167172938781995e+00
4.953403732155496009e+00
5.174051238112623352e+00
5.410084640367189834e+00
5.620613290075798574e+00
5.782476111990616729e+00
5.876535523429589070e+00
5.897190237588156414e+00
5.816576224453626764e+00
5.588371719361133749e+00
5.206872325096526311e+00
4.873315098713108640e+00
5.186832905329567645e+00
5.348024919846162462e+00
5.543366245478089205e+00
5.581373277506099129e+00
5.448243231834288380e+00
5.189105876431172604e+00
4.838361080336066600e+00
4.470075286663352188e+00
4.098956056825295846e+00
3.822851781783866976e+00
3.612307292922403157e+00
3.475834772674214701e+00
3.332843325251388045e+00
3.215364667905005192e+00
3.135043702188733850e+00
3.067952549301925735e+00
3.007657743387886828e+00
2.973967995767031969e+00
2.937372829570863875e+00
2.918368409321931534e+00
5.003269232592923110e+00
5.149353475805723335e+00
5.328283234962126969e+00
5.505168030563265091e+00
5.674376422841211465e+00
5.835453423405796869e+00
5.923485389121275091e+00
5.961162694897103265e+00
5.869615440640823856e+00
5.612966953629229039e+00
5.194463577415252331e+00
5.305129297201146343e+00
5.614336991378682029e+00
5.978123664339515031e+00
6.199691745106933993e+00
6.192311639579490823e+00
6.015242160035739971e+00
5.711311481878281526e+00
5.322227873603535997e+00
4.902484688240463129e+00
4.488344042393533684e+00
4.106670582368679767e+00
3.794060488830602651e+00
3.591288002237935206e+00
3.454046639548809416e+00
3.328733048717656295e+00
3.241117812384454400e+00
3.165379569751452848e+00
3.105074715567011090e+00
3.069484379437172450e+00
3.038694937079756020e+00
3.006960902491147891e+00
5.065901751198536473e+00
5.195566164179323820e+00
5.318653203050699219e+00
5.465205377293639089e+00
5.617164822342163077e+00
5.728996752244808199e+00
5.851486530199317748e+00
5.900618432466753660e+00
5.786300065182102159e+00
5.508834845922207180e+00
5.215750815185823619e+00
5.597902658437890366e+00
6.030268091923891127e+00
6.449281706186831720e+00
6.618846950222696535e+00
6.554311959501066376e+00
6.337989508099143521e+00
6.001972010792176349e+00
5.547803663899902205e+00
5.114433621411911268e+00
4.675260770632738705e+00
4.262741255542979779e+00
3.911462644200167205e+00
3.608920522215155469e+00
3.402357039767170299e+00
3.265467713163007879e+00
3.158257156685954303e+00
3.082924200548077476e+00
3.013665920051486147e+00
2.974236200180305989e+00
2.945976302685323844e+00
2.918734902796317421e+00
5.005216286306074736e+00
5.091184673581270914e+00
5.190029281419424656e+00
5.288218690453152959e+00
5.403028828733365430e+00
5.532261164979889401e+00
5.661454425990052997e+00
5.684914483289157161e+00
5.580269046611761041e+00
5.287252345015687638e+00
5.307221191587296438e+00
5.769754985019726945e+00
6.345231590378213937e+00
6.712308685439853484e+00
6.849215995243628896e+00
6.756196772014559038e+00
6.483462543316642623e+00
6.085485317946135453e+00
5.621667090676799816e+00
5.150199761051560188e+00
4.671453121427195043e+00
4.247859852215672305e+00
3.855201441932297080e+00
3.538905414671174476e+00
3.283081706261276267e+00
3.096812769209176697e+00
2.957080754727705596e+00
2.877698352615813082e+00
2.806879216542093491e+00
2.759199597556713179e+00
2.724103909626387932e+00
2.701883989510853290e+00
4.817273326788429344e+00
4.892534922004464271e+00
4.927937364518599317e+00
5.003202448681483006e+00
5.083396949463877768e+00
5.217010394103492210e+00
5.316787764656278448e+00
5.326587431286730734e+00
5.221404605304117652e+00
4.988953504784250370e+00
5.326402147945602294e+00
5.932923146559229366e+00
6.506973677255674104e+00
6.850869268390690436e+00
6.924977102428814035e+00
6.801016061229690379e+00
6.487774233698885951e+00
6.069988253360550701e+00
5.566263605760147115e+00
5.060545136400202537e+00
4.569454475087858292e+00
4.115581803503376435e+00
3.724038890826478543e+00
3.377207950747457943e+00
3.104035634734239046e+00
2.876019226417772412e+00
2.710126707888121267e+00
2.604484626516057943e+00
2.532055261188101536e+00
2.485634042047589531e+00
2.443825219838433593e+00
2.413510359580384623e+00
