5.078394234313531541e+01
5.051883431481083164e+01
5.012712436561577078e+01
4.961542573252213373e+01
4.902684224836759341e+01
4.842095008528387723e+01
4.785229053822428824e+01
4.736565888827323789e+01
4.697617560998995145e+01
4.668991934571958069e+01
4.649314837563736802e+01
4.636744115544338740e+01
4.629347496982369137e+01
4.625458366609216654e+01
4.623627576628253166e+01
4.622706262610987693e+01
4.622322816264048129e+01
4.622152858235662620e+01
4.622131171468521416e+01
4.622486465388889343e+01
4.622654535763740569e+01
4.623037658467445965e+01
4.623647909782421550e+01
4.624135570748684643e+01
4.624588733094041260e+01
4.625221819936709977e+01
4.625645211243830346e+01
4.626277544275249198e+01
4.626694454291347824e+01
4.627056079520054510e+01
4.627278652653954083e+01
4.627577110433982455e+01
5.053243560763986864e+01
5.018988381020834311e+01
4.970410580164615055e+01
4.910370316485504105e+01
4.843366156186458937e+01
4.776488994594132009e+01
4.714689286677143798e+01
4.663070578829039903e+01
4.623412683146240454e+01
4.595731299169354855e+01
4.578432693800903053e+01
4.569456000013514085e+01
4.566132114868025127e+01
4.567017021929982690e+01
4.569957329435658977e+01
4.573902245862976912e+01
4.578104722141377891e+01
4.582169559941554127e+01
4.586075398192335228e+01
4.589458000517679892e+01
4.592476441332088655e+01
4.595247810396438837e+01
4.597718760192859833e+01
4.599627207248759930e+01
4.601315700945486498e+01
4.602818178862851539e+01
4.604138575823597535e+01
4.605216915171415337e+01
4.606086922241404835e+01
4.606876157811978345e+01
4.607411110778569707e+01
4.607938633126624950e+01
5.028618406826424092e+01
4.984888732257271471e+01
4.926385603849086436e+01
4.856035810405891340e+01
4.779380227818573701e+01
4.703647918397771122e+01
4.635846381807194660e+01
4.580532536184881565e+01
4.539659395261606534e+01
4.513224047640018455e+01
4.499122552723759583e+01
4.494478098190922566e+01
4.496816945377896246e+01
4.503308922977321060e+01
4.512297030921257601e+01
4.521971708367902920e+01
4.531612128297033593e+01
4.540493614741848916e+01
4.548619362896425855e+01
4.555486593091904268e+01
4.561319972365895126e+01
4.566293802023405135e+01
4.570366765698025091e+01
4.573590696683284307e+01
4.576294781327248273e+01
4.578523779725823317e+01
4.580401900723956032e+01
4.581918563712903847e+01
4.583159902341282788e+01
4.584254160660763944e+01
4.585117852249560855e+01
4.585743650827460272e+01
5.004327434075609915e+01
4.949323253605193429e+01
4.879296019706352894e+01
4.796563241417817380e+01
4.708084425998873002e+01
4.622003293203781737e+01
4.546215868527519177e+01
4.485999927487059580e+01
4.442941801038688965e+01
4.417325489167667740e+01
4.405958975151717283e+01
4.406012909064896377e+01
4.413862768578577089e+01
4.426227723102440592e+01
4.441145982987401908e+01
4.456555442623568553e+01
4.471225728962607349e+01
4.484503389245466565e+01
4.495834236595901245e+01
4.505549084478185762e+01
4.513427517435581393e+01
4.519755647993723358e+01
4.524781374613839802e+01
4.528718931635168587e+01
4.531896375902565666e+01
4.534474493194041855e+01
4.536659911856565230e+01
4.538329360320636852e+01
4.539786416663326918e+01
4.540884592563605082e+01
4.541992470103738100e+01
4.542797443108816680e+01
4.976815894589784506e+01
4.909957133323746348e+01
4.826312266082403113e+01
4.729562394954721327e+01
4.627170644517513409e+01
4.528924286233300478e+01
4.442784799845743748e+01
4.375424858114671878e+01
4.329319990081403091e+01
4.303166752945842433e+01
4.293782139472119042e+01
4.297542677122959986e+01
4.309692567471896041e+01
4.327115022395758359e+01
4.346344844881149783e+01
4.365670146353586034e+01
4.383446437566111342e+01
4.399048862522960235e+01
4.412097876741666624e+01
4.422657847121452335e+01
4.430893201890304312e+01
4.437255929198502713e+01
4.442251987129417046e+01
4.446013271206271611e+01
4.449115470608978740e+01
4.451444184862834419e+01
4.453498397258383790e+01
4.455250010459976551e+01
4.456586607893297014e+01
4.457897604515339651e+01
4.459028228246035752e+01
4.459902091987885342e+01
4.943006616386807650e+01
4.863228204100983021e+01
4.765012179687779792e+01
4.652476415327848258e+01
4.534501175649172922e+01
4.421533029448035279e+01
4.323900768564492836e+01
4.247977665772530997e+01
4.196915454748754826e+01
4.169080319262073431e+01
4.160625193101760999e+01
4.166127832613685911e+01
4.180781070751226736e+01
4.200475953986207855e+01
4.221606148986962381e+01
4.242067449416877878e+01
4.260139705379187802e+01
4.275409079170142235e+01
4.287503653738421150e+01
4.296930060472202229e+01
4.303925048975980872e+01
4.309208121841881223e+01
4.313216727146439666e+01
4.316310358122039048e+01
4.318860083126888583e+01
4.321066332051548642e+01
4.323031665040500116e+01
4.324786975474339812e+01
4.326369928557048894e+01
4.327888529159282172e+01
4.329117353853858674e+01
4.330396614598930682e+01
4.896974902014425624e+01
4.803308786482445925e+01
4.689947470306695720e+01
4.561152746048347240e+01
4.426319019437699609e+01
4.298581932039551390e+01
4.188037018885189156e+01
4.103502874415936930e+01
4.047210015455698340e+01
4.017069484103385690e+01
4.008322191201963847e+01
4.014598870393784580e+01
4.029906254630655127e+01
4.049561004750503912e+01
4.070022306099222220e+01
4.088785680168264491e+01
4.104746049696876753e+01
4.117501564670015313e+01
4.127081216731736646e+01
4.134023043426487476e+01
4.139229170657598189e+01
4.143053358477428105e+01
4.146233831222338040e+01
4.149063227215530958e+01
4.151926056931993259e+01
4.154555591982230567e+01
4.157335101767829855e+01
4.159999757828668976e+01
4.162559854261925807e+01
4.164748206664664565e+01
4.166939795743132890e+01
4.168784769306134308e+01
4.830695521532290826e+01
4.723372535583515486e+01
4.594542225190463824e+01
4.449414237897957491e+01
4.298834688452733133e+01
4.156373458547788857e+01
4.034510133919821584e+01
3.942245562181989982e+01
3.882315740900497048e+01
3.851221516902104725e+01
3.843095944780947093e+01
3.849930616192803257e+01
3.865317914691134149e+01
3.883918447078354319e+01
3.902214409404908224e+01
3.918154440599690247e+01
3.931009191830460736e+01
3.940574385698275961e+01
3.947613486505682800e+01
3.952869016964690019e+01
3.957318516383330831e+01
3.961367873733845357e+01
3.965503145867116075e+01
3.970131256420945931e+01
3.975217582333526423e+01
3.980383690287980869e+01
3.985610235203076002e+01
3.990675171288496159e+01
3.995537137719997389e+01
3.999751229895291260e+01
4.003758526874614176e+01
4.006949771755128609e+01
4.736574062380727668e+01
4.616449782409910085e+01
4.472675374138538729e+01
4.312459661524417243e+01
4.147676743173038005e+01
3.993051794576832947e+01
3.862573383396458837e+01
3.765855670457489168e+01
3.705015303520852399e+01
3.675779471622865202e+01
3.669961835461410260e+01
3.679164681373512735e+01
3.695185204442706350e+01
3.713086873491875650e+01
3.729521146046130298e+01
3.742901360113791753e+01
3.753169529438125096e+01
3.761017778834223435e+01
3.767405755660605848e+01
3.773232931020655201e+01
3.779558355313596962e+01
3.786903166813813471e+01
3.795488009421219999e+01
3.804974528606803830e+01
3.815303074003816874e+01
3.825517242123635953e+01
3.835848109982728005e+01
3.845321682270347452e+01
3.854041001192398141e+01
3.861957309856264686e+01
3.868602283617651949e+01
3.874602596888954054e+01
4.610049270499674634e+01
4.476908710155063176e+01
4.319991322629795150e+01
4.146982516570817978e+01
3.970415760340200251e+01
3.807463501594611444e+01
3.672334870685033792e+01
3.575280997116522030e+01
3.517430666445329734e+01
3.493317223848335829e+01
3.492772527638963709e+01
3.505593331073501417e+01
3.523364875342156211e+01
3.540963388998464012e+01
3.555617639618725434e+01
3.566862330380646995e+01
3.575492696340727150e+01
3.582912717428544624e+01
3.590481060416874470e+01
3.599590846456455040e+01
3.611236011766426657e+01
3.625038690954361442e+01
3.640915430110287332e+01
3.658504847384968173e+01
3.676718037020734897e+01
3.694895025003464184e+01
3.712251640269563069e+01
3.728027906328439656e+01
3.742313054643486225e+01
3.754734843439231895e+01
3.765240916814440197e+01
3.774244444603179716e+01
4.449568272352037468e+01
4.305311953355977295e+01
4.137958171034897958e+01
3.955245773742446147e+01
3.770894223465451489e+01
3.603345556288743978e+01
3.468079644879667711e+01
3.374978043477410949e+01
3.324270824228446486e+01
3.308102348308159435e+01
3.314385049792528548e+01
3.331132093089575363e+01
3.349797613263278606e+01
3.365484677781837775e+01
3.376692511096351268e+01
3.384095431703637757e+01
3.389823217005537259e+01
3.396071572003339867e+01
3.405081723134352956e+01
3.418291489084744228e+01
3.435632465293356574e+01
3.457593244128722887e+01
3.482473195042916814e+01
3.509297659783914014e+01
3.536793293813838091e+01
3.563514291451507887e+01
3.588781143047259548e+01
3.611501275939301792e+01
3.631969244491805426e+01
3.649040000955071861e+01
3.663746934555329915e+01
3.675753513799636352e+01
4.261145998808312640e+01
4.109141249373718097e+01
3.934717073385431974e+01
3.746242534186125539e+01
3.559011743858074794e+01
3.391803283404198766e+01
3.261488330423830462e+01
3.177126076534731070e+01
3.137060821937800981e+01
3.130964123942160882e+01
3.144291171019735742e+01
3.163616438068904912e+01
3.179592704081491306e+01
3.188884217679937549e+01
3.191258510811386628e+01
3.189650154367855350e+01
3.187743860349529257e+01
3.188534678235577147e+01
3.195529756455820447e+01
3.209253795827270750e+01
3.230537117223028787e+01
3.258070529554837691e+01
3.290182530530726268e+01
3.324778604718206765e+01
3.360225220772085208e+01
3.394275103611702349e+01
3.426164964435736948e+01
3.454877317899137523e+01
3.480021235798434986e+01
3.501333871229832084e+01
3.519309511849602501e+01
3.533748772475207289e+01
4.057286812009344601e+01
3.901260643569667508e+01
3.724631577336541710e+01
3.536297691019684208e+01
3.352147377257728067e+01
3.191959565292668444e+01
3.072991635225777074e+01
3.002855550040992938e+01
2.977908552365496675e+01
2.984218115580900843e+01
3.004358247517988190e+01
3.023246372751005140e+01
3.031849922413242737e+01
3.027803752868427978e+01
3.013756250373812051e+01
2.994729563087394197e+01
2.976999816266193832e+01
2.964959288553516714e+01
2.962437299568829019e+01
2.970731227578452760e+01
2.989508505142340056e+01
3.017485913398892450e+01
3.052006995100025932e+01
3.090210816579984510e+01
3.129195843183836345e+01
3.167244130538837865e+01
3.203154367634247990e+01
3.235013177125512129e+01
3.262729456167853925e+01
3.285874201842690923e+01
3.305600765204560076e+01
3.321460728566550102e+01
3.852665609123189938e+01
3.698517822588888748e+01
3.526256336054075291e+01
3.345297463150063066e+01
3.172381215541328459e+01
3.027656477626650755e+01
2.928268987486384134e+01
2.880309431929723374e+01
2.876308630433948821e+01
2.898560096841420020e+01
2.926440490768113634e+01
2.942695681645049888e+01
2.939028569411721747e+01
2.914827974740826733e+01
2.875890637506583047e+01
2.830758112398239490e+01
2.787807459376723784e+01
2.754114584942774968e+01
2.733700056993243166e+01
2.728747122186692664e+01
2.737948282842123504e+01
2.759476510368950741e+01
2.790164232908128383e+01
2.825971285062949434e+01
2.864154947815569585e+01
2.901958674806510174e+01
2.937318021766028764e+01
2.969080005351615270e+01
2.996727291027737294e+01
3.019946484904524198e+01
3.039310260763933869e+01
3.054874300735746573e+01
3.663232162364852229e+01
3.517751032700716962e+01
3.357276133988735012e+01
3.191701274948736966e+01
3.039042887099142831e+01
2.920020494625140017e+01
2.850306616461256937e+01
2.833437028592016560e+01
2.857839789570747158e+01
2.901098243688777245e+01
2.938428250086490934e+01
2.951353546723995436e+01
2.931657107260150852e+01
2.881672924001196634e+01
2.811252290787888342e+01
2.732650761655028759e+01
2.657251004961811702e+01
2.594491743252339333e+01
2.549491287000028805e+01
2.524121077330037721e+01
2.517734428879069242e+01
2.527082658154744266e+01
2.548421961477776776e+01
2.577328625696981490e+01
2.610090905377724013e+01
2.643595416461812064e+01
2.675392093526152593e+01
2.704392730915964194e+01
2.729465413852463485e+01
2.750926415195394625e+01
2.768475930331499768e+01
2.782838666705063702e+01
3.498591940687195745e+01
3.368236577002965504e+01
3.226610709854511327e+01
3.085257411954828655e+01
2.962426606044306965e+01
2.878616883004757909e+01
2.848078957813931567e+01
2.870833203342541395e+01
2.930465753566284093e+01
2.999173624790134696e+01
3.047937311056955423e+01
3.056440308328055622e+01
3.017873315010897528e+01
2.938012873949750059e+01
2.831293925115792476e+01
2.714325730585790453e+01
2.601926208560180243e+01
2.505793405731859025e+01
2.432122390095413422e+01
2.383219675272194493e+01
2.357541202872662112e+01
2.351852579897661855e+01
2.361004088664491718e+01
2.380311510480113313e+01
2.405411554027199372e+01
2.432524099218935731e+01
2.459366478865819872e+01
2.484143567681025999e+01
2.505786915457511199e+01
2.524165734417063689e+01
2.539494638570343099e+01
2.551941621798187043e+01
3.361208003264522404e+01
3.250945152905327973e+01
3.134491335959967628e+01
3.024176764177475008e+01
2.938502549912852757e+01
2.897480189282898522e+01
2.912992674728144848e+01
2.980865651059441035e+01
3.079103321569178320e+01
3.174531945536343969e+01
3.233531203992872349e+01
3.235407342322724134e+01
3.174218301288691535e+01
3.060744272749192518e+01
2.913992074204974614e+01
2.755672651852756516e+01
2.604360338296338284e+01
2.473653327097951049e+01
2.370651990286683741e+01
2.297937351061156974e+01
2.253276695432647259e+01
2.232376283776558523e+01
2.229793651904977381e+01
2.239660098315126291e+01
2.257217234319650956e+01
2.278316719113933075e+01
2.300103115523046426e+01
2.320961086337149837e+01
2.339347408518611005e+01
2.355073123269934854e+01
2.368169051892537169e+01
2.378935791817379908e+01
3.247020671117495283e+01
3.160542965260819415e+01
3.073402219699010729e+01
2.998460725464383003e+01
2.954472980183636110e+01
2.959887688463287247e+01
3.023717405615154163e+01
3.137263303820515503e+01
3.272813958111080979e+01
3.391474181802627186e+01
3.456674217376568237e+01
3.446108235401072761e+01
3.357136107565750649e+01
3.205427879940910429e+01
3.015608180955939233e+01
2.814160351886395972e+01
2.623780275596095635e+01
2.459693634969474374e+01
2.329449168234188505e+01
2.235438746367813678e+01
2.174667631907558274e+01
2.141706115062741134e+01
2.130048034406951629e+01
2.133102950348145654e+01
2.145438996255437303e+01
2.162488184553667736e+01
2.181159327390097502e+01
2.199210387642374087e+01
2.215597545748570596e+01
2.229707839017516235e+01
2.241409201071620672e+01
2.251042534177269872e+01
3.153335030032507547e+01
3.092125208002398296e+01
3.035822627752393288e+01
2.997908852776344091e+01
2.996497976557865428e+01
3.047904323423645678e+01
3.157986045342104120e+01
3.313144779497449832e+01
3.479694708882723120e+01
3.614206524169746615e+01
3.677736803521317910e+01
3.647426477290538571e+01
3.525070188075154221e+01
3.330552556978647516e+01
3.094826045041144269e+01
2.850559778859340909e+01
2.622346533904769927e+01
2.427799831898801486e+01
2.274811824316149256e+01
2.164214805789174534e+01
2.092341345033059952e+01
2.052201880722331850e+01
2.036102052797212636e+01
2.036550602764648943e+01
2.047343213167607345e+01
2.063528390333920726e+01
2.081372659563090011e+01
2.099159815147062957e+01
2.115134424968926297e+01
2.128944457159022718e+01
2.140478015710760573e+01
2.149849515633080799e+01
3.082196412679128628e+01
3.045912072491365663e+01
3.019893259595045976e+01
3.017816145713048215e+01
3.056581511616100499e+01
3.150295036123213421e+01
3.300711288846995473e+01
3.489794474992710605e+01
3.679004289687684803e+01
3.820553555015710145e+01
3.873475879302654334e+01
3.816711573966223625e+01
3.654931626951795209e+01
3.415033488693275388e+01
3.133529923146398843e+01
2.847607013571056100e+01
2.585496976110374945e+01
2.365410527201062507e+01
2.195349904904452387e+01
2.074721911179106826e+01
1.998084313360753583e+01
1.956870268235978827e+01
1.941950399540214178e+01
1.944829326052063934e+01
1.958320703154249998e+01
1.977221064588647437e+01
1.997653491574472540e+01
2.017291066228141361e+01
2.034936388407839658e+01
2.049892774182829314e+01
2.062406793114685755e+01
2.072316676815133363e+01
3.041850446062428048e+01
3.028046652291695295e+01
3.029718023762949031e+01
3.059957606682054987e+01
3.134211239528281467e+01
3.263807148177166084e+01
3.446846671486247971e+01
3.660933783461790370e+01
3.863420919839300893e+01
4.003578029374507707e+01
4.038959854538700966e+01
3.950653121285610325e+01
3.747857162442083023e+01
3.462475403078146030e+01
3.137648270912208659e+01
2.814412055671994750e+01
2.524102862700581085e+01
2.285638992788248203e+01
2.105760066686003640e+01
1.982446076617931752e+01
1.908171921850845010e+01
1.872508493495091031e+01
1.864671278991861669e+01
1.875013801156120152e+01
1.895627752339005667e+01
1.920899044520588106e+01
1.946572631494924011e+01
1.970670601216266604e+01
1.991552040437845861e+01
2.009197917024896185e+01
2.023561247830640397e+01
2.034849615169616044e+01
3.040310782681455137e+01
3.046340104389125969e+01
3.071614754552935977e+01
3.128867757883704215e+01
3.232043021935605509e+01
3.389727290109387070e+01
3.596863180333480159e+01
3.826724634062769326e+01
4.034285753239018391e+01
4.166160242968099681e+01
4.180200493667235406e+01
4.059255799888569527e+01
3.816828460555650793e+01
3.490384753201351486e+01
3.127799281103298767e+01
2.774932131514160361e+01
2.464684818705042346e+01
2.215858600582725302e+01
2.034295768541754512e+01
1.916065595465448723e+01
1.851276600700793296e+01
1.827508315266677741e+01
1.832422941719988430e+01
1.854973919806105798e+01
1.886684047781508156e+01
1.921319192411140264e+01
1.954940365493889587e+01
1.985210696992879420e+01
2.010958575757043931e+01
2.032254313863549555e+01
2.049341591392620643e+01
2.062699513394218442e+01
3.084106274874863018e+01
3.105623830553522069e+01
3.149157679176806823e+01
3.227062786834365227e+01
3.351529208311828967e+01
3.528672454656070556e+01
3.750533693186566353e+01
3.988063659636145530e+01
4.193807568313254563e+01
4.313891274480103988e+01
4.305608633295136656e+01
4.154585926313860966e+01
3.878129114539021316e+01
3.517610592802535052e+01
3.126733407167231249e+01
2.753269964884155740e+01
2.432290453071561487e+01
2.182185570384824658e+01
2.007407341227830599e+01
1.901718532658068739e+01
1.853029952224136423e+01
1.846756756940117583e+01
1.868924658866197319e+01
1.907560839897239191e+01
1.953419440041986732e+01
1.999905907347683964e+01
2.043289470381479234e+01
2.080959710357196357e+01
2.112689317483204832e+01
2.138475782601110353e+01
2.158847109892348470e+01
2.174574859402334326e+01
3.172408112551935133e+01
3.204612035973516271e+01
3.260601089907799377e+01
3.352067565916579639e+01
3.489497843381283104e+01
3.677139517368194532e+01
3.904914111821568667e+01
4.142394473210850236e+01
4.341218044702719681e+01
4.447175094087594260e+01
4.419088775293928251e+01
4.243197297047760230e+01
3.940891544142461811e+01
3.557028317555137420e+01
3.148241265707176595e+01
2.764724210838473439e+01
2.442652665551091573e+01
2.200056279363380796e+01
2.039562537280147936e+01
1.952680079706546223e+01
1.925159090220999047e+01
1.940491214797156516e+01
1.983272321408383831e+01
2.040536029941803520e+01
2.102309628709101474e+01
2.162154405101568244e+01
2.215996284984867160e+01
2.262289849954057885e+01
2.300406405585532355e+01
2.330859869976877974e+01
2.354831935567068157e+01
2.373080371306129166e+01
3.297859360015105068e+01
3.335839352343693065e+01
3.398384589461632999e+01
3.496060880068981191e+01
3.638126517971365104e+01
3.827513897284151767e+01
4.052828134886240008e+01
4.283407311890148605e+01
4.471390332320969918e+01
4.563226927303870895e+01
4.518622982965936075e+01
4.325378969641031546e+01
4.006950924510294243e+01
3.610188106010669884e+01
3.194542554175781035e+01
2.811279148727757260e+01
2.497463789363082043e+01
2.269934814450420291e+01
2.129419302487956855e+01
2.065996146265457512e+01
2.063052160611857389e+01
2.102489324418489858e+01
2.167206716785066689e+01
2.243860393297347144e+01
2.322446793038959356e+01
2.395624163025264863e+01
2.460325133054009683e+01
2.515221348561906112e+01
2.559512964230160037e+01
2.594728603697449998e+01
2.622078213269632485e+01
2.642813628697242834e+01
3.448645694365774261e+01
3.487806017079177678e+01
3.551035919730016133e+01
3.647998635232089271e+01
3.787119932775044617e+01
3.969905902186585678e+01
4.185175063046496291e+01
4.403128651665924309e+01
4.576948356910205007e+01
4.655120332565514474e+01
4.598057054663325971e+01
4.395685794237794397e+01
4.070715139500230606e+01
3.672083394831255987e+01
3.259899691641611952e+01
2.886527152261621154e+01
2.588136899528409174e+01
2.380889907898392366e+01
2.264605430071367209e+01
2.226887443289117385e+01
2.249449732718916550e+01
2.313222415615793537e+01
2.400129136108417427e+01
2.495721425229870860e+01
2.590113407510085608e+01
2.676338146728240019e+01
2.751297781314145041e+01
2.813471134056257483e+01
2.863821041857197969e+01
2.903248568238943150e+01
2.933576840347685177e+01
2.956463233464009122e+01
3.610786825042223569e+01
3.646896995525811036e+01
3.705919832592942953e+01
3.796140420674938554e+01
3.925355772747379746e+01
4.094834784527155591e+01
4.293976941313690787e+01
4.494375104938447407e+01
4.652171195796305625e+01
4.717300945411307111e+01
4.652566838423634721e+01
4.447607100802802904e+01
4.125370761708578016e+01
3.734471365001595444e+01
3.334561027615181672e+01
2.978071739736231294e+01
2.700484862739000036e+01
2.517304372630619724e+01
2.426626778378043525e+01
2.415010700966764645e+01
2.462893447188680085e+01
2.549579100648378827e+01
2.656949985575243289e+01
2.769859070969905801e+01
2.878366331310101600e+01
2.976133967330145325e+01
3.059462066345399833e+01
3.128416225396667372e+01
3.183537277224204942e+01
3.226691642164668394e+01
3.259403180735557015e+01
3.284012834695160876e+01
