2.243280432269793891e+03
2.253603529088181858e+03
2.267715942765999444e+03
2.286033792635342706e+03
2.308895238345991402e+03
2.335745869037977627e+03
2.365494456283286127e+03
2.396648083157098881e+03
2.427644345516052454e+03
2.456970458016788598e+03
2.484109683528954974e+03
2.508596519596412691e+03
2.530128959129558552e+03
2.549539858530424681e+03
2.566778060053287845e+03
2.581976981924085976e+03
2.595274377127841490e+03
2.606856761622632348e+03
2.616549166476645496e+03
2.624627307460586053e+03
2.630910006484498354e+03
2.635919473440440015e+03
2.639665475983182660e+03
2.642399594621906090e+03
2.644397010238791609e+03
2.645719820626150977e+03
2.646708785484127020e+03
2.647401569834262773e+03
2.647819033226982810e+03
2.648048583582562060e+03
2.648204950405437103e+03
2.648344116022231901e+03
2.245683515286595139e+03
2.259367674841476855e+03
2.277319686131528670e+03
2.300256860158388463e+03
2.328474965330732175e+03
2.361677157825531140e+03
2.398717477807174873e+03
2.437910184421288704e+03
2.477402737953589622e+03
2.515464053448116374e+03
2.550975443796914533e+03
2.583362380919868428e+03
2.612672567858196544e+03
2.638911048984999070e+03
2.662331171781679586e+03
2.682937565226234256e+03
2.701094677525014959e+03
2.716509425491169623e+03
2.729396263839502353e+03
2.739672504130544439e+03
2.747811254761637429e+03
2.753965311943479719e+03
2.758438505334285765e+03
2.761662000110459758e+03
2.764049347674609635e+03
2.765354015195354350e+03
2.766181229831092423e+03
2.766836554548252025e+03
2.767131582286436242e+03
2.767244313177128788e+03
2.767416663988331948e+03
2.767384326444519502e+03
2.247163499886777572e+03
2.264262485869823195e+03
2.286041532742917752e+03
2.313818131783384615e+03
2.347816710771085127e+03
2.388000565336635191e+03
2.433294222876762888e+03
2.481868320631169354e+03
2.531401108855562597e+03
2.579759208601237788e+03
2.625502842644246357e+03
2.667560959668486248e+03
2.705785245566434241e+03
2.740044044419931197e+03
2.770593559791910593e+03
2.797355117023741514e+03
2.820493998796762753e+03
2.840157063786873550e+03
2.855906729445972360e+03
2.868683630399517369e+03
2.878209620521206944e+03
2.885165988506969825e+03
2.890247681316063790e+03
2.893694719304871796e+03
2.895829834264930923e+03
2.897133774642985372e+03
2.897633226503419792e+03
2.898052541185348218e+03
2.898039228939733675e+03
2.897927138840658699e+03
2.897755249263006135e+03
2.897521587838255073e+03
2.247673719426706157e+03
2.267930569598939201e+03
2.293764337422107019e+03
2.326178307827104163e+03
2.366251054077661593e+03
2.413876380047397561e+03
2.468274120274565121e+03
2.527151333185787735e+03
2.588024259440664082e+03
2.647963595403395630e+03
2.705076243678253832e+03
2.757993617273228210e+03
2.805955980026357793e+03
2.848914638149418352e+03
2.886865097143332605e+03
2.919840390292630218e+03
2.947853086689764950e+03
2.971020147277724391e+03
2.989522287921934094e+03
3.003459100958408271e+03
3.013941100902799462e+03
3.021253242151751238e+03
3.026153092423184262e+03
3.029203879379324007e+03
3.030746367721794286e+03
3.031431140341034734e+03
3.031450907031094175e+03
3.031222475325350842e+03
3.030610565453129311e+03
3.030108484493539436e+03
3.029423415519590890e+03
3.028881544744116582e+03
2.247595510949749951e+03
2.270768656151195955e+03
2.300111772832197857e+03
2.337192089498122186e+03
2.383276905444930890e+03
2.438697339718239618e+03
2.502575214057144876e+03
2.572502061981435872e+03
2.645352442766401509e+03
2.717798991372586443e+03
2.786789725218124204e+03
2.850731451591319455e+03
2.908600074195098387e+03
2.959833153114456763e+03
3.004532217192439020e+03
3.042725999915010107e+03
3.074227982261038051e+03
3.099684053404029328e+03
3.119362137663180420e+03
3.133785549834302401e+03
3.143964238026050225e+03
3.150418849412944837e+03
3.154028812646181905e+03
3.155871047695776269e+03
3.156257809358962731e+03
3.155974476688234972e+03
3.154890847777115596e+03
3.153698695318002137e+03
3.152426195166128309e+03
3.151145356369067940e+03
3.149996272079657047e+03
3.148828632944414949e+03
2.247847650351825905e+03
2.273527700093076874e+03
2.306064608049321578e+03
2.347500059384213273e+03
2.399386985804933829e+03
2.462554372966999381e+03
2.535948650206783441e+03
2.617138441993249671e+03
2.702115510349943179e+03
2.786862741457573520e+03
2.867567497033376185e+03
2.941914152757271950e+03
3.008277374169460472e+03
3.066086133058553060e+03
3.115545757947919810e+03
3.156676559553036441e+03
3.189817324406192256e+03
3.215289520096249362e+03
3.234130560953072290e+03
3.246991995611072525e+03
3.254997068247528659e+03
3.259329203436699572e+03
3.261024878340995656e+03
3.260688782864976929e+03
3.259408215588838630e+03
3.257313485201900221e+03
3.254780346880561410e+03
3.252317987164128226e+03
3.250124894553287504e+03
3.247981213947436117e+03
3.246050444768430680e+03
3.244595875449597770e+03
2.250065152414437762e+03
2.277874136130675652e+03
2.313323666263619543e+03
2.358677600507978241e+03
2.416093457941506585e+03
2.486595458090767806e+03
2.569292005105762200e+03
2.661219294223144971e+03
2.757806465514069259e+03
2.853865058718713044e+03
2.944859891533002610e+03
3.027504559101206723e+03
3.100089656395332895e+03
3.161782684565243017e+03
3.212707395126526990e+03
3.253563118353101800e+03
3.284792040300835652e+03
3.307527703251721960e+03
3.322858445736602334e+03
3.331916785982562942e+03
3.336101922404478046e+03
3.336897894754707067e+03
3.335281605758164915e+03
3.331974956539024333e+03
3.328200189936502284e+03
3.324037180268257544e+03
3.319986448949485748e+03
3.316184269389274505e+03
3.312773013731220544e+03
3.309881581091283351e+03
3.307332374956227341e+03
3.305355550665466126e+03
2.255915512848626349e+03
2.285592836830413489e+03
2.323527699633164048e+03
2.372496707912517650e+03
2.435087625708607447e+03
2.512401187269104412e+03
2.603789501776676389e+03
2.705621192021669685e+03
2.812509588829360382e+03
2.918330551357817512e+03
3.017310367459045665e+03
3.105317665419092918e+03
3.180402505307873980e+03
3.241785040827863668e+03
3.290222414552928967e+03
3.326603443294455246e+03
3.352340800480651978e+03
3.368732195168992348e+03
3.377509113736974541e+03
3.380261102889850008e+03
3.378809883764332426e+03
3.374571738029806966e+03
3.368547833708137659e+03
3.361906618276857444e+03
3.355320658726336660e+03
3.348883313063063724e+03
3.343150653448699359e+03
3.338032132316414391e+03
3.333703114234426266e+03
3.329911519904607303e+03
3.326894363770574273e+03
3.324293474892983795e+03
2.266483305930489223e+03
2.297875302456595364e+03
2.338237459633179242e+03
2.390683790981372567e+03
2.457950716513812495e+03
2.541694613925923022e+03
2.640836028397380232e+03
2.751477636270156381e+03
2.867064519588133862e+03
2.980407993883536165e+03
3.084249952358929932e+03
3.174072767593217577e+03
3.247382236601123168e+03
3.304121268071199665e+03
3.345335914355217938e+03
3.372814680608286380e+03
3.388632396088401947e+03
3.395145366752258269e+03
3.394470075579908553e+03
3.388797525338258765e+03
3.379805587789483980e+03
3.369321430992697969e+03
3.358564372315765013e+03
3.348090883374693021e+03
3.338500281256908238e+03
3.329948318150513842e+03
3.322540844687934623e+03
3.316336429696116284e+03
3.311050987708561934e+03
3.306817925347697383e+03
3.303375713518518751e+03
3.300541171946015766e+03
2.282160905546909362e+03
2.315556288165787464e+03
2.358415262768147386e+03
2.414255941873775555e+03
2.486143084483083840e+03
2.575861347042000489e+03
2.682194602176397893e+03
2.800494365788272262e+03
2.923317739535102646e+03
3.041563890737651491e+03
3.147457718468429448e+03
3.235253108310902462e+03
3.302555356397557716e+03
3.349966758190678320e+03
3.379113879486440055e+03
3.393228544269852136e+03
3.395570062112553842e+03
3.388806699579382439e+03
3.376067318189360776e+03
3.359863323038820454e+03
3.342501296676084621e+03
3.324995912762577973e+03
3.308834837904998494e+03
3.294594944146367652e+03
3.282224377317876588e+03
3.271726997483915511e+03
3.263093111166065228e+03
3.255989855066692598e+03
3.250152694690454609e+03
3.245590820145846465e+03
3.241939625314522800e+03
3.238969429800627950e+03
2.303024138222450347e+03
2.338779377663845025e+03
2.384606342469394804e+03
2.444145573343740580e+03
2.520854108361113958e+03
2.616528302633842486e+03
2.729620917202931196e+03
2.854762420488140833e+03
2.983200439820399879e+03
3.104574657902232047e+03
3.209610643244564926e+03
3.292096680683786872e+03
3.349800813529994684e+03
3.383868551373467199e+03
3.397267995561829139e+03
3.394343990067513460e+03
3.379693541913170066e+03
3.357254676180015849e+03
3.330630222236177815e+03
3.302954471868147721e+03
3.276085179411211357e+03
3.251725557842938088e+03
3.230279388127411039e+03
3.212380097591415051e+03
3.197525413779709652e+03
3.185411121528662989e+03
3.175809023836332017e+03
3.168207269723014178e+03
3.162139019878268755e+03
3.157441506192992620e+03
3.153715488808381906e+03
3.150732065941709152e+03
2.328605765235136460e+03
2.367279904981962318e+03
2.416584692589116912e+03
2.480502451335081332e+03
2.562512659780185004e+03
2.664415669720675851e+03
2.784369579211525433e+03
2.916028048440766270e+03
3.049296202344717585e+03
3.172271166822846226e+03
3.274582989137245022e+03
3.349421737209023377e+03
3.394515723085515674e+03
3.412129369454594325e+03
3.406739649325372284e+03
3.384293743195112256e+03
3.350547723371566008e+03
3.310618494740267579e+03
3.269048104551727192e+03
3.229217903656006001e+03
3.192887219723192629e+03
3.161441419625525668e+03
3.135198547162388877e+03
3.113936802079235804e+03
3.097078752887151040e+03
3.083818629313500423e+03
3.073678906941014247e+03
3.065813967227920330e+03
3.059754194295814159e+03
3.055028884323719012e+03
3.051348312416856515e+03
3.048569645337908696e+03
2.357527389658308948e+03
2.399579548789072305e+03
2.453135801657092088e+03
2.522101400905625269e+03
2.610118868139436472e+03
2.719015324537802371e+03
2.846059962479565002e+03
2.984173559012647274e+03
3.121825019698853339e+03
3.245577516177175767e+03
3.343721216635667133e+03
3.408968506189976324e+03
3.439433600687178568e+03
3.438205669139026668e+03
3.411656770305296050e+03
3.367232966217000921e+03
3.312765970849106452e+03
3.254297284981671964e+03
3.197101394848069958e+03
3.144793300356821419e+03
3.099064823461565993e+03
3.060934926187489964e+03
3.030096324661563358e+03
3.005961170571925322e+03
2.987487620094494105e+03
2.973396552589821113e+03
2.962935842930299259e+03
2.955014439893996496e+03
2.949046411715377872e+03
2.944460754588700183e+03
2.940976294276998033e+03
2.938214188525187637e+03
2.387639753890905013e+03
2.433573078113141946e+03
2.491930246336394703e+03
2.566708087573465491e+03
2.661588470394293836e+03
2.777887465172794691e+03
2.912693011496759937e+03
3.057398351285446552e+03
3.199075838139334337e+03
3.322532228353446499e+03
3.415297157308762962e+03
3.468758502142644375e+03
3.482050894482188141e+03
3.459315419325965649e+03
3.408778538765661779e+03
3.340382321584299916e+03
3.262863335881245803e+03
3.184541500209576498e+03
3.110733870606999517e+03
3.045273649014979128e+03
2.989863642222181625e+03
2.944984411967016968e+03
2.909766368380822314e+03
2.882810629700495610e+03
2.862718324186605059e+03
2.847887650407889396e+03
2.837021868470130357e+03
2.829000040849228753e+03
2.823088042595473780e+03
2.818534739502040338e+03
2.815137786905401754e+03
2.812445433163428334e+03
2.417079957781009398e+03
2.467220719415149688e+03
2.530893673572012176e+03
2.612216705744178398e+03
2.714662018894422545e+03
2.839148651678383885e+03
2.982046770922774613e+03
3.133414477825151607e+03
3.278532708107581584e+03
3.400642934253362455e+03
3.485271486732505764e+03
3.524365263719952964e+03
3.516828621620034482e+03
3.468599663748705098e+03
3.390543210132828790e+03
3.294478696484802185e+03
3.191192672449405109e+03
3.090467747243143549e+03
2.998271782896931654e+03
2.918331777918421722e+03
2.852336726913237271e+03
2.799930500273779217e+03
2.759584945275827522e+03
2.729374988825294167e+03
2.707252457732460698e+03
2.691255313204364938e+03
2.679652373141336739e+03
2.671301353944665607e+03
2.665125728170682578e+03
2.660502862805844870e+03
2.656990311572851169e+03
2.654170046801360513e+03
2.445287317344932944e+03
2.500208311972008232e+03
2.569998366778153468e+03
2.658700887421465268e+03
2.769686427371495483e+03
2.903375271586438885e+03
3.054840577536620003e+03
3.212708362271760052e+03
3.360482685295678039e+03
3.479303696032847256e+03
3.553261164176847160e+03
3.573556331797453822e+03
3.540401478139237952e+03
3.461835946340417195e+03
3.351167215771818974e+03
3.222957976387428516e+03
3.090004834653614580e+03
2.963529346393148899e+03
2.850213541581548725e+03
2.754006978032885399e+03
2.675581141263753580e+03
2.614416475113804609e+03
2.567736673788248027e+03
2.533315346624267477e+03
2.508364240601971687e+03
2.490452076007643882e+03
2.477588208405330079e+03
2.468317510065378428e+03
2.461521991320749294e+03
2.456429842366115736e+03
2.452570188562929616e+03
2.449433074057030808e+03
2.474461624306746216e+03
2.535186975272524251e+03
2.612292355243077509e+03
2.709914249544843642e+03
2.830734668014420549e+03
2.974747034470384733e+03
3.135729696783635518e+03
3.300367606045662342e+03
3.450055699733937672e+03
3.563630311268357673e+03
3.623530265442159362e+03
3.621173383405680397e+03
3.557414678491642462e+03
3.443108228590920135e+03
3.294489880413911578e+03
3.129121034848169529e+03
2.962532579419733793e+03
2.806881297112816810e+03
2.669608375650967446e+03
2.554581410417112693e+03
2.462103171811839275e+03
2.390340712957571668e+03
2.336323243030091817e+03
2.296594208516966319e+03
2.267894096650207757e+03
2.247317227775770334e+03
2.232595199336292353e+03
2.221963941393943514e+03
2.214169218191263553e+03
2.208296299285080750e+03
2.203760907588121881e+03
2.200280567234744467e+03
2.509649960409167306e+03
2.577587953243361426e+03
2.663702077449542685e+03
2.771831210449795890e+03
2.904594048608139019e+03
3.060670132967320569e+03
3.232424909726657006e+03
3.404678401978453167e+03
3.555900189616440002e+03
3.662828130632919056e+03
3.706458408379587127e+03
3.677492221562586110e+03
3.578850543566220949e+03
3.424113681493533477e+03
3.233419674255701921e+03
3.026718053826859432e+03
2.823022973337438998e+03
2.635479854599740975e+03
2.472027449437427094e+03
2.336432186967195321e+03
2.228378445009223924e+03
2.145153341911962798e+03
2.082811720642273485e+03
2.036994174501275893e+03
2.003963780206712045e+03
1.980336740020915613e+03
1.963326381119614098e+03
1.950999250242612106e+03
1.941986316087107298e+03
1.935219541210341731e+03
1.929997340067514870e+03
1.925998642649880821e+03
2.558230584125070891e+03
2.634978019884552396e+03
2.731848119862587282e+03
2.852579488771501019e+03
2.999162904311878719e+03
3.169167068375581948e+03
3.353109479015759462e+03
3.533649553719660162e+03
3.686304875369084584e+03
3.785528479041043283e+03
3.810684238642673336e+03
3.752960850011140792e+03
3.616846162045960682e+03
3.418692957728654619e+03
3.182411233983597867e+03
2.932839556696357704e+03
2.689802740394215562e+03
2.468756452754400016e+03
2.278389110726503077e+03
2.121648903680666990e+03
1.997540486635336492e+03
1.902483163817066725e+03
1.831523503292924943e+03
1.779568640354216996e+03
1.742141761909987281e+03
1.715285232123997730e+03
1.695940957628486558e+03
1.682019625166498827e+03
1.671759936104108647e+03
1.664144563664774068e+03
1.658355028461900702e+03
1.653908970158032162e+03
2.628762082050879144e+03
2.715647328401434606e+03
2.824602680015830174e+03
2.959359380162069101e+03
3.121087474977001875e+03
3.305946879760010688e+03
3.502953891495793869e+03
3.691854134522895947e+03
3.845770495266559919e+03
3.936325599620109642e+03
3.941810064987777878e+03
3.853700030024697753e+03
3.678097860368412967e+03
3.435613073776672991e+03
3.153184330593751383e+03
2.859283904782410445e+03
2.576956888526159673e+03
2.322494217412620401e+03
2.105297382034954808e+03
1.927787258541258780e+03
1.788232358289095600e+03
1.681801837728985902e+03
1.602773479675661292e+03
1.545051014014119573e+03
1.503474523649726734e+03
1.473732753394194560e+03
1.452433042466317374e+03
1.437053421408659233e+03
1.425914240597820026e+03
1.417543572435969509e+03
1.411325623560312579e+03
1.406582408786345468e+03
2.729888020075212353e+03
2.826202096645023630e+03
2.947690733955728319e+03
3.096555896476335874e+03
3.273321354670840265e+03
3.472779700671087085e+03
3.681960335057398424e+03
3.878359632679251717e+03
4.032204250147020502e+03
4.112862705561668008e+03
4.097722225850778159e+03
3.977904125388897683e+03
3.762959392843058140e+03
3.475871122096674753e+03
3.147848087218646015e+03
2.810484194136733095e+03
2.490005795258255148e+03
2.203496271303329195e+03
1.960783506729526380e+03
1.763888887692012986e+03
1.609992186506068492e+03
1.493287685870228643e+03
1.406915505317535917e+03
1.344340831997033547e+03
1.299278635845163308e+03
1.267185414381096280e+03
1.244357593119577814e+03
1.227968078330283788e+03
1.216102661296297129e+03
1.207393913496674713e+03
1.200929228884729127e+03
1.196050015102489624e+03
2.859750128338131617e+03
2.967353683278881363e+03
3.100471975043804832e+03
3.262183159948922366e+03
3.452197322639778577e+03
3.664135185828461090e+03
3.883279936791974251e+03
4.084402547103937195e+03
4.236002133685859008e+03
4.305180531077847263e+03
4.268316362883965667e+03
4.117352440104813468e+03
3.863545210102513010e+03
3.533731566796488551e+03
3.162131047609767847e+03
2.784151830602593691e+03
2.427641430312725788e+03
2.111494678429513897e+03
1.845405876618453931e+03
1.630915610775323785e+03
1.464363889568774084e+03
1.338798115680379397e+03
1.246445049164983629e+03
1.179741774583178312e+03
1.132137883548239870e+03
1.098345158112947502e+03
1.074438273944502043e+03
1.057427977320493937e+03
1.045263998419887457e+03
1.036361891460757988e+03
1.029879617213540314e+03
1.025036126734494246e+03
3.015661016630392623e+03
3.131750860034533162e+03
3.274270156909989964e+03
3.446275588920356768e+03
3.646444863569381141e+03
3.867216459293516891e+03
4.092197677550627759e+03
4.294870069649856305e+03
4.441311829949810090e+03
4.497617621069362031e+03
4.438842685902771336e+03
4.258168900665657020e+03
3.968689970686266406e+03
3.598485508545947141e+03
3.187629177761990832e+03
2.772522611027125549e+03
2.383870567471740287e+03
2.041477493628197863e+03
1.755132320597832404e+03
1.525731284127201889e+03
1.348633816455324450e+03
1.216040621339427162e+03
1.119120679097609354e+03
1.049469150997492534e+03
1.000175509154223050e+03
9.653213280506988667e+02
9.408436709319033753e+02
9.236143074318837307e+02
9.113545939654006816e+02
9.026078214340872137e+02
8.962234046535460266e+02
8.915811377388996561e+02
3.181112341773113258e+03
3.303436389490355396e+03
3.452962006138613106e+03
3.631612239002115530e+03
3.837776817232359917e+03
4.062695598491560304e+03
4.289188298312836196e+03
4.489214708252808123e+03
4.628012874206879133e+03
4.670330883995281511e+03
4.591292227503111462e+03
4.383588493170523179e+03
4.062453631820619194e+03
3.658842075281133020e+03
3.213873425902967938e+03
2.767322523483761415e+03
2.351641858910541487e+03
1.987562117327883470e+03
1.684864885161248594e+03
1.443644307560796506e+03
1.258625463755493911e+03
1.120907758586065256e+03
1.021011377175184407e+03
9.496843804159507272e+02
8.995484751834052304e+02
8.644488577622086041e+02
8.400087345616047969e+02
8.229665826936767417e+02
8.109262885080297565e+02
8.024796664765394780e+02
7.964348320648444997e+02
7.920485165926265836e+02
3.336196211160551684e+03
3.462488875860751250e+03
3.615801332474945866e+03
3.797402490513759403e+03
4.004794929536293694e+03
4.229310219204218811e+03
4.452664142919776168e+03
4.646409882687728896e+03
4.775631010379307554e+03
4.804640240151384205e+03
4.707836693605453547e+03
4.478258596078467235e+03
4.132142807185365200e+03
3.701186076685261014e+03
3.229991205006763721e+03
2.758864321781985836e+03
2.322810093884541857e+03
1.942917439006133236e+03
1.627983454501395272e+03
1.379034518561649293e+03
1.189100656917672495e+03
1.048702425014699884e+03
9.475375967135656765e+02
8.759732008401571193e+02
8.260111123015525436e+02
7.913802657050704283e+02
7.674577829561337694e+02
7.509310601895176660e+02
7.394683840969549919e+02
7.314784296596436661e+02
7.258870391505389534e+02
7.219230961452295787e+02
3.461118767225658758e+03
3.589222497067332824e+03
3.743108631858568515e+03
3.924082262503894526e+03
4.129109995255776084e+03
4.348335812781751883e+03
4.564185280174160653e+03
4.749021858115677787e+03
4.867353593867405834e+03
4.884119878464903195e+03
4.773294150997181532e+03
4.528740059913128789e+03
4.165144055409903558e+03
3.716200592293882892e+03
3.227107552887660404e+03
2.740490283190763876e+03
2.291062300347315158e+03
1.900656537401749119e+03
1.579243143253977451e+03
1.326239229106875655e+03
1.134480096467187650e+03
9.937641196532878212e+02
8.931199129804309678e+02
8.225951422422700716e+02
7.738744412141728617e+02
7.404254500729618940e+02
7.175969757288752362e+02
7.020532236444435057e+02
6.914465380882460295e+02
6.841511474659064334e+02
6.791068828779526712e+02
6.756321219325888023e+02
3.541663304690624955e+03
3.669024102485862841e+03
3.821282094500510084e+03
3.998233684302387246e+03
4.196667369471746497e+03
4.407131008539294271e+03
4.612708697645238317e+03
4.786174023283815586e+03
4.893934868978334634e+03
4.900375019778727619e+03
4.780526518495646997e+03
4.527075321903355871e+03
4.154977514605368015e+03
3.697604639188284182e+03
3.199896757076514859e+03
2.705863680783945711e+03
2.250500618488670625e+03
1.856448873340650607e+03
1.533144730815059120e+03
1.279996047140210976e+03
1.089546315547356926e+03
9.507321721791860227e+02
8.523457086811283716e+02
7.840514666325624376e+02
7.373705983669495936e+02
7.058420414840626336e+02
6.845619094050230160e+02
6.703174849325464493e+02
6.607439342085378939e+02
6.543092814497630343e+02
6.499669231911739189e+02
6.470259674686177505e+02
