6.127489094409045833e+01
6.124634808674326081e+01
6.126982909577774450e+01
6.138058229391030096e+01
6.161753595453104282e+01
6.198832692960739621e+01
6.248190909411642480e+01
6.306277038773724541e+01
6.368438410169171959e+01
6.429913804172717562e+01
6.488641610671268722e+01
6.542571016490428804e+01
6.589839972317683703e+01
6.633038895798814849e+01
6.671062530752656983e+01
6.704275083644806443e+01
6.733000794334979844e+01
6.757838173646483426e+01
6.778347586091621224e+01
6.795096334993979781e+01
6.807626883962133491e+01
6.817420706614781523e+01
6.824305770583725916e+01
6.829016158847257145e+01
6.832074465070458302e+01
6.833862805119754569e+01
6.834918259261559115e+01
6.835587312215794498e+01
6.835696100585478518e+01
6.835457333784633249e+01
6.835169298014591277e+01
6.834991942029508039e+01
6.123805135341226702e+01
6.118713551855937993e+01
6.119393559120419468e+01
6.131099564088402332e+01
6.158147193397879704e+01
6.202745425176177463e+01
6.262767794705857938e+01
6.334696252043292475e+01
6.413120870041163357e+01
6.492597458326734738e+01
6.569202329358398629e+01
6.640218111110065990e+01
6.705262626613335897e+01
6.763784148896803572e+01
6.815873320143074920e+01
6.861457656002048111e+01
6.901277499806462856e+01
6.934724702472313140e+01
6.962161047310230799e+01
6.983285123963619867e+01
6.999541272821522853e+01
7.011195380992133153e+01
7.019006763246247260e+01
7.023964313650294855e+01
7.027306171116308064e+01
7.028394593369266374e+01
7.028553816592622638e+01
7.028359663894843834e+01
7.027801105707408169e+01
7.026904059882501485e+01
7.026380868445014016e+01
7.025603467312605233e+01
6.121460401851745559e+01
6.113650020205200519e+01
6.112158626394300853e+01
6.123767940342515459e+01
6.153787826153693885e+01
6.204476811521793422e+01
6.275787877105815227e+01
6.362968787066318299e+01
6.459832165036459628e+01
6.559547427637168937e+01
6.657207607752985723e+01
6.748937777633214807e+01
6.833163421146323913e+01
6.908992614528503395e+01
6.976558487797726116e+01
7.035197575308964701e+01
7.085416752123700235e+01
7.127408158176520203e+01
7.160045498132959096e+01
7.185597726532223817e+01
7.203609666189258576e+01
7.215559397512049600e+01
7.223385103004899577e+01
7.227677397292077899e+01
7.229056507995794334e+01
7.229060068126685223e+01
7.227525394778508883e+01
7.226187318053004560e+01
7.224213182808259148e+01
7.222295582736927599e+01
7.220557785809187124e+01
7.218988361833196166e+01
6.119290178079019427e+01
6.107337729321425002e+01
6.103253124091381920e+01
6.113633536137126612e+01
6.145387097986480995e+01
6.202034214961962988e+01
6.284454497835030651e+01
6.387054633357956135e+01
6.503018265905181750e+01
6.623822672780106302e+01
6.743391859001268074e+01
6.856638570738091687e+01
6.960274703340050451e+01
7.053451833435961760e+01
7.135279456676558141e+01
7.205641569582886063e+01
7.264469482830179459e+01
7.311731830809286237e+01
7.348079007797275608e+01
7.373703108582533616e+01
7.391436042069386758e+01
7.401998046112559848e+01
7.407361200017540170e+01
7.408961618551212780e+01
7.407693515873505419e+01
7.405000229168923909e+01
7.401321288326083447e+01
7.397600230949443301e+01
7.393431086186375012e+01
7.389931125866002048e+01
7.386553883107478669e+01
7.383728152056086458e+01
6.113808806402419549e+01
6.098162009318196652e+01
6.089831819153111780e+01
6.098006993062038816e+01
6.130558965057892351e+01
6.192443197066067739e+01
6.284441321488074550e+01
6.401389201150216479e+01
6.535647763837037871e+01
6.677166026257225440e+01
6.817070435096206893e+01
6.949452145871917708e+01
7.070486428142372404e+01
7.177701454239497991e+01
7.270286066242907452e+01
7.348065669368361341e+01
7.410340227144337177e+01
7.458693016272638943e+01
7.493907899860931821e+01
7.517177463037417340e+01
7.531201642637508087e+01
7.537261628177768102e+01
7.537589668564564249e+01
7.534796194340752606e+01
7.529441043975161563e+01
7.523433492992755589e+01
7.516400636626279663e+01
7.509963147474191203e+01
7.503811120849881888e+01
7.498225327467500279e+01
7.493300443702742086e+01
7.488978164437347118e+01
6.102457807291629877e+01
6.082026189024398377e+01
6.069678804925774784e+01
6.075046872510293383e+01
6.107243178727939181e+01
6.172878890608471636e+01
6.272618753875164543e+01
6.402374938628119594e+01
6.552265441421828029e+01
6.711039993089775635e+01
6.868013184057289777e+01
7.015340372893611232e+01
7.147614519108957154e+01
7.262460259943554775e+01
7.359215261619985426e+01
7.437564679314304783e+01
7.498187455683736857e+01
7.541921175104407382e+01
7.571325930386866787e+01
7.587971901952852249e+01
7.594804163140437936e+01
7.594514661038036252e+01
7.589558594720733709e+01
7.581243928172143853e+01
7.572111171230790205e+01
7.562143196123756184e+01
7.551982258598367537e+01
7.543054109160439680e+01
7.535129017530138640e+01
7.527988039876198911e+01
7.521918061094885388e+01
7.517145019407014672e+01
6.080133886099794438e+01
6.055312846035899810e+01
6.039860221703087717e+01
6.042163517912256054e+01
6.073359098117522592e+01
6.141646362585417052e+01
6.247949879614742486e+01
6.387298531944635727e+01
6.549288827828030435e+01
6.720393400640520554e+01
6.888295574294473056e+01
7.043661407276634634e+01
7.180493471298814256e+01
7.295694470326976955e+01
7.388799567769565613e+01
7.460777245895620524e+01
7.512779066764865377e+01
7.547372818307839282e+01
7.567305054915402707e+01
7.575139063011135931e+01
7.574276761855583118e+01
7.567562793340526639e+01
7.557491666243333839e+01
7.545135159116176737e+01
7.533220282271597057e+01
7.521155347197347396e+01
7.510338394559536823e+01
7.500549502575384508e+01
7.492303443313467426e+01
7.485245722972419458e+01
7.479111888827850407e+01
7.474617200127025285e+01
6.041013315226706482e+01
6.013455453676585449e+01
5.994414146743239513e+01
5.994676504927019778e+01
6.025987382975445428e+01
6.096219488595779978e+01
6.207769869597874646e+01
6.354439727944988192e+01
6.524628334610274294e+01
6.703142020206188079e+01
6.875930383434339888e+01
7.032018793835430870e+01
7.165378272158910988e+01
7.273199350406737551e+01
7.356433750728633925e+01
7.416438900870420525e+01
7.456576551053706226e+01
7.479406641070286810e+01
7.488969193243184463e+01
7.488565762365276157e+01
7.481946741496494724e+01
7.471720550308124587e+01
7.459614409621551090e+01
7.447628912181285443e+01
7.436686037823376694e+01
7.426661136291566834e+01
7.418125658800700251e+01
7.411174996301802764e+01
7.405174679403968696e+01
7.400230211926999857e+01
7.396631403986913256e+01
7.393234579066519530e+01
5.979396683632438680e+01
5.950419057618703533e+01
5.929766958077581762e+01
5.929754821111841068e+01
5.962035755923997726e+01
6.035690023840015073e+01
6.151893301349458199e+01
6.304438404924508887e+01
6.479642605795433496e+01
6.661350895638638292e+01
6.833097020314421854e+01
6.984169034322519565e+01
7.108009206336579666e+01
7.203865442478689829e+01
7.272804765448223918e+01
7.318673135822821507e+01
7.345277164758464039e+01
7.357404016135892277e+01
7.359261841683942862e+01
7.354913190111096810e+01
7.347216875335779207e+01
7.339136504978040421e+01
7.332013814901876003e+01
7.326034553250086390e+01
7.321971583206261869e+01
7.319265787104551180e+01
7.317712517335255029e+01
7.317113733331058256e+01
7.316966425450250711e+01
7.317470043259677936e+01
7.317926072710197616e+01
7.318521453514748032e+01
5.891808199825817383e+01
5.862397083582411028e+01
5.842502229927259094e+01
5.844945137740307928e+01
5.881174041696413468e+01
5.960412415785449980e+01
6.082800948116720008e+01
6.241041987407416514e+01
6.420245763468943778e+01
6.601934757176682922e+01
6.769745475658257305e+01
6.911783774432950622e+01
7.022836984511729952e+01
7.103627640680720390e+01
7.156491597790231651e+01
7.187743441409716638e+01
7.203087143677485926e+01
7.207498045283533372e+01
7.206562132796848630e+01
7.203862912832663312e+01
7.202610879446844194e+01
7.203373986964260212e+01
7.207379836488931346e+01
7.214411313794288105e+01
7.223358806604065308e+01
7.233430341124683594e+01
7.243623270406575898e+01
7.253603128481782392e+01
7.262537409228900742e+01
7.270637430951300928e+01
7.277440931086161413e+01
7.283519634763510453e+01
5.778347005464004127e+01
5.750965977955947750e+01
5.735421614695852810e+01
5.743459683112843095e+01
5.787062695380078736e+01
5.874794149508191765e+01
6.005819893202190229e+01
6.171213854413893785e+01
6.354376672263003911e+01
6.535376727652841566e+01
6.697175822598769912e+01
6.828291203867580350e+01
6.924673935577621364e+01
6.988569347844416768e+01
7.025326949974940760e+01
7.042532530796412971e+01
7.047921125305273904e+01
7.048189049717507260e+01
7.048396108166075180e+01
7.052774443999170728e+01
7.062431462778755531e+01
7.078462367584414494e+01
7.099354161617065984e+01
7.123836764758797813e+01
7.149933655533787658e+01
7.176063093388584946e+01
7.201215858474355969e+01
7.223869322630380907e+01
7.244232885865777405e+01
7.261309273149535670e+01
7.275850247910410928e+01
7.287398718970068501e+01
5.645622584316738113e+01
5.623181615920012177e+01
5.614212199406060222e+01
5.631269206926643989e+01
5.686095560569146556e+01
5.785612207267837448e+01
5.928434814634555039e+01
6.103069459272502684e+01
6.291013147737021427e+01
6.471321032600430101e+01
6.625910954979913470e+01
6.744041377222693256e+01
6.822934795389308249e+01
6.867422210912465630e+01
6.885170680378691088e+01
6.886825315966117955e+01
6.881536326937597892e+01
6.876597049495853753e+01
6.878735883956682073e+01
6.890364230481858954e+01
6.912838677406206500e+01
6.944495317543083956e+01
6.983164801100936359e+01
7.026016047976517598e+01
7.070360385097433209e+01
7.112858181778494782e+01
7.152941885189497384e+01
7.188546678427128711e+01
7.219535920625621372e+01
7.245388512967230099e+01
7.266902803443873893e+01
7.284143464614724905e+01
5.503114467290888001e+01
5.486629612229960884e+01
5.486720784604023748e+01
5.515831934392835478e+01
5.584635729137546889e+01
5.699627050602458667e+01
5.856418996628456597e+01
6.041868488930700920e+01
6.235298555750632943e+01
6.413680793098350819e+01
6.558662704750680916e+01
6.659832323531729514e+01
6.716289023686363180e+01
6.735033722538747725e+01
6.727354614906090546e+01
6.705911452800697248e+01
6.683241396768673326e+01
6.667427650892240365e+01
6.665426426848509323e+01
6.679403736751596909e+01
6.709094384404845357e+01
6.752150167444094109e+01
6.804631593646047349e+01
6.861979222774101572e+01
6.920066690297507250e+01
6.976064177923318255e+01
7.028017960391687780e+01
7.073514031633345667e+01
7.112689300999251429e+01
7.144857013876504936e+01
7.171791953352901317e+01
7.193226774628121234e+01
5.358003097928433078e+01
5.349188642687393980e+01
5.360464460951602206e+01
5.403695958366994745e+01
5.489331404152419935e+01
5.621446524575372905e+01
5.794542166554420248e+01
5.991708655780783488e+01
6.189509189967817093e+01
6.363040063829971871e+01
6.493828975700169792e+01
6.570939024992024713e+01
6.596222143312137121e+01
6.579093427711534048e+01
6.534443272968171357e+01
6.478930255587788167e+01
6.426121316331830258e+01
6.387948426524388879e+01
6.370448299148343096e+01
6.376251113779451885e+01
6.403286269708777922e+01
6.448406849455066947e+01
6.505867160424745066e+01
6.569663727076842008e+01
6.635105063677281123e+01
6.698210840056270854e+01
6.755898721192505718e+01
6.806687699096148947e+01
6.850001729870670886e+01
6.885637169678834368e+01
6.914821347344471292e+01
6.937866104147829560e+01
5.217449445226557003e+01
5.218141353555819251e+01
5.242340086739938698e+01
5.301942926582840698e+01
5.406663079126899163e+01
5.558514327161093149e+01
5.748960180617262239e+01
5.957692362091091098e+01
6.158170095630109842e+01
6.323000555198932915e+01
6.432153166541451128e+01
6.476807706299413780e+01
6.459822984997741457e+01
6.394176710255985085e+01
6.299223929743859429e+01
6.194995695655361345e+01
6.098288815393280515e+01
6.023252970895275382e+01
5.976650026528826487e+01
5.960558715877687774e+01
5.973054265404993401e+01
6.008538060347402165e+01
6.060342693630065014e+01
6.121281411433011499e+01
6.185444214842348032e+01
6.247978286858055696e+01
6.305184174171752431e+01
6.355910445011735987e+01
6.398472483114646536e+01
6.434043303879194298e+01
6.462659742575611688e+01
6.485049561041212485e+01
5.087678642156125619e+01
5.100738353260340574e+01
5.140918157741695893e+01
5.220338678858751535e+01
5.347673340525878416e+01
5.522190981634414442e+01
5.731530950673016633e+01
5.951585579390554415e+01
6.152312195602899436e+01
6.304026306513292610e+01
6.385459779687013793e+01
6.388112315388957541e+01
6.317927983553576610e+01
6.191931743868975957e+01
6.033722830299058870e+01
5.867694506678105881e+01
5.713947973100239608e+01
5.588913723481441309e+01
5.500491310551394264e+01
5.451304565424669590e+01
5.437538328868807014e+01
5.453358794302661749e+01
5.489822307852163874e+01
5.539375689162324079e+01
5.594484814169217657e+01
5.649830368443632267e+01
5.701352582891011878e+01
5.747147680554362381e+01
5.785873456976256080e+01
5.817554066857458395e+01
5.843222728143898337e+01
5.863202893124201154e+01
4.978892355148274618e+01
5.008552788352468355e+01
5.069942153961417119e+01
5.174286530269690587e+01
5.328244348654543217e+01
5.528741333825519888e+01
5.758969833855115894e+01
5.990461414260362005e+01
6.189525163714543510e+01
6.323957771568785802e+01
6.371346875128378429e+01
6.325387832229493767e+01
6.194083653140229018e+01
5.998887911481567414e+01
5.768188220250603138e+01
5.530637142515701754e+01
5.311213383707308111e+01
5.127366789526490010e+01
4.988879191664005219e+01
4.897980918987185817e+01
4.850805775289357769e+01
4.839433260657113323e+01
4.854677655306033301e+01
4.886849852791604576e+01
4.928272972036959487e+01
4.972159016096766493e+01
5.014326073408553697e+01
5.052462443615312537e+01
5.084720186715507850e+01
5.111075257019742679e+01
5.131978903198603348e+01
5.148695375234625260e+01
4.907006868523239973e+01
4.958801018476990663e+01
5.046525196740856245e+01
5.180649563095857246e+01
5.365713985907561323e+01
5.594809506639580832e+01
5.846787160627872026e+01
6.089131128873148668e+01
6.284274309812962400e+01
6.398115008299622275e+01
6.408336639864866413e+01
6.308817257820303581e+01
6.111625929011648140e+01
5.842638839481203661e+01
5.535160835484275310e+01
5.222142860789698204e+01
4.932736148479754235e+01
4.686923699004926647e+01
4.494974263673569226e+01
4.359533614220833897e+01
4.276041307677815695e+01
4.235383382593114732e+01
4.226746126865678832e+01
4.239643062670885598e+01
4.265376089293292239e+01
4.296563232602047577e+01
4.328371748041013944e+01
4.357466025206129245e+01
4.382686943956793613e+01
4.403405275074529612e+01
4.419543876536382498e+01
4.432179206176273567e+01
4.891809417418923545e+01
4.969795363665012644e+01
5.087657232337360114e+01
5.254439680405474178e+01
5.471905677880405960e+01
5.729276703137189486e+01
6.001495907791311168e+01
6.252120114565875753e+01
6.439968550767001432e+01
6.529606980102796854e+01
6.499288798883081597e+01
6.344724188043361579e+01
6.080900273472833817e+01
5.737722143907009809e+01
5.353395654423530203e+01
4.966878052818749012e+01
4.608712347709706592e+01
4.302335793874235037e+01
4.059149551086596119e+01
3.881211815101035967e+01
3.762975489006036156e+01
3.694569517246225843e+01
3.663797788771854869e+01
3.658880815930734087e+01
3.670155686249420057e+01
3.689572888384183358e+01
3.711355841518460608e+01
3.732912625298528297e+01
3.751648580261443300e+01
3.767067371395894781e+01
3.779346088435386974e+01
3.788591839671495620e+01
4.947896169731018290e+01
5.052802039232884823e+01
5.200531649142575930e+01
5.398245236218557608e+01
5.645059441971358183e+01
5.926492296977156826e+01
6.213502732368994685e+01
6.466869899621076456e+01
6.642951930798628268e+01
6.705469607405491672e+01
6.632950103265081054e+01
6.423321956096343399e+01
6.094232316012354289e+01
5.680749612583223751e+01
5.224689316522083260e+01
4.769124520781348764e+01
4.348524014463779253e+01
3.987520907086621946e+01
3.698885616122025510e+01
3.484077596524632980e+01
3.336697569511908767e+01
3.245331433006765565e+01
3.196740623332335929e+01
3.177800823524042784e+01
3.177651617065253120e+01
3.188148609192064242e+01
3.202973412459891023e+01
3.218417579045212307e+01
3.232483387082623949e+01
3.244012270100360951e+01
3.253313045735193754e+01
3.260068953306790007e+01
5.073595233487153422e+01
5.202581014114763747e+01
5.375217247270565224e+01
5.597427325532638775e+01
5.866010494322137703e+01
6.163500435544025891e+01
6.457967292801795622e+01
6.707045741206445655e+01
6.866573049157595676e+01
6.899444319341881737e+01
6.784723744904692921e+01
6.522558857594361825e+01
6.133668897672454534e+01
5.656123878761054868e+01
5.136312940698172014e+01
4.620151509985032590e+01
4.146127998024502403e+01
3.739620838438003148e+01
3.414087195284322718e+01
3.170433751073092665e+01
3.001283961843703807e+01
2.893564674959498007e+01
2.832752344217264806e+01
2.804977853858318682e+01
2.797888322938764816e+01
2.803040263154407441e+01
2.813581515115418341e+01
2.825832647898327821e+01
2.837110007598650085e+01
2.846677636991907079e+01
2.854168227580183981e+01
2.859464601554159557e+01
5.248033994802762692e+01
5.393124494469348207e+01
5.582631041271793038e+01
5.820570399034183140e+01
6.101351060842116425e+01
6.405543192903544991e+01
6.699514731010836499e+01
6.938278314738512620e+01
7.078049392539112716e+01
7.080985387733910841e+01
6.927357553453866501e+01
6.618199477113157059e+01
6.177509418495011317e+01
5.645826597311180706e+01
5.072643937264093950e+01
4.507856203734616685e+01
3.991160555217313544e+01
3.549682322421329417e+01
3.196925937930965844e+01
2.933355895449206230e+01
2.750267416629887762e+01
2.633283369891199754e+01
2.566679175051983108e+01
2.534936691802564113e+01
2.525502329394741707e+01
2.528763118928285181e+01
2.538191052823989580e+01
2.549406268096544181e+01
2.560010863398161263e+01
2.568924161332983402e+01
2.575877603079190337e+01
2.580925254779945988e+01
5.431199655925903613e+01
5.585684428933251411e+01
5.783974887399509868e+01
6.028567944256982258e+01
6.312951038982640739e+01
6.615802586561382270e+01
6.902686346255501348e+01
7.128805761083144432e+01
7.248733062520730641e+01
7.225756533499914269e+01
7.039457900131986889e+01
6.693000770515443776e+01
6.211510800045802938e+01
5.637135326539399927e+01
5.024014711794254140e+01
4.422495577224930230e+01
3.875082934175374305e+01
3.409433593987039046e+01
3.039457362249616068e+01
2.764762243911549433e+01
2.575419760219035226e+01
2.455707449880694426e+01
2.388506240156522509e+01
2.357445353394376397e+01
2.349452196373181678e+01
2.353962056167021544e+01
2.364596724979303133e+01
2.376601544114766895e+01
2.388021567320532057e+01
2.397650051719813646e+01
2.405055008534439409e+01
2.410444281288373958e+01
5.585442097876009626e+01
5.743106133629244425e+01
5.943299743750223030e+01
6.187584804994280319e+01
6.468767037813157117e+01
6.765499556217901045e+01
7.042828659829713445e+01
7.255943354919141086e+01
7.359898213826701863e+01
7.317202092964218707e+01
7.108936494025972763e+01
6.736530266782278886e+01
6.227633923450181186e+01
5.625812794952015139e+01
4.985795930284113098e+01
4.360340902833266341e+01
3.793535953960643070e+01
3.314357107235884570e+01
2.936080356419796189e+01
2.657643330617022315e+01
2.468200312282626285e+01
2.350814725947845929e+01
2.287448403334864011e+01
2.260581081236734491e+01
2.256428716697453751e+01
2.264632849341753840e+01
2.278032074960728082e+01
2.292533055621630922e+01
2.305735107738959400e+01
2.316708264561731667e+01
2.325375123091669849e+01
2.331577883244585436e+01
5.684239058534695488e+01
5.841316258495609048e+01
6.039137360605597848e+01
6.279020420838051564e+01
6.553301322321154032e+01
6.841362370658207226e+01
7.108865568155921721e+01
7.311613010377975286e+01
7.405140199498207210e+01
7.352013508467116765e+01
7.132436952954819276e+01
6.747604121246658337e+01
6.225520346481717837e+01
5.609089799249659336e+01
4.955854409503425728e+01
4.318335775608707650e+01
3.743265447534738399e+01
3.259624644312218322e+01
2.879712893542932406e+01
2.603675682707980243e+01
2.418992567976864549e+01
2.307898815797117109e+01
2.250813963949152807e+01
2.230405936899966690e+01
2.232029233601605966e+01
2.244759090251233857e+01
2.261997661038814300e+01
2.279757412700849883e+01
2.295151259189425019e+01
2.307921015567895751e+01
2.317991153903478008e+01
2.325341788311817837e+01
5.719840972940083645e+01
5.873955552697700000e+01
6.067169325575586214e+01
6.300550339413474177e+01
6.566669192281990775e+01
6.845192724291170805e+01
7.103436507558963342e+01
7.299054860028020641e+01
7.387511815916107594e+01
7.332074475798518165e+01
7.111694512441242466e+01
6.727833851670378351e+01
6.205191419428307142e+01
5.587697021842894429e+01
4.932800906357740445e+01
4.294903337679322419e+01
3.719916165070128500e+01
3.237860809371550630e+01
2.862843512885763886e+01
2.592990676077023338e+01
2.415681762756818429e+01
2.312713555277007771e+01
2.263768492382892816e+01
2.250576052126687898e+01
2.258663796726358086e+01
2.276815523550990150e+01
2.298378711455084655e+01
2.319190171349229246e+01
2.337348192298069094e+01
2.351993927366687487e+01
2.363429698828640824e+01
2.371978180497906763e+01
5.699610525581768883e+01
5.850004507855887681e+01
6.037812964926904158e+01
6.263594522478189219e+01
6.520492884310723980e+01
6.789111275760456010e+01
7.038968459268473055e+01
7.229320062947310532e+01
7.317598921609221918e+01
7.266209894759381882e+01
7.053969975224386246e+01
6.679921648011718105e+01
6.167944912614586173e+01
5.560669687601805578e+01
4.914029719000019725e+01
4.283691650531815043e+01
3.715623069778600751e+01
3.241293289219049001e+01
2.874132698019492338e+01
2.613001715676557879e+01
2.445208779616427108e+01
2.351208707924028829e+01
2.310759656128362494e+01
2.305000616633131827e+01
2.319326433777563068e+01
2.342973919047723186e+01
2.368429531488669681e+01
2.392533063726579812e+01
2.413042021206364041e+01
2.429790862861497303e+01
2.442474233374025161e+01
2.452077269259192249e+01
