29.40  70.10   9.956  39.449     65.401  33.936    5.013   0.188
29.40  70.10   5.949   0.046     23.637  23.277    5.515   0.250
29.40  70.10   4.676   1.145     14.847  15.716    4.510   0.167
29.40  70.10   4.530   0.654     14.847  18.719    5.011   0.125
29.40  70.10   4.404   0.319     14.847  15.707    3.508   0.188
29.40  70.10   4.217   3.013     12.587  16.202    4.010   0.146
29.40  70.10   4.008   0.478     12.587  15.694    4.510   0.146
29.40  70.10   3.882   1.027     12.587  10.678    5.012   0.125
29.40  70.10   3.716   2.942     10.344  14.682    5.011   0.146
29.40  70.10   3.444   0.075     10.344  10.663    5.013   0.209
29.40  70.10   2.818   0.762      8.332   8.638    6.516   0.209
29.40  70.10   1.232   2.722      2.194   4.575    5.514   0.146
29.40  70.10   0.752   2.887      2.194   2.554    4.511   0.146
29.40  70.10   0.419   0.876      1.028   4.548    4.011   0.250
29.40  70.10   3.173   0.696      8.332  10.654    6.515   0.229
29.40  70.10   8.661  13.022     42.667  24.871    5.012   0.250
29.40  70.10   8.328   3.138     42.667  33.380    5.513   0.313
19.00  69.80  14.589  425.268     99.690  39.842    2.902   0.317
19.00  69.80  13.657  134.211     83.268  52.734    2.639   0.254
19.00  69.80  12.288  209.646     60.746  30.264    2.110   0.211
19.00  69.80  11.655  46.362     44.952  27.077    2.638   0.232
19.00  69.80   9.441  48.516     21.630   5.104    2.374   0.232
19.00  69.80   8.025   2.053     12.777   9.011    2.637   0.211
19.00  69.80   7.200   0.901     10.950  11.093    3.165   0.211
19.00  69.80   6.777   2.472     10.950  13.716    2.637   0.190
19.00  69.80   6.080   3.507      8.614  13.427    2.638   0.190
19.00  69.80   5.045   3.434      6.203  11.544    2.902   0.211
19.00  69.80   4.201   3.042      4.455   7.822    2.638   0.169
19.00  69.80   2.448   1.547      2.101   5.913    3.165   0.169
10.90  63.60  12.248   9.079     189.670  169.468    7.175   0.231
10.90  63.60  11.891  23.356     189.670  155.135    7.175   0.252
10.90  63.60  11.261  30.418     175.384  143.423    5.870   0.273
10.90  63.60  11.008  41.054     160.432  118.652    6.521   0.168
10.90  63.60  10.987  79.137     160.432  108.218    5.870   0.189
10.90  63.60   9.790  20.697     123.152  91.314    7.174   0.210
10.90  63.60   9.244   6.342     92.653  71.772    9.130   0.231
10.90  63.60   6.303   1.188     49.383  43.204    9.130   0.231
10.90  63.60   4.097   0.562     22.531  26.996    7.173   0.231
5.10  60.30  13.088  108.017     56.113  29.181    2.594   0.186
5.10  60.30  12.921  66.878     56.113  31.070    3.066   0.186
5.10  60.30  11.799   1.656     41.148  38.163    3.538   0.207
5.10  60.30   8.930   7.371     16.929   9.906    2.594   0.331
5.10  60.30   8.847  12.281     16.929   9.908    2.359   0.082
5.10  60.30   8.517   2.774     15.251  10.149    3.066   0.227
5.10  60.30   8.226   1.573     13.877  12.276    2.594   0.207
5.10  60.30   8.184   1.966     13.877  12.277    1.887   0.165
5.10  60.30  14.054  441.194     73.985  34.354    1.887   0.640
5.10  60.30  13.954  331.322     73.985  31.054    2.359   0.186
5.10  60.30  13.646  255.967     66.600  28.936    2.359   0.145
5.10  60.30  11.860   0.564     41.148  39.813    1.887   0.558
5.10  60.30  12.130   3.862     41.148  38.394    1.415   0.476
5.10  60.30  12.089   4.915     41.148  36.979    1.887   0.476
5.10  60.30  11.945   7.123     41.148  36.746    1.651   0.475
5.10  60.30  11.014   3.975     34.180  38.411    2.123   0.290
5.10  60.30  11.595   0.260     35.821  34.629    2.594   0.434
5.10  60.30  11.763  15.951     41.148  31.796    2.358   0.497
5.10  60.30  11.476   3.739     35.821  29.442    3.302   0.288
5.10  60.30  10.819  14.161     34.180  24.499    2.594   0.372
5.10  60.30  10.513  17.741     29.249  19.316    2.358   0.228
5.10  60.30  10.498  72.472     29.249  13.184    1.887   0.227
5.10  60.30  10.768  96.441     34.180  11.057    2.358   0.413
5.10  60.30  10.562  97.856     29.249  10.588    1.887   0.289
5.10  60.30  10.397  54.429     29.249  10.119    2.594   0.413
5.10  60.30  10.419  95.947     29.249   8.468    2.123   0.248
5.10  60.30  10.153  57.624     23.047   5.170    2.358   0.372
5.10  60.30   6.944   0.077     12.833  13.004    2.594   0.207
5.10  60.30   6.283   1.116     12.070  12.542    3.066   0.207
5.10  60.30   5.603   0.369      9.501  10.195    2.831   0.186
5.10  60.30   5.046   0.104      8.301   9.024    3.538   0.186
5.10  60.30   4.820   0.939      8.301   8.320    1.887   0.186
5.10  60.30   4.490   0.005      7.239   7.382    2.595   0.248
5.10  60.30   3.911   0.364      6.324   7.627    2.832   0.228
5.10  60.30   3.045   0.722      4.310   5.989    2.122   0.145
5.10  60.30   2.859   1.221      4.310   5.992    3.302   0.144
5.10  60.30   2.592   0.208      3.425   3.874    2.123   0.228
5.10  60.30   2.241   2.293      2.593   3.880    3.066   0.166
9.40  58.90  10.319   0.821     96.793  100.587    5.750   0.291
9.40  58.90  10.489   4.238     96.793  82.808    6.793   0.457
9.40  58.90  10.016  37.419     83.453  51.487    5.226   0.395
9.40  58.90   9.602  17.600     73.588  43.155    7.316   0.187
9.40  58.90   8.625  10.077     57.655  39.565    5.751   0.291
9.40  58.90   6.796   3.333     41.514  28.719    7.840   0.250
9.40  58.90   6.317   1.526     37.029  28.230    7.839   0.354
9.40  58.90   4.467   0.061     20.776  21.565    4.179   0.208
9.40  58.90   3.927   0.100     17.658  18.468    4.181   0.292
9.40  58.90   3.053   1.018     11.921  17.483    5.745   0.187
9.40  58.90   2.700   1.968      9.427  12.805    4.700   0.166
9.40  58.90   2.534   0.447      9.427  12.294    4.697   0.125
9.40  58.90   2.285   2.248      9.427  10.743    5.224   0.146
9.40  58.90   8.771  28.343     64.990  34.852    5.747   0.250
9.40  58.90   8.335  41.918     57.655  30.702    4.179   0.291
10.80  59.80  12.240  20.411     227.077  185.763    9.322   0.274
10.80  59.80  11.102  23.837     191.218  145.932    9.322   0.211
10.80  59.80  10.323  34.531     170.732  121.356    8.475   0.232
10.80  59.80   9.986  42.460     147.788  81.525   10.169   0.211
10.80  59.80   8.996  13.695     114.327  79.831    9.322   0.190
10.80  59.80   6.973   5.015     70.596  53.559    7.627   0.168
10.80  59.80   5.857   2.571     54.464  43.390    7.627   0.211
10.80  59.80   3.434   0.179     24.510  25.593    6.780   0.168
10.80  59.80  12.662  16.657     249.680  212.034    9.322   0.274
10.80  59.80  12.261  25.287     249.680  212.881    7.627   0.168
10.80  59.80  11.313   2.428     207.959  216.271    5.932   0.274
10.80  59.80  10.829   7.132     191.218  169.661    8.475   0.211
10.80  59.80  10.934   8.249     191.218  164.576    9.322   0.232
10.80  59.80  10.555   6.015     170.732  145.932   10.169   0.211
10.80  59.80   7.437   8.397     79.679  55.254    8.475   0.211
12.00  57.40  12.326  16.012     90.399  77.081    3.421   0.188
12.00  57.40  12.159   5.870     77.839  71.483    2.799   0.188
12.00  57.40  11.971  10.024     77.839  68.995    2.799   0.146
12.00  57.40  11.783  16.311     77.839  63.397    3.732   0.188
12.00  57.40  11.260  23.254     68.625  51.268    3.732   0.188
12.00  57.40  11.135  39.183     64.484  47.225    2.799   0.125
12.00  57.40  10.884  25.018     64.484  42.871    4.354   0.188
12.00  57.40  10.111  23.412     48.353  30.431    3.732   0.188
12.00  57.40   9.777  61.319     48.353  17.057    4.043   0.188
12.00  57.40   3.949   0.110     10.909  10.215    3.110   0.209
12.00  57.40   2.256   1.699      5.702   5.239    3.421   0.188
17.70  59.50  10.217  42.465     152.142  84.771   10.415   0.276
17.70  59.50  10.069  48.160     152.142  85.580    9.613   0.149
17.70  59.50   9.771  75.557     152.142  83.193    8.008   0.191
17.70  59.50   8.664  37.302     104.348  51.213    8.811   0.170
17.70  59.50   6.670   1.436     64.090  56.926    7.209   0.255
17.70  59.50   6.414   4.507     64.090  45.727    8.811   0.212
17.70  59.50   5.842   1.647     55.658  48.961    6.408   0.212
17.70  59.50   5.481   0.526     47.976  43.373    6.408   0.191
17.70  59.50   5.458   3.099     47.976  35.365    7.209   0.212
17.70  59.50   5.268   4.458     47.976  37.778    7.209   0.148
17.70  59.50   5.097   2.124     40.767  31.379    7.210   0.148
17.70  59.50   4.970   4.614     40.767  32.187    4.005   0.191
17.70  59.50   4.802   0.961     40.767  43.410    8.811   0.213
17.70  59.50   4.461   0.053     34.555  34.617    8.008   0.170
17.70  59.50   4.524   0.263     34.555  30.609    8.009   0.170
17.70  59.50   4.333   2.256     34.555  25.814    8.812   0.148
17.70  59.50   4.056   0.691     28.993  22.624    8.010   0.234
17.70  59.50   3.866   0.697     28.993  25.037    8.810   0.191
17.70  59.50   3.782   1.747     28.993  31.450    8.010   0.170
17.70  59.50   3.547   0.230     23.816  25.054    7.209   0.106
17.70  59.50   3.250   2.901     23.816  21.866    7.209   0.149
17.70  59.50   3.102   0.527     19.160  21.874   11.215   0.148
17.70  59.50   2.975   1.081     19.160  29.090    9.610   0.212
17.70  59.50   2.953   0.420     19.160  23.484    7.209   0.191
17.70  59.50   2.549   0.137     14.984  17.098    8.011   0.191
17.70  59.50   2.061   0.386     11.255  14.721    8.811   0.127
17.70  59.50   1.849   1.465     11.255  13.131    8.811   0.127
17.70  59.50   1.296   2.563      7.914   8.354    8.008   0.127
17.70  59.50   1.169   4.107      4.937   7.560    6.407   0.085
17.70  59.50   1.042   0.593      4.937  10.771    8.007   0.170
17.70  59.50   0.575   0.650      2.260   6.791    7.208   0.148
17.70  59.50   0.108   2.013      0.000   3.612    5.607   0.085
17.70  59.50   9.981  105.718     152.142  61.556    8.811   0.213
17.70  59.50   9.768  131.131     152.142  60.766    8.010   0.233
17.70  59.50   9.537  29.000     133.635  77.599   10.412   0.190
17.70  59.50   9.302  57.525     133.635  61.592    9.613   0.170
17.70  59.50   9.047  46.611     117.867  63.207    8.010   0.233
17.70  59.50  10.069  54.433     152.142  87.182    8.812   0.233
17.70  59.50   9.579  45.363     133.635  74.392    8.809   0.212
17.70  59.50   9.453  18.771     133.635  81.608   12.014   0.340
17.70  59.50   8.986  14.848     117.867  80.832    9.612   0.340
17.70  59.50   8.816  14.682     117.867  76.035   11.208   0.212
17.70  59.50   8.432  16.252     104.348  62.439   10.413   0.297
17.70  59.50   9.174  48.724     117.867  56.793    8.811   0.212
17.70  59.50   7.776  11.953     92.311  73.688    5.607   0.234
17.70  59.50   0.936   0.193      4.937   7.572   12.016   0.169
17.70  59.50   0.511   0.031      2.260   3.590    8.010   0.191
19.90  64.00   8.900  12.697     223.084  176.609   13.190   0.189
19.90  64.00   8.669   6.468     196.548  162.295   14.389   0.189
19.90  64.00   6.320   9.157     117.856  86.307   10.791   0.231
19.90  64.00   3.087   0.214     35.770  32.185   13.190   0.231
23.30  60.10   8.834  44.285     81.519  41.007    6.132   0.208
23.30  60.10   8.710  33.291     71.614  40.384    5.519   0.187
23.30  60.10   8.542  22.863     71.614  45.276    5.519   0.145
23.30  60.10   8.419  72.592     71.614  40.360    3.679   0.124
23.30  60.10   8.251  19.916     71.614  45.252    6.132   0.208
23.30  60.10   7.921  15.841     62.747  38.480    6.132   0.187
23.30  60.10   7.649   5.429     56.062  43.976    5.520   0.187
23.30  60.10   7.671  10.858     56.062  39.072    5.519   0.146
23.30  60.10   7.484   6.363     56.062  39.057    6.745   0.187
23.30  60.10   7.152   6.413     49.331  39.030    4.294   0.187
23.30  60.10   6.986   3.554     49.331  37.790    6.132   0.125
23.30  60.10   6.801   9.062     49.331  34.095    5.519   0.166
23.30  60.10   6.592   1.698     42.981  35.305    6.745   0.146
23.30  60.10   6.489   2.460     42.981  35.296    4.906   0.146
23.30  60.10   6.012   1.776     36.879  30.352    4.905   0.166
23.30  60.10   5.846   2.872     36.879  30.338    4.292   0.208
23.30  60.10   5.079   0.234     26.407  25.370    3.066   0.228
23.30  60.10   4.934   0.246     26.407  25.358    5.519   0.145
23.30  60.10   4.291   2.073     22.063  21.626    6.130   0.146
23.30  60.10   4.229   4.963     18.291  20.395    6.132   0.104
23.30  60.10   4.063   0.147     18.291  19.768    5.519   0.228
23.30  60.10   3.876  46.358     18.291  19.139    0.625   0.019
23.30  60.10   3.565   0.591     14.766  17.887    5.517   0.124
23.30  60.10   3.399   0.526     14.766  16.034    6.134   0.145
23.30  60.10   3.337   1.269     14.766  15.416    5.519   0.146
23.30  60.10   3.129   1.234     11.742  16.012    4.905   0.187
23.30  60.10   2.860   1.091     11.742  14.151    6.132   0.145
23.30  60.10   2.424   0.312      9.041  10.436    4.294   0.166
23.30  60.10   2.257   3.208      9.041  13.488    6.747   0.146
23.30  60.10   1.947   0.121      6.643   8.557    7.360   0.229
23.30  60.10   1.740   1.852      4.553   7.927    7.358   0.187
23.30  60.10   1.615   0.835      4.553   7.917    7.357   0.145
23.30  60.10   1.448   1.182      4.553  10.356    5.520   0.187
23.30  60.10   0.848   0.840      2.815   2.948    5.520   0.166
23.30  60.10   0.536   0.105      1.282   2.310    7.360   0.125
23.30  60.10   1.948   0.063      6.643   6.718    6.132   0.208
23.30  60.10   4.127   1.099     18.291  13.028    7.360   0.166
23.30  60.10   3.607   0.335     14.766  15.438    7.358   0.187
23.30  60.10   3.296   1.633     14.766  12.347    6.745   0.166
23.30  60.10   3.213   0.943     11.742  13.566    6.745   0.228
23.30  60.10   2.590   0.556      9.041  13.515    7.358   0.208
23.30  60.10   2.487   0.040      9.041   9.828    4.292   0.166
23.30  60.10   2.363   0.558      9.041   7.978    7.971   0.187
23.30  60.10   2.406   1.778      9.041   4.302    6.743   0.083
23.30  60.10   2.052   0.171      6.643   6.726    7.360   0.125
23.30  60.10   1.636   0.702      4.553   6.079    9.200   0.166
23.30  60.10   1.346   1.148      4.553   3.602    6.132   0.145
23.30  60.10   1.243   2.785      2.815   2.981    6.132   0.145
23.30  60.10   0.848   1.525      2.815   4.175    7.971   0.125
24.90  59.40   6.076   0.390     19.679  21.449    4.091   0.168
24.90  59.40   5.468   0.508     16.505  19.667    4.546   0.211
24.90  59.40   4.210   1.710      9.229  13.835    5.455   0.211
24.90  59.40   2.238   2.358      2.940   8.499    6.361   0.189
24.90  59.40   1.903   0.897      2.940   6.702    4.546   0.210
24.90  59.40   8.282  12.701     37.914  21.315    5.000   0.168
24.90  59.40   7.190   3.433     26.525  20.472    4.546   0.147
24.90  59.40   5.678   1.084     16.505  19.200    5.908   0.190
24.90  59.40   4.315   1.262     11.269  14.283    5.454   0.189
24.90  59.40   2.638   1.916      4.199   8.021    4.547   0.125
24.90  59.40   1.903   0.482      2.940   6.247    6.364   0.210
24.90  59.40   5.866   0.862     19.679  20.552    4.091   0.148
24.90  59.40   5.299   3.042     16.505  20.132    4.999   0.127
24.90  59.40   5.152   3.565     13.667  19.686    3.637   0.168
24.90  59.40   4.437   6.559     11.269  21.548    4.091   0.127
24.90  59.40   4.147   1.629      9.229  14.748    5.454   0.189
24.90  59.40   1.819   1.288      2.940   7.616    6.364   0.210
10.70  57.70   5.645   2.491     17.296  13.235    3.738   0.127
10.70  57.70   5.561   0.814     17.296  13.913    4.418   0.127
10.70  57.70   5.455   0.928     17.296  13.571    4.078   0.148
10.70  57.70   5.286   4.059     17.296  13.567    3.398   0.127
10.70  57.70   5.138   1.938     14.739  13.224    3.058   0.106
10.70  57.70   4.968   0.658     14.739  11.521    4.078   0.169
10.70  57.70   4.820   1.515     14.739  12.197    4.078   0.169
10.70  57.70   4.694   2.668     12.610  10.835    3.058   0.127
10.70  57.70   4.524   0.715     12.610   9.812    3.398   0.127
10.70  57.70   4.377   3.037     12.610   8.449    2.718   0.148
10.70  57.70   4.208   2.773     10.742   5.387    4.758   0.169
10.70  57.70   4.017   1.715     10.742   6.742    3.059   0.233
10.70  57.70   3.827   2.633     10.742   5.718    3.738   0.190
10.70  57.70   3.763   5.423     10.742   6.057    2.379   0.191
10.70  57.70   3.552   0.956      8.866   5.712    3.398   0.169
10.70  57.70   3.383   1.343      8.866   5.708    3.398   0.169
10.70  57.70   3.192   1.551      7.156   4.684    3.398   0.190
10.70  57.70   2.663   1.243      5.621   5.012    4.078   0.148
10.70  57.70   2.452   0.216      5.621   5.347    3.059   0.106
10.70  57.70   2.198   1.305      4.216   5.341    2.380   0.190
10.70  57.70   2.071   0.198      4.216   4.659    3.059   0.169
10.70  57.70   1.775   1.811      4.216   4.992    3.738   0.169
10.70  57.70   1.648   0.916      2.981   4.310    3.398   0.169
10.70  57.70   1.500   0.006      2.981   3.287    4.078   0.127
