210.45  -17.45   7.210   0.031      0.402  -0.500    5.100   0.000
210.45  -17.45   7.670   0.288     -1.363  -4.100    5.100   0.000
210.45  -17.45   7.780   0.509     -1.962  -5.600    5.100   0.000
210.45  -17.45   8.580   5.809     -6.509  -18.800    5.100   0.000
210.45  -17.45   8.790   1.552     -8.145  -14.500    5.100   0.000
210.45  -17.45   9.330   4.205     -12.342  -22.800    5.100   0.000
210.45  -17.45   9.600   4.155     -14.704  -25.100    5.100   0.000
210.45  -17.45   9.880   3.830     -17.623  -27.800    5.200   0.000
210.45  -17.45   9.980   4.835     -18.666  -30.100    5.200   0.000
210.45  -17.45  10.180   9.151     -20.770  -36.500    5.200   0.000
210.45  -17.45  10.290   5.753     -21.928  -34.400    5.200   0.000
210.45  -17.45  10.310   5.651     -22.139  -34.500    5.200   0.000
210.45  -17.45  10.640  10.147     -25.735  -42.300    5.200   0.000
210.45  -17.45  11.090   4.749     -31.968  -43.300    5.200   0.000
210.45  -17.45  11.350   6.425     -38.119  -51.300    5.200   0.000
210.45  -17.45  11.560   8.214     -42.397  -57.300    5.200   0.000
210.45  -17.45  12.000   0.222     -47.739  -52.500   10.100   0.000
210.45  -17.45  12.770   0.174     -56.187  -60.400   10.100   0.000
210.45  -17.45  12.780   0.214     -56.323  -61.000   10.100   0.000
210.45  -17.45  12.940   0.087     -58.514  -61.500   10.100   0.000
210.45  -17.45  12.950   0.981     -58.651  -63.900    5.300   0.000
210.45  -17.45  12.980   0.152     -59.061  -63.000   10.100   0.000
210.45  -17.45  13.140   0.114     -60.686  -64.100   10.100   0.000
210.45  -17.45  13.600   0.019     -65.713  -67.100   10.100   0.000
210.45  -17.45  13.840   0.011     -69.439  -70.000    5.300   0.000
210.45  -17.45  14.300   0.817     -87.992  -83.200    5.300   0.000
210.45  -17.45  14.350   2.239     -90.670  -98.600    5.300   0.000
210.45  -17.45  14.520   0.211     -98.891  -94.200   10.200   0.000
210.45  -17.45  14.640   0.001     -100.009  -100.200    5.300   0.000
210.45  -17.45  14.990   0.159     -103.270  -99.200   10.200   0.000
210.45  -17.45  15.150   0.053     -104.552  -102.200   10.200   0.000
210.45  -17.45  15.180   0.027     -104.790  -103.100   10.200   0.000
210.45  -17.45  15.510   0.036     -107.424  -105.500   10.200   0.000
210.45  -17.45  16.020   0.003     -112.276  -112.000    5.400   0.000
202.52  1.98   0.090   1.433      0.020  -0.100    0.100   0.000
202.52  1.98   0.090   1.433      0.020  -0.100    0.100   0.000
202.52  1.98   0.119   1.589      0.026  -0.100    0.100   0.000
202.52  1.98   0.184   1.968      0.040  -0.100    0.100   0.000
202.52  1.98   0.591   1.885      0.137   0.000    0.100   0.000
202.52  1.98   0.607   5.866      0.142  -0.100    0.100   0.000
202.52  1.98   0.610   2.048      0.143   0.000    0.100   0.000
202.52  1.98   0.614   2.083      0.144   0.000    0.100   0.000
202.52  1.98   0.644   2.357      0.154   0.000    0.100   0.000
202.52  1.98   0.675   2.657      0.163   0.000    0.100   0.000
202.52  1.98   0.723   3.158      0.178   0.000    0.100   0.000
202.52  1.98   0.749   8.160      0.186  -0.100    0.100   0.000
202.52  1.98   1.059   7.799      0.279   0.000    0.100   0.000
202.52  1.98   1.123   3.900      0.297   0.100    0.100   0.000
202.52  1.98   1.280  19.549      0.342  -0.100    0.100   0.000
202.52  1.98   1.408  46.044      0.379  -0.300    0.100   0.000
202.52  1.98   1.432  14.852      0.385   0.000    0.100   0.000
202.52  1.98   1.467   3.816      0.395   0.200    0.100   0.000
202.52  1.98   1.477   8.892      0.398   0.100    0.100   0.000
202.52  1.98   1.490  16.152      0.402   0.000    0.100   0.000
202.52  1.98   1.496  16.289      0.404   0.000    0.100   0.000
202.52  1.98   1.540  10.158      0.419   0.100    0.100   0.000
202.52  1.98   1.565  10.723      0.427   0.100    0.100   0.000
202.52  1.98   1.571   5.270      0.430   0.200    0.100   0.000
202.52  1.98   1.583  18.814      0.434   0.000    0.100   0.000
202.52  1.98   1.599  19.303      0.439   0.000    0.100   0.000
202.52  1.98   1.599  11.516      0.439   0.100    0.100   0.000
202.52  1.98   1.628  42.183      0.449  -0.200    0.100   0.000
202.52  1.98   1.644  20.710      0.455   0.000    0.100   0.000
202.52  1.98   1.668  21.481      0.463   0.000    0.100   0.000
202.52  1.98   1.717   7.874      0.481   0.200    0.100   0.000
202.52  1.98   1.727  23.435      0.484   0.000    0.100   0.000
202.52  1.98   1.734  14.942      0.487   0.100    0.100   0.000
202.52  1.98   1.740  15.104      0.489   0.100    0.100   0.000
202.52  1.98   1.773  25.018      0.500   0.000    0.100   0.000
202.52  1.98   1.775  36.106      0.501  -0.100    0.100   0.000
202.52  1.98   1.778  36.232      0.502  -0.100    0.100   0.000
202.52  1.98   1.815   9.914      0.515   0.200    0.100   0.000
202.52  1.98   1.832  51.956      0.521  -0.200    0.100   0.000
202.52  1.98   1.836  27.270      0.522   0.000    0.100   0.000
202.52  1.98   1.841  38.932      0.524  -0.100    0.100   0.000
202.52  1.98   1.856  28.005      0.529   0.000    0.100   0.000
202.52  1.98   1.868  28.451      0.533   0.000    0.100   0.000
202.52  1.98   1.880  28.900      0.538   0.000    0.100   0.000
202.52  1.98   1.880  19.148      0.538   0.100    0.100   0.000
202.52  1.98   1.896  29.505      0.543   0.000    0.100   0.000
202.52  1.98   1.898  41.458      0.544  -0.100    0.100   0.000
202.52  1.98   1.919  30.385      0.551   0.000    0.100   0.000
202.52  1.98   1.923  30.539      0.553   0.000    0.100   0.000
202.52  1.98   1.945  21.189      0.560   0.100    0.100   0.000
202.52  1.98   1.951  43.879      0.562  -0.100    0.100   0.000
202.52  1.98   2.004  23.161      0.581   0.100    0.100   0.000
202.52  1.98   2.190  43.719      0.661   0.000    0.100   0.000
202.52  1.98   2.223  45.615      0.675   0.000    0.100   0.000
202.52  1.98   2.351  68.957      0.730  -0.100    0.100   0.000
202.52  1.98   2.486  62.162      0.788   0.000    0.100   0.000
202.52  1.98   2.507  63.366      0.796   0.000    0.100   0.000
202.52  1.98   2.531  81.261      0.801  -0.100    0.100   0.000
202.52  1.98   2.612  84.592      0.820  -0.100    0.100   0.000
202.52  1.98   2.624  52.193      0.822   0.100    0.100   0.000
202.52  1.98   2.734  89.736      0.847  -0.100    0.100   0.000
202.52  1.98   2.749  90.379      0.851  -0.100    0.100   0.000
202.52  1.98   2.749  56.352      0.851   0.100    0.100   0.000
202.52  1.98   2.794  92.322      0.861  -0.100    0.100   0.000
202.52  1.98   2.803  58.198      0.863   0.100    0.100   0.000
202.52  1.98   2.810  93.017      0.864  -0.100    0.100   0.000
202.52  1.98   2.813  93.148      0.865  -0.100    0.100   0.000
202.52  1.98   2.825  58.958      0.868   0.100    0.100   0.000
202.52  1.98   2.837  94.197      0.871  -0.100    0.100   0.000
202.52  1.98   2.936  119.445      0.893  -0.200    0.100   0.000
202.52  1.98   2.985  81.717      0.904   0.000    0.100   0.000
202.52  1.98   3.000  122.626      0.907  -0.200    0.100   0.000
202.52  1.98   3.204  113.530      0.966  -0.100    0.100   0.000
202.52  1.98   3.220  94.102      0.970   0.000    0.100   0.000
202.52  1.98   3.329  100.225      1.001   0.000    0.100   0.000
202.52  1.98   3.550  74.764      1.065   0.200    0.100   0.000
202.52  1.98   3.550  113.351      1.065   0.000    0.100   0.000
202.52  1.98   3.582  137.860      1.074  -0.100    0.100   0.000
202.52  1.98   3.632  97.800      1.089   0.100    0.100   0.000
202.52  1.98   3.685  145.113      1.105  -0.100    0.100   0.000
202.52  1.98   3.704  146.472      1.110  -0.100    0.100   0.000
202.52  1.98   3.797  70.189      1.138   0.300    0.100   0.000
202.52  1.98   3.816  180.476      1.143  -0.200    0.100   0.000
202.52  1.98   3.865  111.919      1.158   0.100    0.100   0.000
202.52  1.98   3.878  159.206      1.162  -0.100    0.100   0.000
202.52  1.98   3.908  187.868      1.171  -0.200    0.100   0.000
202.52  1.98   3.925  115.709      1.176   0.100    0.100   0.000
202.52  1.98   3.932  116.156      1.178   0.100    0.100   0.000
202.52  1.98   4.131  193.186      1.190  -0.200    0.100   0.000
202.52  1.98   4.138  97.909      1.189   0.200    0.100   0.000
202.52  1.98   4.175  192.443      1.187  -0.200    0.100   0.000
202.52  1.98   4.210  165.150      1.185  -0.100    0.100   0.000
202.52  1.98   4.217  165.041      1.185  -0.100    0.100   0.000
202.52  1.98   4.243  164.635      1.183  -0.100    0.100   0.000
202.52  1.98   4.277  116.863      1.181   0.100    0.100   0.000
202.52  1.98   4.303  139.110      1.179   0.000    0.100   0.000
202.52  1.98   4.389  162.363      1.174  -0.100    0.100   0.000
202.52  1.98   4.426  161.789      1.172  -0.100    0.100   0.000
202.52  1.98   4.467  161.155      1.169  -0.100    0.100   0.000
202.52  1.98   4.614  138.745      1.178   0.000    0.100   0.000
202.52  1.98   4.676  140.085      1.184   0.000    0.100   0.000
202.52  1.98   4.682  164.898      1.184  -0.100    0.100   0.000
202.52  1.98   4.703  117.950      1.186   0.100    0.100   0.000
202.52  1.98   4.712  140.866      1.187   0.000    0.100   0.000
202.52  1.98   4.776  98.552      1.193   0.200    0.100   0.000
202.52  1.98   5.137  104.912      1.224   0.200    0.100   0.000
202.52  1.98   5.160  150.336      1.226   0.000    0.100   0.000
202.52  1.98   5.255  152.216      1.234   0.000    0.100   0.000
172.67  -43.50   0.639   0.724      0.351  -0.500    1.000   0.000
172.67  -43.50   4.232  13.331      3.151  -0.500    1.000   0.000
172.67  -43.50   6.636   4.201      4.999   0.900    2.000   0.000
172.67  -43.50   7.027   5.651      4.792  -0.200    2.100   0.000
172.67  -43.50   7.462  14.463      4.208  -5.300    2.500   0.000
172.67  -43.50   7.619   8.555      3.767  -5.300    3.100   0.000
172.67  -43.50   8.240  15.495      1.722  -9.300    2.800   0.000
172.67  -43.50   8.261  21.396      1.652  -11.300    2.800   0.000
172.67  -43.50   8.364  21.114      1.309  -8.800    2.200   0.000
172.67  -43.50   8.385  14.985      1.239  -9.600    2.800   0.000
172.67  -43.50   8.572  47.570      0.463  -15.400    2.300   0.000
172.67  -43.50   8.729  39.781     -0.393  -14.900    2.300   0.000
172.67  -43.50   8.855  50.878     -1.081  -18.200    2.400   0.000
172.67  -43.50   8.950  24.549     -1.600  -12.500    2.200   0.000
172.67  -43.50   9.111  35.115     -2.463  -15.500    2.200   0.000
172.67  -43.50   9.219  110.840     -3.038  -26.200    2.200   0.000
172.67  -43.50   9.362  44.754     -3.799  -23.200    2.900   0.000
172.67  -43.50   9.495  91.921     -4.507  -25.600    2.200   0.000
172.67  -43.50  10.259  30.627     -10.364  -24.200    2.500   0.000
172.67  -43.50  10.538  38.147     -12.547  -24.900    2.000   0.000
172.67  -43.50  10.695  39.336     -13.875  -28.300    2.300   0.000
172.67  -43.50  11.151   6.926     -19.231  -31.600    4.700   0.000
150.18  -35.70   2.390   6.316      1.046   1.800    0.300   0.000
150.18  -35.70   2.506   5.316      1.108   1.800    0.300   0.000
150.18  -35.70   2.540   0.346      1.123   1.300    0.300   0.000
150.18  -35.70   2.840   3.276      1.257   1.800    0.300   0.000
150.18  -35.70   2.852   3.212      1.262   1.800    0.300   0.000
150.18  -35.70   3.610   4.598      1.643   1.000    0.300   0.000
133.65  -32.11   1.255   4.676      0.665  -0.200    0.400   0.000
133.65  -32.11   1.306   0.540      0.694   0.400    0.400   0.000
133.65  -32.11   3.004  12.042      1.788   0.400    0.400   0.000
133.65  -32.11   3.491  18.537      2.122   0.400    0.400   0.000
133.65  -32.11   3.606  20.410      2.207   0.400    0.400   0.000
133.65  -32.11   5.177  71.878      3.191  -0.200    0.400   0.000
133.65  -32.11   5.502  86.681      3.424  -0.300    0.400   0.000
133.65  -32.11   6.131  124.827      3.869  -0.600    0.400   0.000
133.65  -32.11   6.930  107.019      3.538  -0.600    0.400   0.000
135.94  -34.70   2.056   8.561      1.070  -0.100    0.400   0.000
135.94  -34.70   2.177   0.390      1.150   0.900    0.400   0.000
135.94  -34.70   2.424   1.060      1.312   0.900    0.400   0.000
135.94  -34.70   2.473   3.460      1.344   0.600    0.400   0.000
135.94  -34.70   2.624   6.643      1.431   0.400    0.400   0.000
135.94  -34.70   2.801   7.978      1.530   0.400    0.400   0.000
135.94  -34.70   2.928  14.076      1.601   0.100    0.400   0.000
135.94  -34.70   3.017   9.789      1.651   0.400    0.400   0.000
135.94  -34.70   3.081   2.987      1.691   1.000    0.400   0.000
135.94  -34.70   3.260  14.112      1.803   0.300    0.400   0.000
135.94  -34.70   3.452   1.703      1.922   1.400    0.400   0.000
135.94  -34.70   3.862  14.022      2.198   0.700    0.400   0.000
135.94  -34.70   4.015  35.928      2.298  -0.100    0.400   0.000
135.94  -34.70   4.092  23.245      2.329   0.400    0.400   0.000
135.94  -34.70   4.396   6.899      2.451   1.400    0.400   0.000
135.94  -34.70   4.584  18.926      2.540   0.800    0.400   0.000
135.94  -34.70   5.213  30.626      2.914   0.700    0.400   0.000
135.94  -34.70   5.442  44.254      3.061   0.400    0.400   0.000
136.93  -33.73   1.996   0.110      1.401   1.600    0.600   0.000
136.93  -33.73   3.491   0.829      2.674   1.400    1.400   0.000
136.93  -33.73   3.939   2.794      3.103   2.100    0.600   0.000
136.93  -33.73   4.659  21.190      3.662   0.900    0.600   0.000
136.93  -33.73   5.994  40.787      5.032   1.200    0.600   0.000
136.93  -33.73   6.481  63.548      5.283   0.500    0.600   0.000
137.87  -32.69   1.245   0.048      0.832   0.700    0.600   0.000
137.87  -32.69   1.336   0.108      0.897   0.700    0.600   0.000
137.87  -32.69   1.386   0.151      0.933   0.700    0.600   0.000
137.87  -32.69   1.537   0.033      1.044   0.900    0.800   0.000
137.87  -32.69   1.640   2.021      1.127   0.700    0.300   0.000
137.87  -32.69   1.672  39.193      1.152  -0.100    0.200   0.000
137.87  -32.69   2.202  19.190      1.590  -0.600    0.500   0.000
137.87  -32.69   2.226   9.227      1.611   0.700    0.300   0.000
137.87  -32.69   2.699   4.093      2.009   1.200    0.400   0.000
137.87  -32.69   2.788   1.211      2.080   1.200    0.800   0.000
137.87  -32.69   3.503  48.628      2.692   0.600    0.300   0.000
137.87  -32.69   4.015  73.458      3.171   0.600    0.300   0.000
137.87  -32.69   5.936  11.765      4.901   2.500    0.700   0.000
137.87  -32.69   5.959  82.590      4.926   2.200    0.300   0.000
137.87  -32.69   6.525  33.226      5.182   2.300    0.500   0.000
137.87  -32.69   8.447  44.742      1.151  -4.200    0.800   0.000
138.01  -33.16   0.430   0.144      0.265   0.000    0.700   0.000
138.01  -33.16   0.484   5.426      0.299  -0.400    0.300   0.000
138.01  -33.16   0.923  37.069      0.618  -0.600    0.200   0.000
138.01  -33.16   1.066   0.787      0.723   0.900    0.200   0.000
138.01  -33.16   1.075   4.606      0.729   0.300    0.200   0.000
138.01  -33.16   1.215   0.069      0.832   1.200    1.400   0.000
138.01  -33.16   1.512  30.334      1.052  -0.600    0.300   0.000
138.01  -33.16   1.608   3.400      1.131   1.500    0.200   0.000
138.01  -33.16   1.704   0.003      1.210   1.200    0.200   0.000
138.01  -33.16   1.821   8.812      1.306   1.900    0.200   0.000
138.01  -33.16   2.080   9.771      1.525   0.900    0.200   0.000
138.01  -33.16   2.208   4.839      1.640   1.200    0.200   0.000
138.01  -33.16   2.318  10.196      1.739   1.100    0.200   0.000
138.01  -33.16   2.349  11.103      1.766   1.100    0.200   0.000
138.01  -33.16   2.731  41.772      2.093   0.800    0.200   0.000
138.01  -33.16   3.061  34.239      2.370   1.200    0.200   0.000
138.01  -33.16   3.273  177.323      2.563  -0.100    0.200   0.000
138.01  -33.16   3.548  73.695      2.817   1.100    0.200   0.000
138.01  -33.16   3.638  42.582      2.905   1.600    0.200   0.000
138.01  -33.16   3.913  78.724      3.175   1.400    0.200   0.000
138.01  -33.16   4.270  105.849      3.458   1.400    0.200   0.000
138.01  -33.16   4.377  114.072      3.536   1.400    0.200   0.000
138.01  -33.16   4.478  183.618      3.610   0.900    0.200   0.000
138.01  -33.16   4.572  143.026      3.692   1.300    0.200   0.000
138.01  -33.16   5.370  85.881      4.453   2.600    0.200   0.000
138.01  -33.16   5.472  127.220      4.556   2.300    0.200   0.000
138.01  -33.16   6.177  333.750      5.254   1.600    0.200   0.000
138.01  -33.16   6.430  458.936      5.385   1.100    0.200   0.000
138.01  -33.16   6.641  262.947      5.343   2.100    0.200   0.000
138.01  -33.16   6.984  233.219      5.154   2.100    0.200   0.000
138.01  -33.16   7.561  245.480      4.300  -0.400    0.300   0.000
138.09  -34.13   1.135   5.574      0.780  -0.400    0.500   0.000
138.09  -34.13   1.185   0.584      0.818   1.200    0.500   0.000
138.09  -34.13   1.972  13.651      1.447  -0.400    0.500   0.000
138.09  -34.13   2.449   5.585      1.882   0.700    0.500   0.000
138.09  -34.13   2.966  10.506      2.321   0.700    0.500   0.000
138.09  -34.13   3.145  24.682      2.484   0.000    0.500   0.000
138.09  -34.13   3.414  10.681      2.734   1.100    0.500   0.000
138.09  -34.13   3.606  10.509      2.921   1.300    0.500   0.000
138.09  -34.13   3.709   7.020      3.025   1.700    0.500   0.000
138.09  -34.13   3.862  37.921      3.179   0.100    0.500   0.000
138.09  -34.13   7.951  166.604      3.354  -3.100    0.500   0.000
138.46  -34.64   0.825   1.268      0.537   1.100    0.500   0.000
138.46  -34.64   2.288  14.389      1.697  -0.200    0.500   0.000
138.46  -34.64   4.796  43.482      3.897   0.600    0.500   0.000
138.46  -34.64   7.091  55.116      5.112   1.400    0.500   0.000
138.46  -34.64   7.409  886.186      4.754  -1.200    0.200   0.000
138.46  -34.64   7.556  79.870      4.469   0.000    0.500   0.000
137.88  -33.43   1.456   5.750      1.019   0.300    0.300   0.000
137.88  -33.43   1.772   0.198      1.278   1.100    0.400   0.000
137.88  -33.43   2.008   0.191      1.475   1.300    0.400   0.000
137.88  -33.43   2.104   0.429      1.562   1.300    0.400   0.000
137.88  -33.43   2.473   0.629      1.897   1.500    0.500   0.000
137.88  -33.43   3.004   8.330      2.343   0.900    0.500   0.000
137.88  -33.43   3.273   7.946      2.591   0.900    0.600   0.000
137.88  -33.43   3.465   3.793      2.769   1.600    0.600   0.000
137.88  -33.43   4.054   7.677      3.340   1.400    0.700   0.000
137.88  -33.43   4.219   0.231      3.464   3.800    0.700   0.000
137.88  -33.43   4.497   0.513      3.673   3.100    0.800   0.000
137.88  -33.43   4.821   0.048      3.975   3.800    0.800   0.000
137.80  -32.70   1.772   5.441      1.233   0.300    0.400   0.000
137.80  -32.70   2.436   5.724      1.796   0.600    0.500   0.000
137.80  -32.70   4.345   4.021      3.404   1.800    0.800   0.000
137.80  -32.70   4.672  17.663      3.662   0.300    0.800   0.000
137.80  -32.70   4.957  14.367      3.911   0.500    0.900   0.000
137.80  -32.70   5.104  12.239      4.049   0.900    0.900   0.000
137.86  -33.33   0.369   0.731      0.229   0.400    0.200   0.000
137.86  -33.33   1.215   0.767      0.837   1.100    0.300   0.000
137.86  -33.33   1.588   0.165      1.122   1.000    0.300   0.000
137.86  -33.33   1.872   0.154      1.357   1.200    0.400   0.000
137.86  -33.33   2.263   0.564      1.700   1.400    0.400   0.000
137.86  -33.33   2.712   0.668      2.091   2.500    0.500   0.000
137.86  -33.33   3.952   7.669      3.238   1.300    0.700   0.000
137.86  -33.33   4.534   6.832      3.691   1.600    0.800   0.000
137.86  -33.33   5.561   6.003      4.705   2.500    0.900   0.000
113.83  -28.68   1.058   0.004      0.373   0.500    2.100   0.000
113.83  -28.68   2.335   0.012      0.929   0.700    2.100   0.000
113.83  -28.68   3.226   0.082      1.300   0.700    2.100   0.000
113.83  -28.68   3.831   0.134      1.570   0.800    2.100   0.000
113.83  -28.68   3.867   0.078      1.586   1.000    2.100   0.000
113.83  -28.68   5.825   0.100      2.165   1.500    2.100   0.000
113.83  -28.68   6.323   0.448      2.139   0.800    2.000   0.000
113.83  -28.68   6.832   0.000      1.578   1.600    2.100   0.000
113.83  -28.68   6.919   0.000      1.445   1.400    2.100   0.000
113.83  -28.68   6.309  15.111      2.144   0.200    0.500   0.000
113.83  -28.68   6.714  34.990      1.758  -1.200    0.500   0.000
113.83  -28.68   7.099  11.460      1.085  -2.300    1.000   0.000
113.83  -28.68   7.842  13.040     -1.389  -5.000    1.000   0.000
113.83  -28.68   7.996  74.428     -2.073  -10.700    1.000   0.000
113.83  -28.68   8.119   2.681     -2.588  -7.500    3.000   0.000
113.83  -28.68   8.619   9.552     -4.928  -14.200    3.000   0.000
113.83  -28.68   8.990  10.764     -7.258  -17.100    3.000   0.000
113.83  -28.68   9.345  11.894     -9.454  -19.800    3.000   0.000
113.83  -28.68   9.610  16.723     -11.332  -23.600    3.000   0.000
113.83  -28.68   9.800  13.713     -12.920  -24.400    3.100   0.000
147.43  -18.63   7.740  23.128      2.009  -2.800    1.000   0.000
147.43  -18.63   7.970   6.043      1.116  -3.800    2.000   0.000
147.43  -18.63   8.170   6.137      0.455  -4.500    2.000   0.000
147.43  -18.63   8.400   8.752     -0.283  -6.200    2.000   0.000
147.43  -18.63   8.710  12.188     -1.718  -8.700    2.000   0.000
147.43  -18.63   9.180  31.762     -4.228  -15.500    2.000   0.000
147.43  -18.63   9.610  27.173     -6.849  -27.700    4.000   0.000
147.43  -18.63  12.290   4.598     -35.122  -43.700    4.000   0.000
146.90  -19.20   1.922   0.209      1.393  -0.300    3.700   0.000
146.90  -19.20   2.640   0.135      2.035   0.600    3.900   0.000
146.90  -19.20   6.621   0.867      5.331   1.700    3.900   0.000
146.90  -19.20   7.175   0.668      4.807   1.700    3.800   0.000
146.90  -19.20   8.203   1.648      1.978  -2.900    3.800   0.000
146.90  -19.20   8.725   1.720      0.040  -5.600    4.300   0.000
146.90  -19.20   9.025   0.985     -1.432  -5.800    4.400   0.000
146.48  -18.60   2.541  28.606      1.805   0.200    0.300   0.000
146.48  -18.60   2.588  59.289      1.840   0.300    0.200   0.000
146.48  -18.60   3.168  39.784      2.292   0.400    0.300   0.000
146.48  -18.60   3.875  145.515      2.913   0.500    0.200   0.000
146.48  -18.60   3.177  99.981      2.300   0.300    0.200   0.000
146.48  -18.60   3.947  153.516      2.978   0.500    0.200   0.000
146.48  -18.60   4.812  100.205      3.603   0.600    0.300   0.000
146.48  -18.60   5.459  337.045      4.172   0.500    0.200   0.000
146.48  -18.60   5.601  129.637      4.316   0.900    0.300   0.000
146.48  -18.60   5.850  395.867      4.579   0.600    0.200   0.000
146.48  -18.60   5.889  364.916      4.621   0.800    0.200   0.000
146.48  -18.60   5.896  385.723      4.628   0.700    0.200   0.000
146.48  -18.60   5.994  329.728      4.732   1.100    0.200   0.000
146.48  -18.60   6.074  354.013      4.763   1.000    0.200   0.000
146.48  -18.60   6.086  373.862      4.767   0.900    0.200   0.000
146.48  -18.60   6.113  436.021      4.776   0.600    0.200   0.000
146.48  -18.60   6.147  358.670      4.788   1.000    0.200   0.000
146.48  -18.60   6.170  419.326      4.795   0.700    0.200   0.000
146.48  -18.60   6.222  308.540      4.813   1.300    0.200   0.000
146.48  -18.60   6.242  364.776      4.820   1.000    0.200   0.000
146.48  -18.60   6.305  408.265      4.841   0.800    0.200   0.000
146.48  -18.60   6.427  396.476      4.882   0.900    0.200   0.000
146.48  -18.60   6.476  399.781      4.899   0.900    0.200   0.000
146.48  -18.60   6.488  420.857      4.903   0.800    0.200   0.000
146.48  -18.60   6.538  415.388      4.876   0.800    0.200   0.000
146.48  -18.60   6.582  408.151      4.841   0.800    0.200   0.000
146.48  -18.60   6.625  442.198      4.806   0.600    0.200   0.000
146.16  -18.17   0.356   0.002      0.188   0.200    0.300   0.000
146.16  -18.17   3.193  28.040      2.189   0.600    0.300   0.000
146.16  -18.17   5.128  111.096      3.662   0.500    0.300   0.000
146.16  -18.17   5.412  113.881      3.901   0.700    0.300   0.000
146.16  -18.17   5.418  93.864      3.907   1.000    0.300   0.000
146.16  -18.17   5.973  139.639      4.445   0.900    0.300   0.000
146.16  -18.17   6.068  120.288      4.490   1.200    0.300   0.000
146.16  -18.17   6.703  108.631      4.427   1.300    0.300   0.000
146.87  -19.15   0.360   0.008      0.218   0.200    0.200   0.000
146.87  -19.15   3.260  42.476      2.555   0.600    0.300   0.000
146.87  -19.15   5.102  149.526      4.168   0.500    0.300   0.000
146.87  -19.15   5.268  172.004      4.335   0.400    0.300   0.000
146.87  -19.15   5.481  139.840      4.548   1.000    0.300   0.000
146.87  -19.15   5.498  165.948      4.565   0.700    0.300   0.000
146.87  -19.15   5.942  194.058      5.079   0.900    0.300   0.000
146.87  -19.15   6.034  221.156      5.161   0.700    0.300   0.000
146.87  -19.15   6.079  176.114      5.181   1.200    0.300   0.000
146.87  -19.15   6.103  265.888      5.192   0.300    0.300   0.000
146.87  -19.15   6.519  220.405      5.354   0.900    0.300   0.000
146.87  -19.15   6.663  173.759      5.255   1.300    0.300   0.000
147.62  -6.11   7.782   0.742      0.452  -4.200    5.400   0.000
147.62  -6.11   8.163   1.209     -1.163  -7.100    5.400   0.000
147.62  -6.11   8.300   1.462     -1.770  -8.300    5.400   0.000
147.62  -6.11   8.465   3.029     -2.501  -11.900    5.400   0.000
147.62  -6.11   8.495   5.160     -2.634  -14.900    5.400   0.000
147.62  -6.11   8.516   2.054     -2.760  -10.500    5.400   0.000
147.62  -6.11   8.763   3.052     -4.367  -13.800    5.400   0.000
147.62  -6.11   9.132   5.646     -6.769  -19.600    5.400   0.000
147.62  -6.11   9.513   5.118     -9.284  -21.500    5.400   0.000
147.62  -6.11   9.561   6.616     -9.710  -23.600    5.400   0.000
147.62  -6.11   9.565  10.092     -9.746  -26.900    5.400   0.000
147.62  -6.11   9.843  11.343     -12.213  -30.400    5.400   0.000
147.62  -6.11   9.901   8.104     -12.728  -28.100    5.400   0.000
147.62  -6.11   9.950   9.379     -13.163  -29.700    5.400   0.000
147.62  -6.11  10.035  12.741     -13.925  -33.200    5.400   0.000
147.62  -6.11  10.199  23.149     -15.419  -41.400    5.400   0.000
147.62  -6.11  10.228   9.931     -15.683  -32.700    5.400   0.000
147.62  -6.11  10.325  14.040     -16.566  -36.800    5.400   0.000
147.62  -6.11  10.492  14.290     -18.087  -38.500    5.400   0.000
147.62  -6.11  10.504  17.828     -18.199  -41.000    5.400   0.000
147.62  -6.11  10.630  14.636     -19.441  -40.100    5.400   0.000
147.62  -6.11  10.776  20.284     -20.880  -45.200    5.400   0.000
147.62  -6.11  11.132  15.852     -25.900  -47.400    5.400   0.000
147.62  -6.11  11.406  10.194     -31.739  -49.300    5.500   0.000
147.62  -6.11  12.280   5.475     -40.931  -53.800    5.500   0.000
147.62  -6.11  12.628  10.223     -44.214  -61.800    5.500   0.000
147.62  -6.11  12.651   3.185     -44.485  -54.300    5.500   0.000
147.62  -6.11  12.998   7.675     -48.563  -63.800    5.500   0.000
147.62  -6.11  31.529  183.024     -117.650  -70.300    3.500   0.000
147.62  -6.11  31.997  57.533     -117.001  -76.800    5.300   0.000
147.62  -6.11  32.262  70.051     -116.633  -70.600    5.500   0.000
147.62  -6.11  32.600  164.560     -116.164  -68.700    3.700   0.000
147.62  -6.11  34.100  171.559     -114.082  -63.000    3.900   0.000
147.62  -6.11  34.800  429.026     -113.111  -63.400    2.400   0.000
108.65  4.36  14.350  106.410     -60.654  -91.600    3.000   0.000
108.65  4.36  14.350  133.376     -60.654  -95.300    3.000   0.000
108.65  4.36  14.720  70.255     -68.055  -93.200    3.000   0.000
108.65  4.36  14.730  82.120     -68.114  -95.300    3.000   0.000
108.65  4.36  14.750  80.804     -68.233  -95.200    3.000   0.000
108.65  4.36  14.760  79.257     -68.292  -95.000    3.000   0.000
108.65  4.36  15.290  53.029     -71.254  -93.100    3.000   0.000
103.77  1.21   6.750  325.263      8.414   1.200    0.400   0.000
103.77  1.21   6.910  307.302      8.412   1.400    0.400   0.000
103.77  1.21   7.030  359.453      8.384   0.800    0.400   0.000
103.77  1.21   7.045  339.490      8.370   1.000    0.400   0.000
103.77  1.21   8.256  166.487      5.884  -9.600    1.200   0.000
103.77  1.21   8.556  166.111      5.066  -10.400    1.200   0.000
103.87  1.31   6.106  209.504      7.990   2.200    0.400   0.000
103.87  1.31   6.410  103.709      8.329   1.200    0.700   0.000
103.87  1.31   6.456  105.207      8.380   1.200    0.700   0.000
103.87  1.31   6.705  197.058      8.423   0.000    0.600   0.000
103.87  1.31   6.820  508.397      8.419  -0.600    0.400   0.000
103.87  1.31   6.822  37.200      8.419   1.100    1.200   0.000
103.87  1.31   7.025  214.635      8.390  -0.400    0.600   0.000
103.87  1.31   7.043  427.822      8.374   0.100    0.400   0.000
103.87  1.31   7.092  290.591      8.328  -1.900    0.600   0.000
103.87  1.31   7.100  392.100      8.321   0.400    0.400   0.000
103.87  1.31   7.120  473.283      8.302  -0.400    0.400   0.000
103.87  1.31   7.175  405.111      8.251   0.200    0.400   0.000
103.87  1.31   7.275  315.540      8.158  -2.500    0.600   0.000
103.87  1.31   7.350  373.031      8.088  -3.500    0.600   0.000
103.87  1.31   7.401  721.063      8.041  -2.700    0.400   0.000
103.87  1.31   7.505  641.858      7.934  -2.200    0.400   0.000
103.87  1.31   7.520  768.478      7.889  -3.200    0.400   0.000
103.87  1.31   7.545  614.162      7.813  -2.100    0.400   0.000
103.87  1.31   7.595  607.821      7.662  -2.200    0.400   0.000
103.87  1.31   7.780  318.132      7.102  -3.600    0.600   0.000
103.87  1.31   7.840  759.028      6.920  -4.100    0.400   0.000
103.87  1.31   7.875  496.651      6.814  -2.100    0.400   0.000
103.87  1.31   7.880  261.315      6.799  -2.900    0.600   0.000
103.87  1.31   7.895  683.005      6.754  -3.700    0.400   0.000
103.87  1.31   7.975  601.678      6.512  -3.300    0.400   0.000
103.87  1.31   7.987  378.649      6.475  -5.200    0.600   0.000
103.87  1.31   8.000  221.811      6.436  -2.500    0.600   0.000
103.87  1.31   8.100  361.477      6.208  -5.200    0.600   0.000
103.87  1.31   8.155  660.730      6.082  -4.200    0.400   0.000
103.87  1.31   8.165  778.274      6.059  -5.100    0.400   0.000
103.87  1.31   8.170  342.123      6.048  -6.900    0.700   0.000
103.87  1.31   8.175  501.474      6.036  -7.400    0.600   0.000
103.87  1.31   8.185  507.751      6.013  -3.000    0.400   0.000
103.87  1.31   8.225  356.073      5.922  -5.400    0.600   0.000
103.87  1.31   8.230  577.263      5.911  -3.700    0.400   0.000
103.87  1.31   8.300  321.464      5.751  -6.800    0.700   0.000
103.87  1.31   8.410  329.984      5.499  -5.400    0.600   0.000
103.87  1.31   8.450  448.584      5.408  -7.300    0.600   0.000
103.87  1.31   8.465  504.273      5.374  -8.100    0.600   0.000
103.87  1.31   8.470  1218.392      5.362  -8.600    0.400   0.000
103.87  1.31   8.505  297.264      5.269  -6.800    0.700   0.000
103.87  1.31   8.560  1155.515      4.997  -8.600    0.400   0.000
103.87  1.31   8.610  458.678      4.750  -8.100    0.600   0.000
103.87  1.31   8.795  325.846      3.836  -8.800    0.700   0.000
103.87  1.31   8.795  325.846      3.836  -8.800    0.700   0.000
98.41  7.75   2.224   0.472      1.644   1.300    0.500   0.000
98.41  7.75   2.483   0.530      1.864   1.500    0.500   0.000
98.41  7.75   3.468   4.542      2.666   1.600    0.500   0.000
98.41  7.75   3.582   6.417      2.767   1.500    0.500   0.000
98.41  7.75   4.667  12.576      3.573   1.800    0.500   0.000
98.41  7.75   4.674  12.654      3.579   1.800    0.500   0.000
98.41  7.75   4.714  13.106      3.610   1.800    0.500   0.000
98.41  7.75   5.559  24.929      4.296   1.800    0.500   0.000
98.41  7.75   6.052  31.815      4.720   1.900    0.500   0.000
98.41  7.75   6.673  26.914      4.594   2.000    0.500   0.000
98.41  7.75   6.785  24.512      4.475   2.000    0.500   0.000
108.85  11.33   2.057   7.139      1.097   2.700    0.600   0.000
108.85  11.33   2.075   0.979      1.106   1.700    0.600   0.000
108.85  11.33   3.555   1.999      2.048   1.200    0.600   0.000
108.85  11.33   3.915   2.974      2.335   1.300    0.600   0.000
108.85  11.33   4.110   1.216      2.462   1.800    0.600   0.000
108.85  11.33   5.677   4.564      3.555   2.700    0.400   0.000
108.85  11.33   5.711   3.895      3.584   2.400    0.600   0.000
108.85  11.33   5.948   2.201      3.790   2.900    0.600   0.000
108.85  11.33   6.032   0.587      3.836   3.300    0.700   0.000
108.85  11.33   6.237  11.580      3.842   1.800    0.600   0.000
108.85  11.33   6.409  90.026      3.846   1.000    0.300   0.000
108.85  11.33   7.070   2.939      3.129   2.100    0.600   0.000
117.85  24.40   1.821   1.844      1.794   0.300    1.100   0.000
117.85  24.40   1.936   1.052      1.923   1.000    0.900   0.000
117.85  24.40   2.349   0.001      2.430   2.400    1.100   0.000
117.85  24.40   3.369   1.598      3.675   1.400    1.800   0.000
117.85  24.40   3.624   1.943      4.009   1.500    1.800   0.000
117.85  24.40   4.147   4.657      4.674   2.300    1.100   0.000
117.85  24.40   4.851  11.222      5.550   2.200    1.000   0.000
109.45  18.28   2.461   2.876      1.196  -0.500    1.000   0.000
109.45  18.28   3.701   2.820      1.840   1.000    0.500   0.000
109.45  18.28   4.198   1.130      2.063   1.000    1.000   0.000
109.45  18.28   4.264   0.609      2.081   1.300    1.000   0.000
109.45  18.28   4.527   1.336      2.156   1.000    1.000   0.000
109.45  18.28   4.652   6.818      2.211  -0.400    1.000   0.000
109.45  18.28   4.948   1.801      2.342   1.000    1.000   0.000
109.45  18.28   5.430   9.423      2.570  -0.500    1.000   0.000
109.45  18.28   5.707   5.875      2.724   0.300    1.000   0.000
109.45  18.28   5.761   9.335      2.755  -0.300    1.000   0.000
109.45  18.28   5.952   8.218      2.867   0.000    1.000   0.000
109.45  18.28   6.272  10.346      2.816  -0.400    1.000   0.000
109.45  18.28   6.497   4.139      2.752  -0.300    1.500   0.000
109.45  18.28   7.286   4.157      1.339  -0.700    1.000   0.000
109.45  18.28   8.113   8.485     -2.031  -6.400    1.500   0.000
109.50  18.23   1.289   1.220      0.552   0.000    0.500   0.000
109.50  18.23   2.879   1.140      1.368   0.300    1.000   0.000
109.50  18.23   3.955   0.882      1.939   1.000    1.000   0.000
109.50  18.23   4.121   3.978      1.995   0.000    1.000   0.000
109.50  18.23   4.279   4.138      2.034   0.000    1.000   0.000
109.50  18.23   4.505   3.579      2.092   0.200    1.000   0.000
72.98  4.30   0.445   0.216      0.003   0.700    1.500   0.000
72.98  4.30   1.470   0.422      0.075  -0.900    1.500   0.000
72.98  4.30   1.780   0.217      0.100   0.800    1.500   0.000
72.98  4.30   3.475   0.007      0.222   0.100    1.500   0.000
72.98  4.30   3.815   1.187      0.234  -1.400    1.500   0.000
72.98  4.30   4.115   3.758      0.208  -2.700    1.500   0.000
72.98  4.30   4.595   0.021      0.081   0.300    1.500   0.000
72.98  4.30   6.125   0.009     -0.256  -0.400    1.500   0.000
72.98  4.30   6.450   0.173     -0.576  -1.200    1.500   0.000
72.98  4.30   7.030   0.239     -1.868  -0.400    3.000   0.000
72.98  4.30   7.205   0.269     -2.455  -0.900    3.000   0.000
72.98  4.30   7.280   0.010     -2.706  -2.400    3.000   0.000
72.98  4.30   7.295   0.046     -2.756  -3.400    3.000   0.000
72.98  4.30   7.520   0.306     -3.559  -1.900    3.000   0.000
72.98  4.30   7.680   0.408     -4.483  -6.400    3.000   0.000
72.98  4.30   7.700   1.211     -4.598  -7.900    3.000   0.000
72.98  4.30   7.725   0.003     -4.742  -4.900    3.000   0.000
72.98  4.30   7.725   0.003     -4.742  -4.900    3.000   0.000
72.98  4.30   8.050   2.040     -6.615  -10.900    3.000   0.000
72.98  4.30   8.060   0.826     -6.673  -9.400    3.000   0.000
72.98  4.30   8.110   0.231     -6.959  -8.400    3.000   0.000
72.98  4.30   8.125   2.408     -7.044  -11.700    3.000   0.000
72.98  4.30   8.235   4.733     -7.673  -14.200    3.000   0.000
72.98  4.30   8.290  10.481     -7.988  -17.700    3.000   0.000
72.98  4.30   8.400   4.112     -8.617  -14.700    3.000   0.000
72.98  4.30   8.405   9.110     -8.645  -17.700    3.000   0.000
72.98  4.30   8.555   5.888     -9.620  -16.900    3.000   0.000
72.98  4.30  21.000   0.005     -125.339  -125.000    5.000   0.000
73.03  5.27   2.095   1.811      0.096   0.500    0.300   0.000
73.03  5.27   2.104   1.798      0.098   0.500    0.300   0.000
73.03  5.27   3.445   0.225      0.158   0.300    0.300   0.000
73.03  5.27   3.930   0.241      0.164   0.900    1.500   0.000
73.03  5.27   4.368   0.190      0.046   0.700    1.500   0.000
73.03  5.27   4.600   0.771     -0.017   1.300    1.500   0.000
73.03  5.27   5.026   0.446     -0.102   0.900    1.500   0.000
73.03  5.27   6.060   0.002     -0.339  -0.400    1.500   0.000
73.03  5.27   6.328   0.015     -0.617  -0.800    1.500   0.000
73.03  5.27   6.440   0.178     -0.734  -0.100    1.500   0.000
73.03  5.27   6.589   0.159     -1.002  -1.600    1.500   0.000
73.03  5.27   6.918   0.008     -1.766  -1.500    3.000   0.000
73.03  5.27   6.935   0.041     -1.805  -1.200    3.000   0.000
73.03  5.27   6.973   0.186     -1.893  -0.600    3.000   0.000
73.03  5.27   7.138   0.076     -2.425  -1.600    3.000   0.000
73.03  5.27   7.231   0.002     -2.741  -2.600    3.000   0.000
73.03  5.27   7.244   0.131     -2.785  -1.700    3.000   0.000
73.03  5.27   7.266   0.014     -2.860  -2.500    3.000   0.000
73.03  5.27   7.280   0.017     -2.908  -3.300    3.000   0.000
73.03  5.27   7.424   0.010     -3.397  -3.100    3.000   0.000
73.03  5.27   7.424   0.135     -3.397  -4.500    3.000   0.000
73.03  5.27   7.441   0.079     -3.455  -4.300    3.000   0.000
73.03  5.27   7.793   0.506     -5.365  -7.500    3.000   0.000
73.03  5.27   8.071   0.291     -6.982  -8.600    3.000   0.000
73.03  5.27   8.097   0.677     -7.132  -9.600    3.000   0.000
73.03  5.27   8.136   0.963     -7.356  -10.300    3.000   0.000
96.82  -12.18   0.916   1.044     -0.004   0.200    0.200   0.000
96.82  -12.18   2.611   4.331      0.084   0.500    0.200   0.000
96.82  -12.18   2.801   4.435      0.079   0.500    0.200   0.000
96.82  -12.18   2.826   4.449      0.078   0.500    0.200   0.000
96.82  -12.18   2.851   4.463      0.078   0.500    0.200   0.000
96.82  -12.18   3.170   2.649      0.075   0.400    0.200   0.000
96.82  -12.18   3.221   4.521      0.075   0.500    0.200   0.000
96.82  -12.18   3.439   3.052      0.076   0.600    0.300   0.000
96.82  -12.18   3.503   4.322      0.076   0.700    0.300   0.000
55.52  -4.68   3.740   0.000      0.704   0.700    2.500   0.000
55.52  -4.68   4.110   0.962      0.752  -1.700    2.500   0.000
55.52  -4.68   4.289   1.113      0.737  -1.900    2.500   0.000
55.52  -4.68   4.685   0.071      0.732   1.400    2.500   0.000
55.52  -4.68   7.200   7.284     -1.053  -7.800    2.500   0.000
55.52  -4.68   8.200   0.180     -5.640  -6.700    2.500   0.000
45.27  -12.80   9.170  646.706     -16.085  -28.800    0.500   0.000
45.27  -12.80   9.640  53.356     -20.091  -34.700    2.000   0.000
45.27  -12.80   9.725  47.194     -20.960  -34.700    2.000   0.000
45.27  -12.80  11.080  498.551     -36.172  -58.500    1.000   0.000
45.27  -12.80  11.375  1197.490     -42.698  -60.000    0.500   0.000
45.27  -12.80  11.405  1016.173     -43.361  -59.300    0.500   0.000
45.27  -12.80  11.635  730.490     -46.986  -60.500    0.500   0.000
45.27  -12.80  12.035  406.346     -51.421  -61.500    0.500   0.000
45.27  -12.80   1.500   0.843     -0.096   2.200    2.500   0.000
45.27  -12.80   2.660  17.193     -0.127  -2.200    0.500   0.000
45.27  -12.80   3.700   0.026     -0.304   0.100    2.500   0.000
45.27  -12.80   6.950  56.488     -3.042  -6.800    0.500   0.000
45.27  -12.80   7.200   0.001     -3.889  -3.800    2.500   0.000
45.27  -12.80   7.305  22.402     -4.267  -9.000    1.000   0.000
45.27  -12.80   7.965   1.908     -7.619  -9.000    1.000   0.000
45.27  -12.80   8.200   1.553     -9.015  -5.900    2.500   0.000
45.27  -12.80   8.200   0.134     -9.015  -8.100    2.500   0.000
45.27  -12.80   8.600   0.409     -11.600  -13.200    2.500   0.000
45.27  -12.80   9.110   1.330     -15.617  -18.500    2.500   0.000
45.27  -12.80  16.900  11.016     -113.043  -123.000    3.000   0.000
45.27  -12.80  17.100   9.392     -113.806  -123.000    3.000   0.000
45.27  -12.80  18.200   2.946     -117.851  -123.000    3.000   0.000
32.40  -28.47   8.993  20.957     -8.844  -18.000    2.000   0.000
32.40  -28.47   9.068  18.733     -9.344  -18.000    2.000   0.000
32.40  -28.47   9.219  14.642     -10.347  -18.000    2.000   0.000
32.40  -28.47   9.373  34.533     -11.371  -29.000    3.000   0.000
32.40  -28.47   9.849  17.776     -15.352  -28.000    3.000   0.000
32.40  -28.47   9.979  14.643     -16.520  -28.000    3.000   0.000
32.40  -28.47  10.793  44.127     -24.072  -44.000    3.000   0.000
32.40  -28.47  10.904  13.092     -25.145  -36.000    3.000   0.000
32.40  -28.47  11.581  13.643     -36.919  -48.000    3.000   0.000
300.45  13.04   0.726   0.357     -0.413   1.200    2.700   0.000
300.45  13.04   8.934   0.664     -20.619  -22.900    2.800   0.000
300.45  13.04   8.936   0.313     -20.635  -22.200    2.800   0.000
300.45  13.04   9.155   1.815     -22.328  -26.100    2.800   0.000
300.45  13.04   9.618   2.717     -26.120  -30.900    2.900   0.000
300.45  13.04   9.922   0.538     -29.072  -31.200    2.900   0.000
300.45  13.04   9.930  11.072     -29.150  -19.500    2.900   0.000
300.45  13.04  10.571   1.522     -35.422  -39.000    2.900   0.000
300.45  13.04  10.808   0.763     -37.866  -40.400    2.900   0.000
300.45  13.04  11.078   0.038     -41.533  -42.100    2.900   0.000
300.45  13.04  11.391   6.870     -48.299  -55.900    2.900   0.000
300.45  13.04  11.392   4.541     -48.320  -54.500    2.900   0.000
300.45  13.04  11.511   3.513     -50.765  -56.200    2.900   0.000
300.45  13.04  11.512   3.003     -50.775  -55.800    2.900   0.000
300.45  13.04  12.002   1.320     -55.654  -59.100    3.000   0.000
300.45  13.04  12.170   0.644     -57.092  -59.500    3.000   0.000
300.45  13.04  12.203   0.456     -57.374  -59.400    3.000   0.000
300.45  13.04  12.798   0.075     -63.219  -62.400    3.000   0.000
300.45  13.04  12.844   0.036     -63.729  -64.300    3.000   0.000
300.45  13.04  12.993   0.020     -65.380  -65.800    3.000   0.000
300.45  13.04  13.088   0.160     -66.199  -67.400    3.000   0.000
300.45  13.04  13.179   0.097     -66.964  -67.900    3.000   0.000
300.45  13.04  13.555   0.102     -70.340  -71.300    3.000   0.000
300.45  13.04  13.574   0.117     -70.573  -71.600    3.000   0.000
300.45  13.04  13.578   0.154     -70.622  -71.800    3.000   0.000
300.45  13.04  13.632   0.074     -71.284  -72.100    3.000   0.000
300.45  13.04  14.082  15.663     -79.127  -91.000    3.000   0.000
300.45  13.04  14.255   5.164     -86.155  -93.200    3.100   0.000
300.45  13.04  14.295   1.853     -87.780  -92.000    3.100   0.000
300.45  13.04  14.396   1.077     -91.883  -95.100    3.100   0.000
300.45  13.04  14.408   0.719     -92.371  -95.000    3.100   0.000
300.45  13.04  14.539   0.001     -96.390  -96.500    3.100   0.000
300.45  13.04  14.573   0.779     -96.636  -93.900    3.100   0.000
300.45  13.04  17.580   0.901     -112.733  -109.600    3.300   0.000
300.45  13.04  18.116   2.746     -114.468  -109.000    3.300   0.000
300.45  13.04  18.174   2.248     -114.647  -109.700    3.300   0.000
300.45  13.04  18.176   2.075     -114.654  -109.900    3.300   0.000
300.45  13.04  18.218   2.280     -114.783  -109.800    3.300   0.000
300.45  13.04  18.408   8.764     -115.370  -105.600    3.300   0.000
300.45  13.04  18.448   2.872     -115.493  -109.900    3.300   0.000
300.45  13.04  18.549   2.157     -115.746  -110.900    3.300   0.000
300.45  13.04  18.716   0.807     -116.064  -113.100    3.300   0.000
300.45  13.04  18.746   2.046     -116.121  -111.400    3.300   0.000
300.45  13.04  18.783   1.935     -116.191  -111.600    3.300   0.000
300.45  13.04  18.806   0.791     -116.235  -113.300    3.300   0.000
300.45  13.04  19.075   0.151     -116.718  -118.000    3.300   0.000
300.45  13.04  19.392  11.531     -117.206  -106.000    3.300   0.000
300.45  13.04  19.518   9.008     -117.404  -107.500    3.300   0.000
300.45  13.04  19.708   8.717     -117.743  -108.000    3.300   0.000
300.45  13.04  30.147  96.176     -125.808  -85.600    4.100   0.000
300.45  13.04  30.225  93.675     -125.682  -86.000    4.100   0.000
300.45  13.04  30.242  90.736     -125.655  -86.600    4.100   0.000
300.45  13.04  30.298  86.066     -125.564  -86.600    4.200   0.000
0.00  0.00   0.000   0.000      0.000   0.000    0.000   0.000
0.00  0.00   0.000   0.000      0.000   0.000    0.000   0.000
0.00  0.00   0.000   0.000      0.000   0.000    0.000   0.000
0.00  0.00   0.000   0.000      0.000   0.000    0.000   0.000
0.00  0.00   0.000   0.000      0.000   0.000    0.000   0.000
0.00  0.00   0.000   0.000      0.000   0.000    0.000   0.000
0.00  0.00   0.000   0.000      0.000   0.000    0.000   0.000
0.00  0.00   0.000   0.000      0.000   0.000    0.000   0.000
0.00  0.00   0.000   0.000      0.000   0.000    0.000   0.000
0.00  0.00   0.000   0.000      0.000   0.000    0.000   0.000
0.00  0.00   0.000   0.000      0.000   0.000    0.000   0.000
0.00  0.00   0.000   0.000      0.000   0.000    0.000   0.000
0.00  0.00   0.000   0.000      0.000   0.000    0.000   0.000
0.00  0.00   0.000   0.000      0.000   0.000    0.000   0.000
0.00  0.00   0.000   0.000      0.000   0.000    0.000   0.000
0.00  0.00   0.000   0.000      0.000   0.000    0.000   0.000
0.00  0.00   0.000   0.000      0.000   0.000    0.000   0.000
0.00  0.00   0.000   0.000      0.000   0.000    0.000   0.000
0.00  0.00   0.000   0.000      0.000   0.000    0.000   0.000
0.00  0.00   0.000   0.000      0.000   0.000    0.000   0.000
0.00  0.00   0.000   0.000      0.000   0.000    0.000   0.000
0.00  0.00   0.000   0.000      0.000   0.000    0.000   0.000
0.00  0.00   0.000   0.000      0.000   0.000    0.000   0.000
0.00  0.00   0.000   0.000      0.000   0.000    0.000   0.000
0.00  0.00   0.000   0.000      0.000   0.000    0.000   0.000
0.00  0.00   0.000   0.000      0.000   0.000    0.000   0.000
0.00  0.00   0.000   0.000      0.000   0.000    0.000   0.000
0.00  0.00   0.000   0.000      0.000   0.000    0.000   0.000
0.00  0.00   0.000   0.000      0.000   0.000    0.000   0.000
0.00  0.00   0.000   0.000      0.000   0.000    0.000   0.000
0.00  0.00   0.000   0.000      0.000   0.000    0.000   0.000
0.00  0.00   0.000   0.000      0.000   0.000    0.000   0.000
0.00  0.00   0.000   0.000      0.000   0.000    0.000   0.000
0.00  0.00   0.000   0.000      0.000   0.000    0.000   0.000
0.00  0.00   0.000   0.000      0.000   0.000    0.000   0.000
0.00  0.00   0.000   0.000      0.000   0.000    0.000   0.000
0.00  0.00   0.000   0.000      0.000   0.000    0.000   0.000
0.00  0.00   0.000   0.000      0.000   0.000    0.000   0.000
0.00  0.00   0.000   0.000      0.000   0.000    0.000   0.000
0.00  0.00   0.000   0.000      0.000   0.000    0.000   0.000
0.00  0.00   0.000   0.000      0.000   0.000    0.000   0.000
0.00  0.00   0.000   0.000      0.000   0.000    0.000   0.000
0.00  0.00   0.000   0.000      0.000   0.000    0.000   0.000
0.00  0.00   0.000   0.000      0.000   0.000    0.000   0.000
0.00  0.00   0.000   0.000      0.000   0.000    0.000   0.000
0.00  0.00   0.000   0.000      0.000   0.000    0.000   0.000
0.00  0.00   0.000   0.000      0.000   0.000    0.000   0.000
0.00  0.00   0.000   0.000      0.000   0.000    0.000   0.000
0.00  0.00   0.000   0.000      0.000   0.000    0.000   0.000
0.00  0.00   0.000   0.000      0.000   0.000    0.000   0.000
0.00  0.00   0.000   0.000      0.000   0.000    0.000   0.000
0.00  0.00   0.000   0.000      0.000   0.000    0.000   0.000
0.00  0.00   0.000   0.000      0.000   0.000    0.000   0.000
0.00  0.00   0.000   0.000      0.000   0.000    0.000   0.000
0.00  0.00   0.000   0.000      0.000   0.000    0.000   0.000
0.00  0.00   0.000   0.000      0.000   0.000    0.000   0.000
0.00  0.00   0.000   0.000      0.000   0.000    0.000   0.000
0.00  0.00   0.000   0.000      0.000   0.000    0.000   0.000
0.00  0.00   0.000   0.000      0.000   0.000    0.000   0.000
0.00  0.00   0.000   0.000      0.000   0.000    0.000   0.000
0.00  0.00   0.000   0.000      0.000   0.000    0.000   0.000
0.00  0.00   0.000   0.000      0.000   0.000    0.000   0.000
0.00  0.00   0.000   0.000      0.000   0.000    0.000   0.000
0.00  0.00   0.000   0.000      0.000   0.000    0.000   0.000
0.00  0.00   0.000   0.000      0.000   0.000    0.000   0.000
0.00  0.00   0.000   0.000      0.000   0.000    0.000   0.000
0.00  0.00   0.000   0.000      0.000   0.000    0.000   0.000
0.00  0.00   0.000   0.000      0.000   0.000    0.000   0.000
0.00  0.00   0.000   0.000      0.000   0.000    0.000   0.000
0.00  0.00   0.000   0.000      0.000   0.000    0.000   0.000
0.00  0.00   0.000   0.000      0.000   0.000    0.000   0.000
0.00  0.00   0.000   0.000      0.000   0.000    0.000   0.000
0.00  0.00   0.000   0.000      0.000   0.000    0.000   0.000
0.00  0.00   0.000   0.000      0.000   0.000    0.000   0.000
0.00  0.00   0.000   0.000      0.000   0.000    0.000   0.000
0.00  0.00   0.000   0.000      0.000   0.000    0.000   0.000
0.00  0.00   0.000   0.000      0.000   0.000    0.000   0.000
0.00  0.00   0.000   0.000      0.000   0.000    0.000   0.000
0.00  0.00   0.000   0.000      0.000   0.000    0.000   0.000
0.00  0.00   0.000   0.000      0.000   0.000    0.000   0.000
0.00  0.00   0.000   0.000      0.000   0.000    0.000   0.000
0.00  0.00   0.000   0.000      0.000   0.000    0.000   0.000
0.00  0.00   0.000   0.000      0.000   0.000    0.000   0.000
0.00  0.00   0.000   0.000      0.000   0.000    0.000   0.000
0.00  0.00   0.000   0.000      0.000   0.000    0.000   0.000
0.00  0.00   0.000   0.000      0.000   0.000    0.000   0.000
0.00  0.00   0.000   0.000      0.000   0.000    0.000   0.000
0.00  0.00   0.000   0.000      0.000   0.000    0.000   0.000
0.00  0.00   0.000   0.000      0.000   0.000    0.000   0.000
0.00  0.00   0.000   0.000      0.000   0.000    0.000   0.000
0.00  0.00   0.000   0.000      0.000   0.000    0.000   0.000
0.00  0.00   0.000   0.000      0.000   0.000    0.000   0.000
0.00  0.00   0.000   0.000      0.000   0.000    0.000   0.000
0.00  0.00   0.000   0.000      0.000   0.000    0.000   0.000
0.00  0.00   0.000   0.000      0.000   0.000    0.000   0.000
0.00  0.00   0.000   0.000      0.000   0.000    0.000   0.000
0.00  0.00   0.000   0.000      0.000   0.000    0.000   0.000
0.00  0.00   0.000   0.000      0.000   0.000    0.000   0.000
0.00  0.00   0.000   0.000      0.000   0.000    0.000   0.000
0.00  0.00   0.000   0.000      0.000   0.000    0.000   0.000
0.00  0.00   0.000   0.000      0.000   0.000    0.000   0.000
0.00  0.00   0.000   0.000      0.000   0.000    0.000   0.000
0.00  0.00   0.000   0.000      0.000   0.000    0.000   0.000
0.00  0.00   0.000   0.000      0.000   0.000    0.000   0.000
0.00  0.00   0.000   0.000      0.000   0.000    0.000   0.000
0.00  0.00   0.000   0.000      0.000   0.000    0.000   0.000
0.00  0.00   0.000   0.000      0.000   0.000    0.000   0.000
0.00  0.00   0.000   0.000      0.000   0.000    0.000   0.000
0.00  0.00   0.000   0.000      0.000   0.000    0.000   0.000
0.00  0.00   0.000   0.000      0.000   0.000    0.000   0.000
0.00  0.00   0.000   0.000      0.000   0.000    0.000   0.000
0.00  0.00   0.000   0.000      0.000   0.000    0.000   0.000
0.00  0.00   0.000   0.000      0.000   0.000    0.000   0.000
0.00  0.00   0.000   0.000      0.000   0.000    0.000   0.000
0.00  0.00   0.000   0.000      0.000   0.000    0.000   0.000
0.00  0.00   0.000   0.000      0.000   0.000    0.000   0.000
0.00  0.00   0.000   0.000      0.000   0.000    0.000   0.000
0.00  0.00   0.000   0.000      0.000   0.000    0.000   0.000
0.00  0.00   0.000   0.000      0.000   0.000    0.000   0.000
0.00  0.00   0.000   0.000      0.000   0.000    0.000   0.000
0.00  0.00   0.000   0.000      0.000   0.000    0.000   0.000
0.00  0.00   0.000   0.000      0.000   0.000    0.000   0.000
0.00  0.00   0.000   0.000      0.000   0.000    0.000   0.000
0.00  0.00   0.000   0.000      0.000   0.000    0.000   0.000
0.00  0.00   0.000   0.000      0.000   0.000    0.000   0.000
0.00  0.00   0.000   0.000      0.000   0.000    0.000   0.000
0.00  0.00   0.000   0.000      0.000   0.000    0.000   0.000
0.00  0.00   0.000   0.000      0.000   0.000    0.000   0.000
0.00  0.00   0.000   0.000      0.000   0.000    0.000   0.000
0.00  0.00   0.000   0.000      0.000   0.000    0.000   0.000
0.00  0.00   0.000   0.000      0.000   0.000    0.000   0.000
0.00  0.00   0.000   0.000      0.000   0.000    0.000   0.000
0.00  0.00   0.000   0.000      0.000   0.000    0.000   0.000
0.00  0.00   0.000   0.000      0.000   0.000    0.000   0.000
0.00  0.00   0.000   0.000      0.000   0.000    0.000   0.000
0.00  0.00   0.000   0.000      0.000   0.000    0.000   0.000
0.00  0.00   0.000   0.000      0.000   0.000    0.000   0.000
0.00  0.00   0.000   0.000      0.000   0.000    0.000   0.000
0.00  0.00   0.000   0.000      0.000   0.000    0.000   0.000
0.00  0.00   0.000   0.000      0.000   0.000    0.000   0.000
0.00  0.00   0.000   0.000      0.000   0.000    0.000   0.000
0.00  0.00   0.000   0.000      0.000   0.000    0.000   0.000
0.00  0.00   0.000   0.000      0.000   0.000    0.000   0.000
0.00  0.00   0.000   0.000      0.000   0.000    0.000   0.000
0.00  0.00   0.000   0.000      0.000   0.000    0.000   0.000
0.00  0.00   0.000   0.000      0.000   0.000    0.000   0.000
0.00  0.00   0.000   0.000      0.000   0.000    0.000   0.000
0.00  0.00   0.000   0.000      0.000   0.000    0.000   0.000
0.00  0.00   0.000   0.000      0.000   0.000    0.000   0.000
0.00  0.00   0.000   0.000      0.000   0.000    0.000   0.000
0.00  0.00   0.000   0.000      0.000   0.000    0.000   0.000
0.00  0.00   0.000   0.000      0.000   0.000    0.000   0.000
0.00  0.00   0.000   0.000      0.000   0.000    0.000   0.000
0.00  0.00   0.000   0.000      0.000   0.000    0.000   0.000
0.00  0.00   0.000   0.000      0.000   0.000    0.000   0.000
0.00  0.00   0.000   0.000      0.000   0.000    0.000   0.000
0.00  0.00   0.000   0.000      0.000   0.000    0.000   0.000
0.00  0.00   0.000   0.000      0.000   0.000    0.000   0.000
0.00  0.00   0.000   0.000      0.000   0.000    0.000   0.000
0.00  0.00   0.000   0.000      0.000   0.000    0.000   0.000
0.00  0.00   0.000   0.000      0.000   0.000    0.000   0.000
0.00  0.00   0.000   0.000      0.000   0.000    0.000   0.000
0.00  0.00   0.000   0.000      0.000   0.000    0.000   0.000
0.00  0.00   0.000   0.000      0.000   0.000    0.000   0.000
0.00  0.00   0.000   0.000      0.000   0.000    0.000   0.000
0.00  0.00   0.000   0.000      0.000   0.000    0.000   0.000
0.00  0.00   0.000   0.000      0.000   0.000    0.000   0.000
0.00  0.00   0.000   0.000      0.000   0.000    0.000   0.000
0.00  0.00   0.000   0.000      0.000   0.000    0.000   0.000
0.00  0.00   0.000   0.000      0.000   0.000    0.000   0.000
0.00  0.00   0.000   0.000      0.000   0.000    0.000   0.000
0.00  0.00   0.000   0.000      0.000   0.000    0.000   0.000
0.00  0.00   0.000   0.000      0.000   0.000    0.000   0.000
0.00  0.00   0.000   0.000      0.000   0.000    0.000   0.000
0.00  0.00   0.000   0.000      0.000   0.000    0.000   0.000
0.00  0.00   0.000   0.000      0.000   0.000    0.000   0.000
0.00  0.00   0.000   0.000      0.000   0.000    0.000   0.000
0.00  0.00   0.000   0.000      0.000   0.000    0.000   0.000
0.00  0.00   0.000   0.000      0.000   0.000    0.000   0.000
0.00  0.00   0.000   0.000      0.000   0.000    0.000   0.000
0.00  0.00   0.000   0.000      0.000   0.000    0.000   0.000
0.00  0.00   0.000   0.000      0.000   0.000    0.000   0.000
0.00  0.00   0.000   0.000      0.000   0.000    0.000   0.000
0.00  0.00   0.000   0.000      0.000   0.000    0.000   0.000
0.00  0.00   0.000   0.000      0.000   0.000    0.000   0.000
0.00  0.00   0.000   0.000      0.000   0.000    0.000   0.000
0.00  0.00   0.000   0.000      0.000   0.000    0.000   0.000
0.00  0.00   0.000   0.000      0.000   0.000    0.000   0.000
0.00  0.00   0.000   0.000      0.000   0.000    0.000   0.000
0.00  0.00   0.000   0.000      0.000   0.000    0.000   0.000
0.00  0.00   0.000   0.000      0.000   0.000    0.000   0.000
0.00  0.00   0.000   0.000      0.000   0.000    0.000   0.000
0.00  0.00   0.000   0.000      0.000   0.000    0.000   0.000
0.00  0.00   0.000   0.000      0.000   0.000    0.000   0.000
0.00  0.00   0.000   0.000      0.000   0.000    0.000   0.000
0.00  0.00   0.000   0.000      0.000   0.000    0.000   0.000
0.00  0.00   0.000   0.000      0.000   0.000    0.000   0.000
0.00  0.00   0.000   0.000      0.000   0.000    0.000   0.000
0.00  0.00   0.000   0.000      0.000   0.000    0.000   0.000
0.00  0.00   0.000   0.000      0.000   0.000    0.000   0.000
0.00  0.00   0.000   0.000      0.000   0.000    0.000   0.000
0.00  0.00   0.000   0.000      0.000   0.000    0.000   0.000
0.00  0.00   0.000   0.000      0.000   0.000    0.000   0.000
0.00  0.00   0.000   0.000      0.000   0.000    0.000   0.000
0.00  0.00   0.000   0.000      0.000   0.000    0.000   0.000
0.00  0.00   0.000   0.000      0.000   0.000    0.000   0.000
0.00  0.00   0.000   0.000      0.000   0.000    0.000   0.000
0.00  0.00   0.000   0.000      0.000   0.000    0.000   0.000
0.00  0.00   0.000   0.000      0.000   0.000    0.000   0.000
0.00  0.00   0.000   0.000      0.000   0.000    0.000   0.000
0.00  0.00   0.000   0.000      0.000   0.000    0.000   0.000
0.00  0.00   0.000   0.000      0.000   0.000    0.000   0.000
0.00  0.00   0.000   0.000      0.000   0.000    0.000   0.000
0.00  0.00   0.000   0.000      0.000   0.000    0.000   0.000
0.00  0.00   0.000   0.000      0.000   0.000    0.000   0.000
0.00  0.00   0.000   0.000      0.000   0.000    0.000   0.000
0.00  0.00   0.000   0.000      0.000   0.000    0.000   0.000
0.00  0.00   0.000   0.000      0.000   0.000    0.000   0.000
0.00  0.00   0.000   0.000      0.000   0.000    0.000   0.000
0.00  0.00   0.000   0.000      0.000   0.000    0.000   0.000
0.00  0.00   0.000   0.000      0.000   0.000    0.000   0.000
0.00  0.00   0.000   0.000      0.000   0.000    0.000   0.000
0.00  0.00   0.000   0.000      0.000   0.000    0.000   0.000
0.00  0.00   0.000   0.000      0.000   0.000    0.000   0.000
0.00  0.00   0.000   0.000      0.000   0.000    0.000   0.000
0.00  0.00   0.000   0.000      0.000   0.000    0.000   0.000
0.00  0.00   0.000   0.000      0.000   0.000    0.000   0.000
0.00  0.00   0.000   0.000      0.000   0.000    0.000   0.000
0.00  0.00   0.000   0.000      0.000   0.000    0.000   0.000
0.00  0.00   0.000   0.000      0.000   0.000    0.000   0.000
0.00  0.00   0.000   0.000      0.000   0.000    0.000   0.000
0.00  0.00   0.000   0.000      0.000   0.000    0.000   0.000
0.00  0.00   0.000   0.000      0.000   0.000    0.000   0.000
0.00  0.00   0.000   0.000      0.000   0.000    0.000   0.000
0.00  0.00   0.000   0.000      0.000   0.000    0.000   0.000
0.00  0.00   0.000   0.000      0.000   0.000    0.000   0.000
0.00  0.00   0.000   0.000      0.000   0.000    0.000   0.000
0.00  0.00   0.000   0.000      0.000   0.000    0.000   0.000
0.00  0.00   0.000   0.000      0.000   0.000    0.000   0.000
0.00  0.00   0.000   0.000      0.000   0.000    0.000   0.000
0.00  0.00   0.000   0.000      0.000   0.000    0.000   0.000
0.00  0.00   0.000   0.000      0.000   0.000    0.000   0.000
0.00  0.00   0.000   0.000      0.000   0.000    0.000   0.000
0.00  0.00   0.000   0.000      0.000   0.000    0.000   0.000
0.00  0.00   0.000   0.000      0.000   0.000    0.000   0.000
0.00  0.00   0.000   0.000      0.000   0.000    0.000   0.000
0.00  0.00   0.000   0.000      0.000   0.000    0.000   0.000
0.00  0.00   0.000   0.000      0.000   0.000    0.000   0.000
0.00  0.00   0.000   0.000      0.000   0.000    0.000   0.000
0.00  0.00   0.000   0.000      0.000   0.000    0.000   0.000
0.00  0.00   0.000   0.000      0.000   0.000    0.000   0.000
0.00  0.00   0.000   0.000      0.000   0.000    0.000   0.000
0.00  0.00   0.000   0.000      0.000   0.000    0.000   0.000
0.00  0.00   0.000   0.000      0.000   0.000    0.000   0.000
0.00  0.00   0.000   0.000      0.000   0.000    0.000   0.000
0.00  0.00   0.000   0.000      0.000   0.000    0.000   0.000
0.00  0.00   0.000   0.000      0.000   0.000    0.000   0.000
0.00  0.00   0.000   0.000      0.000   0.000    0.000   0.000
0.00  0.00   0.000   0.000      0.000   0.000    0.000   0.000
0.00  0.00   0.000   0.000      0.000   0.000    0.000   0.000
0.00  0.00   0.000   0.000      0.000   0.000    0.000   0.000
0.00  0.00   0.000   0.000      0.000   0.000    0.000   0.000
0.00  0.00   0.000   0.000      0.000   0.000    0.000   0.000
0.00  0.00   0.000   0.000      0.000   0.000    0.000   0.000
0.00  0.00   0.000   0.000      0.000   0.000    0.000   0.000
0.00  0.00   0.000   0.000      0.000   0.000    0.000   0.000
0.00  0.00   0.000   0.000      0.000   0.000    0.000   0.000
0.00  0.00   0.000   0.000      0.000   0.000    0.000   0.000
0.00  0.00   0.000   0.000      0.000   0.000    0.000   0.000
0.00  0.00   0.000   0.000      0.000   0.000    0.000   0.000
0.00  0.00   0.000   0.000      0.000   0.000    0.000   0.000
0.00  0.00   0.000   0.000      0.000   0.000    0.000   0.000
0.00  0.00   0.000   0.000      0.000   0.000    0.000   0.000
0.00  0.00   0.000   0.000      0.000   0.000    0.000   0.000
0.00  0.00   0.000   0.000      0.000   0.000    0.000   0.000
0.00  0.00   0.000   0.000      0.000   0.000    0.000   0.000
0.00  0.00   0.000   0.000      0.000   0.000    0.000   0.000
0.00  0.00   0.000   0.000      0.000   0.000    0.000   0.000
0.00  0.00   0.000   0.000      0.000   0.000    0.000   0.000
0.00  0.00   0.000   0.000      0.000   0.000    0.000   0.000
0.00  0.00   0.000   0.000      0.000   0.000    0.000   0.000
0.00  0.00   0.000   0.000      0.000   0.000    0.000   0.000
0.00  0.00   0.000   0.000      0.000   0.000    0.000   0.000
0.00  0.00   0.000   0.000      0.000   0.000    0.000   0.000
0.00  0.00   0.000   0.000      0.000   0.000    0.000   0.000
0.00  0.00   0.000   0.000      0.000   0.000    0.000   0.000
0.00  0.00   0.000   0.000      0.000   0.000    0.000   0.000
0.00  0.00   0.000   0.000      0.000   0.000    0.000   0.000
0.00  0.00   0.000   0.000      0.000   0.000    0.000   0.000
0.00  0.00   0.000   0.000      0.000   0.000    0.000   0.000
0.00  0.00   0.000   0.000      0.000   0.000    0.000   0.000
0.00  0.00   0.000   0.000      0.000   0.000    0.000   0.000
0.00  0.00   0.000   0.000      0.000   0.000    0.000   0.000
0.00  0.00   0.000   0.000      0.000   0.000    0.000   0.000
0.00  0.00   0.000   0.000      0.000   0.000    0.000   0.000
0.00  0.00   0.000   0.000      0.000   0.000    0.000   0.000
