5.135208890834167761e+01
5.108547740677847315e+01
5.081194660116685924e+01
5.056797894736801879e+01
5.041176121045438663e+01
5.037498008315245102e+01
5.047094888837669657e+01
5.068215050109966313e+01
5.097344152066150968e+01
5.130504878826796045e+01
5.165096706535020132e+01
5.198732256309786948e+01
5.229383342449539640e+01
5.258554843779769783e+01
5.284754274645059979e+01
5.307890984505475274e+01
5.328073032950103283e+01
5.345762274497425892e+01
5.360503618122507419e+01
5.372496195167668276e+01
5.381550252778220766e+01
5.388695839889658146e+01
5.393597046763999003e+01
5.396979499700628935e+01
5.399266705669769806e+01
5.400549988597804685e+01
5.401394950253885696e+01
5.401789751374028015e+01
5.401905810790394469e+01
5.401687421313088322e+01
5.401414492296254366e+01
5.401412041292212507e+01
5.139433261070945491e+01
5.105677060253120914e+01
5.070626371555438539e+01
5.040326498071044625e+01
5.020669234743517961e+01
5.017015767176788898e+01
5.029727214403957447e+01
5.057187572544382448e+01
5.095702409211324380e+01
5.140288436827935215e+01
5.187061256227003270e+01
5.233059160865159498e+01
5.276964843725122023e+01
5.317866512753221286e+01
5.355038847516797063e+01
5.388086843753132626e+01
5.417299341011675295e+01
5.442060653773287271e+01
5.462438604753440075e+01
5.478325162324156850e+01
5.490553390307386650e+01
5.499432919886287152e+01
5.505333071857303651e+01
5.509166699489514940e+01
5.511702715005068853e+01
5.512615135386802478e+01
5.512771428240968419e+01
5.512788961038478419e+01
5.512346617662475268e+01
5.511683570296901991e+01
5.511376706246743140e+01
5.510749203488373382e+01
5.147797525841150446e+01
5.106344783708524915e+01
5.063085039992424186e+01
5.025709270019075348e+01
5.001370004055178953e+01
4.995392422804826538e+01
5.010874983156431739e+01
5.045223274288007786e+01
5.094198044215581689e+01
5.151631212069194987e+01
5.212956198393792562e+01
5.273867573399872555e+01
5.332268120105526066e+01
5.386412845507310010e+01
5.435829543161005262e+01
5.479201296928339104e+01
5.517076783346056601e+01
5.549049594055531287e+01
5.574037227118980553e+01
5.593747551646639238e+01
5.607752763787657102e+01
5.617135546850941807e+01
5.623386091819918420e+01
5.626816598284106163e+01
5.628120205066545623e+01
5.628262969410326377e+01
5.627434408232583962e+01
5.626618884966273981e+01
5.625247961622491744e+01
5.623981744674108540e+01
5.622765787739518828e+01
5.621656451192722415e+01
5.158391408563047520e+01
5.108069255323729152e+01
5.056488957910170257e+01
5.010854652296108469e+01
4.980464461268256571e+01
4.971954130533740823e+01
4.989494934509009028e+01
5.030520035262314593e+01
5.089951836779514593e+01
5.160911895161492424e+01
5.237208174038710951e+01
5.313842084999096471e+01
5.386809759276457044e+01
5.454424029991516676e+01
5.515214701405998454e+01
5.568451725580451495e+01
5.613410631858422306e+01
5.650071902401275281e+01
5.678514807147676180e+01
5.698902463182043476e+01
5.713205924695455451e+01
5.722042550628885493e+01
5.726831035868888620e+01
5.728685182474652748e+01
5.728330735057178202e+01
5.726807108513146716e+01
5.724722157900336583e+01
5.722269799850779748e+01
5.719555877764990726e+01
5.717191086811421741e+01
5.715034721954577890e+01
5.713245235575735848e+01
5.166457937982941928e+01
5.108217489598897032e+01
5.046928188869600973e+01
4.992913897403109758e+01
4.955899777732103928e+01
4.944412690353472328e+01
4.963017077393285348e+01
5.009813097989829345e+01
5.079472775155764452e+01
5.163609307490575162e+01
5.253976948506655731e+01
5.344626100466020091e+01
5.430968989524471624e+01
5.509855884194202247e+01
5.579470378962665933e+01
5.639170884802931738e+01
5.687793649248465755e+01
5.726212646365694781e+01
5.754876528187579510e+01
5.774457672691141852e+01
5.786903210602206826e+01
5.793356755577652706e+01
5.795342284078974870e+01
5.794951528184154910e+01
5.792419367430277788e+01
5.789310314585220851e+01
5.785393749328148516e+01
5.781747572139494906e+01
5.778102817042127981e+01
5.774774421066218366e+01
5.771931496627335889e+01
5.769240264959575626e+01
5.167402914709970929e+01
5.100670885990924575e+01
5.031003708922290940e+01
4.968537861952766832e+01
4.924914127428640143e+01
4.910125536501109167e+01
4.929107328231390994e+01
4.981069439526340403e+01
5.059501565124471512e+01
5.154936881341348709e+01
5.257547957695958019e+01
5.359505935762442874e+01
5.455006095786021092e+01
5.540789088615809987e+01
5.614881523617831505e+01
5.676560560610208483e+01
5.725565056699791455e+01
5.762242953211260499e+01
5.788402172965214731e+01
5.804945804021746625e+01
5.814135526491529760e+01
5.818043522195829809e+01
5.818242199762817535e+01
5.815709725793148266e+01
5.812497518474225444e+01
5.808384133886619338e+01
5.803795878944906406e+01
5.799724085616738023e+01
5.796089337631796923e+01
5.792911245966294587e+01
5.790139566311436425e+01
5.788021512247303946e+01
5.153407879414125148e+01
5.079101814741109422e+01
5.002653947551026903e+01
4.932980508885064097e+01
4.883432146333967694e+01
4.866013000970848168e+01
4.885815824073230829e+01
4.942091046710618230e+01
5.027810606892882106e+01
5.131727984411318033e+01
5.242719968208963621e+01
5.351807260934824484e+01
5.452253846212894928e+01
5.540161981415214143e+01
5.613922557325065554e+01
5.673502707739621087e+01
5.719011511562723626e+01
5.752243169720701133e+01
5.774816062273195882e+01
5.788734180709699473e+01
5.796223256392988077e+01
5.799423632020423014e+01
5.800171329710983770e+01
5.798754051918621855e+01
5.797217000861820679e+01
5.795071487506997698e+01
5.793251518876790129e+01
5.791514368727497697e+01
5.790131762149701444e+01
5.788931328048214908e+01
5.787883041485696367e+01
5.787437300968299070e+01
5.116536994330428456e+01
5.036950261678510543e+01
4.954096958230272207e+01
4.879312576342056218e+01
4.826471764499503792e+01
4.807554950180672648e+01
4.829052514455587897e+01
4.889577223063410116e+01
4.981035523569713774e+01
5.091208589967996545e+01
5.207359214346359266e+01
5.318910144441809962e+01
5.419302431628784689e+01
5.504942950761373766e+01
5.575082469332556911e+01
5.629976189508090556e+01
5.671631988956573878e+01
5.701579378976587265e+01
5.722600556936843219e+01
5.736888763653167445e+01
5.747124616158531296e+01
5.754694420844221270e+01
5.760653846187598504e+01
5.766133649155421637e+01
5.771570688850254527e+01
5.776639567231772077e+01
5.781443241211491113e+01
5.786058213823095286e+01
5.790172971322567008e+01
5.793833458957404758e+01
5.797287452855945133e+01
5.799749503395113948e+01
5.050586426822617625e+01
4.967757863390090023e+01
4.881110374956023179e+01
4.803857982108287672e+01
4.750041794810626072e+01
4.732333380169034598e+01
4.756783356438717902e+01
4.821741633405988381e+01
4.918011321665235158e+01
5.032022918659268385e+01
5.149606549818722812e+01
5.260299457233217879e+01
5.357063800936229114e+01
5.437871277603920106e+01
5.502478489043460286e+01
5.552879896753820788e+01
5.591496919514137431e+01
5.621405188891194626e+01
5.645628547267822483e+01
5.666463727575266063e+01
5.685723187869962203e+01
5.704741807354895400e+01
5.724295868804556164e+01
5.743386988167156204e+01
5.762547091804847810e+01
5.780583271685809876e+01
5.797412122350346664e+01
5.812721300518244050e+01
5.826047557437959057e+01
5.837902639263973015e+01
5.847733044774572164e+01
5.856031402776644512e+01
4.954384430776435266e+01
4.869367705400648560e+01
4.781999156566895692e+01
4.705715022710558060e+01
4.654178916725118142e+01
4.640769546430922077e+01
4.670212203361326431e+01
4.740437739879272527e+01
4.840830263729334604e+01
4.956678889869942140e+01
5.073318225473846610e+01
5.179964558411991504e+01
5.270501531519317240e+01
5.344410860060781943e+01
5.402625692379936595e+01
5.449091689292767171e+01
5.487598024019050769e+01
5.521560899810192780e+01
5.554388222814644394e+01
5.588109470320625860e+01
5.624137325392894127e+01
5.662109358074395971e+01
5.701574296467175174e+01
5.741474865288014229e+01
5.780458349662581696e+01
5.817314407453881842e+01
5.850844158864129696e+01
5.880634122819735410e+01
5.906544354376471517e+01
5.928560887928163226e+01
5.946931099889689420e+01
5.962408446942223605e+01
4.831273851492555593e+01
4.747205399404754900e+01
4.663233628296665501e+01
4.591426287866329403e+01
4.545925271757687369e+01
4.539360077832172635e+01
4.576089737421614956e+01
4.652382136086736608e+01
4.756652262839165246e+01
4.872598012504014520e+01
4.985626939588804163e+01
5.085202544762344701e+01
5.166824688818978473e+01
5.231218762077215700e+01
5.281880593653229283e+01
5.323946618761533500e+01
5.362986471484958884e+01
5.403351690519124872e+01
5.448060497160815174e+01
5.499104964049762145e+01
5.555897475345157943e+01
5.617962496238737913e+01
5.682270656752145044e+01
5.746754455488056834e+01
5.808932416934030840e+01
5.867145161582768509e+01
5.919750132912648155e+01
5.965910814193327383e+01
6.005870614648434724e+01
6.039339783205136314e+01
6.067137783617852875e+01
6.089465558288627278e+01
4.692165878366011356e+01
4.613312866561316383e+01
4.535883898872519637e+01
4.472368288032408401e+01
4.436897643440316585e+01
4.440372067032553360e+01
4.486615937530926601e+01
4.570157546250489133e+01
4.677719368747268192e+01
4.792522874951814771e+01
4.899155715972089808e+01
4.987930753590791255e+01
5.055579177322395168e+01
5.105523259841393724e+01
5.143396427720180952e+01
5.177143003862793336e+01
5.213471367412607549e+01
5.257111714417573012e+01
5.312202966737409326e+01
5.378593846702402459e+01
5.455866854416066047e+01
5.540568767985877230e+01
5.629050421969407125e+01
5.717530589812543695e+01
5.802619799691287739e+01
5.880951272346705139e+01
5.951589300604192800e+01
6.013424363368812209e+01
6.065930057015577859e+01
6.109529332947935387e+01
6.145447031998409670e+01
6.174256056425938510e+01
4.550871899870734438e+01
4.479599196756099388e+01
4.412532427019221615e+01
4.361432252066586557e+01
4.339325929799131387e+01
4.356610496890716888e+01
4.414906915257457598e+01
4.507229502654434583e+01
4.618622334830992315e+01
4.730495007668697127e+01
4.827174680002922713e+01
4.899594849517685446e+01
4.946373721255588407e+01
4.973247002280638185e+01
4.989212185684811374e+01
5.004264842616705522e+01
5.028140182141500958e+01
5.066178393286509873e+01
5.122321460562502438e+01
5.196299108585182580e+01
5.285670639763109335e+01
5.386236222925793271e+01
5.492384505261384220e+01
5.598800871717288885e+01
5.700189090087997812e+01
5.794215337833534107e+01
5.878650276610370184e+01
5.951302209197809390e+01
6.012811265482949352e+01
6.063538606262282116e+01
6.105245922241955725e+01
6.138406229887412735e+01
4.416418970618666151e+01
4.355989289808657361e+01
4.302701091085279472e+01
4.267672050940093698e+01
4.263316287144905914e+01
4.298062401423356960e+01
4.372274014210723436e+01
4.476163419586164594e+01
4.592177142460724326e+01
4.699908435452804412e+01
4.783355292768294476e+01
4.832871172742962784e+01
4.849630603794498995e+01
4.841892453359294279e+01
4.822281341510733910e+01
4.804842146125571389e+01
4.800514036358570280e+01
4.817868431713226585e+01
4.860378360761592376e+01
4.928173566864932553e+01
5.016607005997198598e+01
5.120591763130812524e+01
5.232783138703513259e+01
5.346357544004490592e+01
5.455739379016431911e+01
5.557036422869334302e+01
5.647094996993391192e+01
5.724986155002470412e+01
5.790574394470095143e+01
5.844251518651213928e+01
5.887844795298774869e+01
5.922360403662919737e+01
4.294473455644547499e+01
4.247862352142201559e+01
4.211553227467475580e+01
4.196533371404111534e+01
4.214609519510493385e+01
4.272362982248529306e+01
4.367683836170349565e+01
4.487489161095275847e+01
4.611251497614962602e+01
4.715489589765713419e+01
4.782411493844545447e+01
4.803272311935306504e+01
4.780370585445512432e+01
4.725429771746408392e+01
4.655814746152129402e+01
4.589068860883624268e+01
4.539775261096917092e+01
4.519003115377454805e+01
4.531003713420052037e+01
4.575283685161273439e+01
4.647448118805365880e+01
4.740016319808621859e+01
4.844760186194100271e+01
4.953569556487953918e+01
5.060002972005418087e+01
5.158950514331130677e+01
5.246900257540539059e+01
5.323270534836237289e+01
5.386642571566641635e+01
5.439175403084959015e+01
5.481133613045710007e+01
5.514038880307700907e+01
4.187463575656605741e+01
4.157812694863797276e+01
4.142537251192819525e+01
4.153117345126720750e+01
4.200293432799286109e+01
4.288460972149729855e+01
4.412234733696380573e+01
4.554717399108008635e+01
4.691085002917246527e+01
4.794630960832565592e+01
4.844612339657011546e+01
4.831945455413936230e+01
4.761367754985150214e+01
4.648357064765956892e+01
4.515245935128652377e+01
4.384454625485738433e+01
4.274601765363922112e+01
4.199405152544594699e+01
4.164836289069346265e+01
4.170800134888603594e+01
4.211842111862343785e+01
4.279861833786278424e+01
4.364909283062752365e+01
4.458151545761696610e+01
4.551668160464534907e+01
4.639873956712709457e+01
4.719358631972139051e+01
4.788144628238671174e+01
4.845415769128618422e+01
4.892083660664113864e+01
4.929533278765863002e+01
4.958795492860569709e+01
4.100722829806263547e+01
4.092605235417560294e+01
4.104818001184862197e+01
4.148474634236900016e+01
4.233085484028224954e+01
4.360934278693236621e+01
4.522535007311051203e+01
4.696025386936491941e+01
4.851537951829112671e+01
4.957979867714516331e+01
4.991381688461897426e+01
4.943276243086170751e+01
4.819708499144194747e+01
4.640855432376470446e+01
4.434302965275294639e+01
4.228114147717597149e+01
4.046168848299857501e+01
3.904798293165847412e+01
3.812085287414458179e+01
3.768365140359538401e+01
3.768045145828425291e+01
3.801544537617775887e+01
3.858497586186528139e+01
3.928255768300920181e+01
4.002724824958967531e+01
4.074898289177922095e+01
4.140897677026412538e+01
4.198610121334012746e+01
4.246726927317059364e+01
4.285627523160565033e+01
4.316522425543353592e+01
4.340985294311064990e+01
4.047355471356323875e+01
4.067400083248654141e+01
4.114443229621392817e+01
4.199698073932225384e+01
4.331052963674160594e+01
4.507802481261442296e+01
4.715578662061921733e+01
4.927376278514115882e+01
5.107454712405193220e+01
5.220015678515692770e+01
5.238665578261792888e+01
5.153407478287250854e+01
4.973296099056332764e+01
4.723716148321516073e+01
4.437964681671230238e+01
4.150000692565396321e+01
3.889162698134978058e+01
3.675481558517209635e+01
3.518537541029469651e+01
3.419668826523386684e+01
3.372926579856953566e+01
3.367948813969677246e+01
3.392704066103194549e+01
3.435825302373314827e+01
3.488238452382151422e+01
3.542288832681656885e+01
3.593362072151784758e+01
3.638231781707364121e+01
3.676221871536476726e+01
3.706999430339710244e+01
3.731122174183181528e+01
3.749954363992394946e+01
4.048382345224212742e+01
4.102667541424346354e+01
4.191284615049085716e+01
4.324791419453759289e+01
4.509487914897944449e+01
4.740324686494415118e+01
4.998852759819850888e+01
5.251998532285018939e+01
5.457821773884220562e+01
5.576096721293230019e+01
5.578462172754828430e+01
5.454531283589080459e+01
5.216481797487777783e+01
4.893689488384401898e+01
4.526208384198496759e+01
4.155429800234395543e+01
3.814263278012391112e+01
3.527307451839059382e+01
3.306229319034864034e+01
3.152485716635764135e+01
3.059707628424742154e+01
3.016804307683537800e+01
3.010465630351653843e+01
3.028125810841277143e+01
3.059478240715442610e+01
3.096261755229828694e+01
3.132652256356456988e+01
3.166243792634504572e+01
3.194669808064100991e+01
3.217780102131363407e+01
3.235994150139013925e+01
3.249935161707352194e+01
4.122479612827466156e+01
4.214089761154807690e+01
4.346835891249450157e+01
4.530624347290976317e+01
4.768784829772308598e+01
5.053082515218792992e+01
5.359334814252942181e+01
5.649713484271196506e+01
5.877119938246901398e+01
5.997205895100511697e+01
5.979425759076131186e+01
5.814271842786401834e+01
5.516072680568753839e+01
5.120633562098540636e+01
4.673403691284288897e+01
4.221752765360583481e+01
3.804233332519455502e+01
3.448245756816208285e+01
3.167735185695289601e+01
2.964294074571540349e+01
2.830874118304324227e+01
2.754855872461388344e+01
2.722054466347600155e+01
2.718356639704162347e+01
2.732142709994898411e+01
2.755011965488420955e+01
2.780252906692448889e+01
2.804305014966193710e+01
2.825332114499260427e+01
2.842489137121826914e+01
2.856037323553339391e+01
2.866077349516350736e+01
4.273999742648603473e+01
4.401501674416518028e+01
4.575178403292603235e+01
4.803975176869811747e+01
5.089239250598225794e+01
5.418538929718825159e+01
5.763613492123229065e+01
6.081465918154631822e+01
6.321439903247784997e+01
6.435997673159771182e+01
6.392939368644012177e+01
6.183974367575308406e+01
5.826924147316231739e+01
5.361253517972414784e+01
4.839395472501990980e+01
4.313378944603035592e+01
3.827325746111850435e+01
3.411016242260038211e+01
3.079814308723276639e+01
2.835177988110400094e+01
2.669281290024031250e+01
2.567935173128932291e+01
2.515400878590953582e+01
2.496566736572634326e+01
2.498337411776737937e+01
2.511587221919288737e+01
2.529142885189275702e+01
2.547322357407988846e+01
2.563372076207912542e+01
2.576676062657714894e+01
2.587100520123755842e+01
2.594559395828987292e+01
4.487738577178846100e+01
4.643855306759101609e+01
4.850167559662226324e+01
5.114080047391669126e+01
5.434335595523654661e+01
5.795619796039294158e+01
6.166371204685849960e+01
6.499171730346051845e+01
6.741499922286605795e+01
6.842995946023732756e+01
6.771247732812354059e+01
6.518450465178490560e+01
6.105941895301785394e+01
5.577175638746134467e+01
4.989099063054484162e+01
4.399988108846326895e+01
3.856461401276094136e+01
3.391117622367467987e+01
3.020199293557356768e+01
2.745022464856980449e+01
2.556297616675918860e+01
2.438452203809097441e+01
2.374209035239567456e+01
2.346658044719248437e+01
2.342246088773747559e+01
2.350550811773770832e+01
2.364621934015841376e+01
2.379756103030363690e+01
2.393493800791481263e+01
2.404910238539157774e+01
2.413726887427742440e+01
2.420147863685309275e+01
4.730056006611982156e+01
4.906587981776570473e+01
5.134919712896589061e+01
5.421572925784185770e+01
5.763226842619111778e+01
6.142167382035904666e+01
6.524627354451347117e+01
6.861321117395952740e+01
7.097329169701366425e+01
7.181937662993180993e+01
7.081113007907127610e+01
6.789005196323239488e+01
6.328844662553787970e+01
5.746633028284984590e+01
5.105666490334785124e+01
4.465814929700606228e+01
3.878129115357149459e+01
3.376616458841680668e+01
2.978168923454696326e+01
2.683458860385386302e+01
2.481820971918185492e+01
2.355987284755976674e+01
2.287191057338630529e+01
2.257352842767070911e+01
2.252008044450297319e+01
2.259733575587971899e+01
2.273503879326679922e+01
2.288225087154471993e+01
2.301880125985123371e+01
2.313206617272317445e+01
2.321810677995253513e+01
2.328040254993101144e+01
4.967256200077871853e+01
5.155186709330340022e+01
5.395170616058326374e+01
5.692373027741254532e+01
6.042503460112002500e+01
6.426751027640725056e+01
6.809658849746823250e+01
7.141465439766500367e+01
7.366482644107058775e+01
7.432891417386564115e+01
7.307860991232280412e+01
6.984166531507209186e+01
6.487518772127167210e+01
5.866755083359182521e+01
5.186622421117056092e+01
4.510718408398171420e+01
3.892409458786213605e+01
3.367801272323284678e+01
2.953356094609229388e+01
2.648923374048451507e+01
2.442857957452336848e+01
2.316393529093874548e+01
2.249289454114470388e+01
2.222199359176907407e+01
2.219732030383246624e+01
2.230364498475588775e+01
2.246293967068891817e+01
2.263041146544233229e+01
2.278059014414787953e+01
2.290383163199991756e+01
2.300000717808104511e+01
2.306777047756666832e+01
5.173741331743043048e+01
5.365957335416157292e+01
5.608967278465814843e+01
5.907229271900499867e+01
6.255461094452353876e+01
6.634898009167106636e+01
7.010151285676684552e+01
7.331483820290435460e+01
7.543639057653014390e+01
7.595217881254498593e+01
7.452226057304349638e+01
7.107575842778962283e+01
6.588026712605267221e+01
5.942001462469948336e+01
5.237898186311547022e+01
4.539782657091128470e+01
3.904708143701693501e+01
3.368474390478860414e+01
2.947247682729325646e+01
2.641650792120610802e+01
2.438141373262867262e+01
2.316728784099422001e+01
2.255383082864912581e+01
2.234599048905032248e+01
2.237952449199263683e+01
2.253294264846706696e+01
2.273218182037982160e+01
2.293439298661304804e+01
2.310638603539086944e+01
2.324773468232154272e+01
2.335757638056878704e+01
2.343602724399292114e+01
5.338414102244785653e+01
5.529413861231105898e+01
5.768998388405691458e+01
6.061174913387674223e+01
6.400451529059722588e+01
6.767533354912480092e+01
7.128862071012727597e+01
7.436511928160149409e+01
7.635360010196320957e+01
7.675343417247677280e+01
7.521782568409447833e+01
7.168381880109758697e+01
6.638255993923671383e+01
5.981636486501970751e+01
5.267014825251536081e+01
4.560704924101952429e+01
3.919398951338666137e+01
3.380113682564702771e+01
2.960588766647388681e+01
2.659547122214146953e+01
2.462817073998746409e+01
2.349745071293515863e+01
2.297221536738747361e+01
2.284476222011778290e+01
2.295207389166290568e+01
2.316741616813463622e+01
2.341720970933121748e+01
2.365374031261568177e+01
2.385783842579007086e+01
2.402045484080204574e+01
2.414547377033288811e+01
2.423732512981479914e+01
5.461623649275502856e+01
5.647493276505176141e+01
5.879598047340074629e+01
6.160552512558087557e+01
6.484964102193430335e+01
6.834619626223530986e+01
7.177859168805483137e+01
7.468735109485925250e+01
7.655312759873066852e+01
7.686919541955974466e+01
7.530120047377292281e+01
7.175795743040265506e+01
6.647012160716582230e+01
5.992476334293930762e+01
5.278937699354592894e+01
4.574589088317299002e+01
3.935864325929842522e+01
3.401433277941863764e+01
2.988370914055399652e+01
2.695828196579996217e+01
2.509245043406458109e+01
2.406233780680667422e+01
2.363686227078003199e+01
2.359877591763586580e+01
2.378158009654983474e+01
2.406397256378071603e+01
2.436187226189242949e+01
2.463938577105971817e+01
2.487259624426932803e+01
2.506044731661090097e+01
2.520056554469294596e+01
2.530521137955852495e+01
