7.518106624132688864e+01
7.520236415036521294e+01
7.507140942107929504e+01
7.474221424861831053e+01
7.419442559233409895e+01
7.349629163617640870e+01
7.273367843496123442e+01
7.203770667421198937e+01
7.148475879318550597e+01
7.114991564003658198e+01
7.103004392181212268e+01
7.109778773799845908e+01
7.130292380476767278e+01
7.158199754002390591e+01
7.188490810420553601e+01
7.215907045280387422e+01
7.240011045896579844e+01
7.259663822031798475e+01
7.276275966555017760e+01
7.291447980806057672e+01
7.304091052784221461e+01
7.315759572244469666e+01
7.327783002186843930e+01
7.338584284625616760e+01
7.348050385509466764e+01
7.357697775014906938e+01
7.365493702890005068e+01
7.373372588972698338e+01
7.379696173461185538e+01
7.385013198479747132e+01
7.389041262622598083e+01
7.392553705583485169e+01
7.411913996659274062e+01
7.422644864835734779e+01
7.417063739139163658e+01
7.391691536022916864e+01
7.344484857950483558e+01
7.282823056368006576e+01
7.214266620028196542e+01
7.152555102794451614e+01
7.107553827410701786e+01
7.085157856731848369e+01
7.086739267278335319e+01
7.109290360352478899e+01
7.144659072375139885e+01
7.188786548268754473e+01
7.233311871084660538e+01
7.274973762797881705e+01
7.310968910130510778e+01
7.341909959718852008e+01
7.368895977477477288e+01
7.392284251473110146e+01
7.413517694327188678e+01
7.433764519264435933e+01
7.453027361794838157e+01
7.469177976311277689e+01
7.484726028560466204e+01
7.499418796784333097e+01
7.512999102178373789e+01
7.523894878022397847e+01
7.533156687829638543e+01
7.541731766242067181e+01
7.547613759837787484e+01
7.553513334929192524e+01
7.276097913335367195e+01
7.290445815811966668e+01
7.290063636269489677e+01
7.268965986342459473e+01
7.227114715298137071e+01
7.168952384226614072e+01
7.105708284492233417e+01
7.049839745892150233e+01
7.011017372922198376e+01
6.998288755115365234e+01
7.011278118752213118e+01
7.045926971470487388e+01
7.096250915631780742e+01
7.153600274256555736e+01
7.212072507910094998e+01
7.265450087006546198e+01
7.312832865631365564e+01
7.354197841734922747e+01
7.391069585712757828e+01
7.423256527612686284e+01
7.453254400625051801e+01
7.481523557682970704e+01
7.507308361799799457e+01
7.530674236965924706e+01
7.551348107574033008e+01
7.571160644656046657e+01
7.589370277645150509e+01
7.604901971975672836e+01
7.617905459321902129e+01
7.629619314347252157e+01
7.639133530643312042e+01
7.646526656734917538e+01
7.119979051247840118e+01
7.130739900629981776e+01
7.129641194902215773e+01
7.107131939357593353e+01
7.063548487118563912e+01
7.004343750364139964e+01
6.939224710756928971e+01
6.882365171952875471e+01
6.843615000249717184e+01
6.832321820957866976e+01
6.848075187417018128e+01
6.888515095145200462e+01
6.945555810344031045e+01
7.009395557737998672e+01
7.074531236365749010e+01
7.135670429561862704e+01
7.190543188987733458e+01
7.238551806770273345e+01
7.280872534759804182e+01
7.320113842163264906e+01
7.356366356374057602e+01
7.389949383876827937e+01
7.421333127128851004e+01
7.450654907251860948e+01
7.477176922244996149e+01
7.502016978365440991e+01
7.524229126412002699e+01
7.542823934574150258e+01
7.560142415965826501e+01
7.574246045923565873e+01
7.587474561545805329e+01
7.597216307467466834e+01
6.950023752128905130e+01
6.952305181287950120e+01
6.941874013519419861e+01
6.909543653862790791e+01
6.855143537638338103e+01
6.784446258607863456e+01
6.706525621599770659e+01
6.636336078522634807e+01
6.586886484955611820e+01
6.564371880932888814e+01
6.570836053752803707e+01
6.604267478390794111e+01
6.654301148364814367e+01
6.715350748979280127e+01
6.776984683446913493e+01
6.835118285651667236e+01
6.888357359731595864e+01
6.935513098597209591e+01
6.978295164138926054e+01
7.018629808386357638e+01
7.055999507769148238e+01
7.091516635138864899e+01
7.126301213705410476e+01
7.157783956653912583e+01
7.188060858663482122e+01
7.214519330941043052e+01
7.240166153550451611e+01
7.262248918076939219e+01
7.281309268323296635e+01
7.298598877581792976e+01
7.313872255095590447e+01
7.325937356472545048e+01
6.774564855931741647e+01
6.761951952161251711e+01
6.733597452702571218e+01
6.681663388004807302e+01
6.605328503846136812e+01
6.509592701915136104e+01
6.406951629889159960e+01
6.309838281321419373e+01
6.233205919883316426e+01
6.184398922353758365e+01
6.167601808081471404e+01
6.176921590475500778e+01
6.206466221666432403e+01
6.248583125175360919e+01
6.293904978379732995e+01
6.338230220496591727e+01
6.378353529349568163e+01
6.416104985329698707e+01
6.451022956240016981e+01
6.485258543370575524e+01
6.518438016320057216e+01
6.550884715495773492e+01
6.583693326447010463e+01
6.614273116072773462e+01
6.644248212426199984e+01
6.672435853185758958e+01
6.698269623077928259e+01
6.721690217187946814e+01
6.741963500948668297e+01
6.759833213496217752e+01
6.775242327071048010e+01
6.789271244930726823e+01
6.597143087797866201e+01
6.562671388825556562e+01
6.507966449043462376e+01
6.427094418502592532e+01
6.316657098859486297e+01
6.185135465771294605e+01
6.041961798903038527e+01
5.905633176698232489e+01
5.788759834490779355e+01
5.700637136583706166e+01
5.645233133247268142e+01
5.619359666856486513e+01
5.615116818394456288e+01
5.625941388727731152e+01
5.644254832708936220e+01
5.663618801301118566e+01
5.683945634879282949e+01
5.704309871499209805e+01
5.724415157958549116e+01
5.745589530081869611e+01
5.769501163550807377e+01
5.794256583198653487e+01
5.820146271529721815e+01
5.847528175267149209e+01
5.874263012086841229e+01
5.899346167644559102e+01
5.923918090044246298e+01
5.946006953876623413e+01
5.966032040163149475e+01
5.982944108966506747e+01
5.998545311447204398e+01
6.011041621428234549e+01
6.412001773537365068e+01
6.350090745952957860e+01
6.263107661531704906e+01
6.143540599447705830e+01
5.990717379677143839e+01
5.811814995412768781e+01
5.620037232866162924e+01
5.434040069914163951e+01
5.269499924165261717e+01
5.134838196766618523e+01
5.035667147678172029e+01
4.967546111208087467e+01
4.925024684619327076e+01
4.900310305526559773e+01
4.886390230758068043e+01
4.878092454188282545e+01
4.874205989259375826e+01
4.873215861676979443e+01
4.876445067676841205e+01
4.883827467161195557e+01
4.895651367368021312e+01
4.910222760522113816e+01
4.928353832160289727e+01
4.948230361608738548e+01
4.969572613657459215e+01
4.990677402533070506e+01
5.010951061042959509e+01
5.030262705601921169e+01
5.047456680539004736e+01
5.062774897675783592e+01
5.076245131455343085e+01
5.087354228720965921e+01
6.206908980776672280e+01
6.113304789296204689e+01
5.987834499635869889e+01
5.824546985482660233e+01
5.623387408663849385e+01
5.391793981252011037e+01
5.147330374751805948e+01
4.909837590345080827e+01
4.696701548752863431e+01
4.517628418213020325e+01
4.376778183876018602e+01
4.271753880657666258e+01
4.194677735479542235e+01
4.139064012830273498e+01
4.097814651179626111e+01
4.066182376608623628e+01
4.042334908727801235e+01
4.024873966538466163e+01
4.013903861920444882e+01
4.008706813684666770e+01
4.009630231242900322e+01
4.015537288844826946e+01
4.025469658039913412e+01
4.038462981400237339e+01
4.053830423316249210e+01
4.069477472786959993e+01
4.085580761524327897e+01
4.100688363189502894e+01
4.114393928251092092e+01
4.127065806971220496e+01
4.137200962005231730e+01
4.147020585743207022e+01
5.965575806697734862e+01
5.836461724898275349e+01
5.669907245714521338e+01
5.459160110473106187e+01
5.205586231607133385e+01
4.922893836717499028e+01
4.627338034166569258e+01
4.343714548739350079e+01
4.089578369003707792e+01
3.876751441497614081e+01
3.707204697619551581e+01
3.577334515310425900e+01
3.479763366741774888e+01
3.406112895473229685e+01
3.349575714736689491e+01
3.305448781036297845e+01
3.270846704541483518e+01
3.244529259475216776e+01
3.226059664249147829e+01
3.214587047460713620e+01
3.209633768218256478e+01
3.209871467420885693e+01
3.214304186906672811e+01
3.221983603168924049e+01
3.231815842944580908e+01
3.243218300715306412e+01
3.254841745202950420e+01
3.265489273715103735e+01
3.275963487125285667e+01
3.284982459937893395e+01
3.292808935104023504e+01
3.299564439653010339e+01
5.671504803283264806e+01
5.504467423789134983e+01
5.294728692260812863e+01
5.037314958076503046e+01
4.734657671246434774e+01
4.403430737665890859e+01
4.065951528998636633e+01
3.747590420195504635e+01
3.468302421101395083e+01
3.238698746465450995e+01
3.059504219997426588e+01
2.923725538813327418e+01
2.822999635218837255e+01
2.747795040848819070e+01
2.691025779725528011e+01
2.647451375439393573e+01
2.613421891634076033e+01
2.587914194279970914e+01
2.569889366859990076e+01
2.558292638012100184e+01
2.552058417208549201e+01
2.550708657498282861e+01
2.552776396132770742e+01
2.557429233190282858e+01
2.563982539050563503e+01
2.571463229965647557e+01
2.579232040465749165e+01
2.586674469921579345e+01
2.593969243197219399e+01
2.599802744614566663e+01
2.605296373559712464e+01
2.609754532753945711e+01
5.312208323068190197e+01
5.107866928018636798e+01
4.856644339322844672e+01
4.555069848054379378e+01
4.209953382793459298e+01
3.840583672582176433e+01
3.474392093515884739e+01
3.139434669167063419e+01
2.855527733774278332e+01
2.631164755280976664e+01
2.463770789337675993e+01
2.343498935344099365e+01
2.258265028841365663e+01
2.197981694360971971e+01
2.154134487183861424e+01
2.121752586637853000e+01
2.097990110603120684e+01
2.080389312935995605e+01
2.068630331721109883e+01
2.061168811346280094e+01
2.057852275955902499e+01
2.057320419359021457e+01
2.059017181040777089e+01
2.062277663870734656e+01
2.066604337865337726e+01
2.071246129788894308e+01
2.076140876842542937e+01
2.080905763709350964e+01
2.085229644098415847e+01
2.089084533287290313e+01
2.092366588501965907e+01
2.095105472207089292e+01
4.886312683600979767e+01
4.646621789835796790e+01
4.359069089736099301e+01
4.021786293613048713e+01
3.645419368093669732e+01
3.253527441002793807e+01
2.878550605005748864e+01
2.548826923254806331e+01
2.284715819126985537e+01
2.090052836925644897e+01
1.957174037790948162e+01
1.871320908275514938e+01
1.817687061140352256e+01
1.784212569500303047e+01
1.762580434708503674e+01
1.748110905665598480e+01
1.738439143990054703e+01
1.732002914100031177e+01
1.728181886991296778e+01
1.726447616968336263e+01
1.726303649912792793e+01
1.727204319462474658e+01
1.728861837171912086e+01
1.730922053336449551e+01
1.733123715319970159e+01
1.735434235158457739e+01
1.737788656307158064e+01
1.739902966057287159e+01
1.741970074189152484e+01
1.743573119406495664e+01
1.745292698462630199e+01
1.746652428944125646e+01
4.399261761982282337e+01
4.132823250032082285e+01
3.819063037789367598e+01
3.459961356249468878e+01
3.069308051818213556e+01
2.676122207610053749e+01
2.315543481385855884e+01
2.018022459588464912e+01
1.798969549191185635e+01
1.657510687848959918e+01
1.578313474561880092e+01
1.541791657629425849e+01
1.529568636772874513e+01
1.528574517921734532e+01
1.531411801409521622e+01
1.534936264238116799e+01
1.537989195371599926e+01
1.540524314684251550e+01
1.542540437856369628e+01
1.544152455302469562e+01
1.545348215805368319e+01
1.546009155270787971e+01
1.546196343093777870e+01
1.545923519985797867e+01
1.545619229686741392e+01
1.544991621642735780e+01
1.544471298301120221e+01
1.544149243954963602e+01
1.543862696597881801e+01
1.543814346551991790e+01
1.543886307882669939e+01
1.544076560487922123e+01
3.870876255704061464e+01
3.590992896407834678e+01
3.266578589085121109e+01
2.902246955911127912e+01
2.518799091602394569e+01
2.148941487998377298e+01
1.829113200534887440e+01
1.588393137907342378e+01
1.437446463921724771e+01
1.367126823360659493e+01
1.354412114619434249e+01
1.373570040263224357e+01
1.403589247642132243e+01
1.431969584159919151e+01
1.453788117275020575e+01
1.468572911239048118e+01
1.477424173143038111e+01
1.482431460885928587e+01
1.484615379876225383e+01
1.484789102141864703e+01
1.483394666904411174e+01
1.480965344793135685e+01
1.477425747983629023e+01
1.473398361785915078e+01
1.469188446256161917e+01
1.465210783591939858e+01
1.461415808686312801e+01
1.458404627785917640e+01
1.455973534671149672e+01
1.454139668776433325e+01
1.452849628461444453e+01
1.452132254723612270e+01
3.326803406378323302e+01
3.048190633889066348e+01
2.730781936594880221e+01
2.383574411535392557e+01
2.030533777853782595e+01
1.707119750411545667e+01
1.450809774708835675e+01
1.286903781246935097e+01
1.218866173705667677e+01
1.228137717009181884e+01
1.283426944369839084e+01
1.353601317071808019e+01
1.416495516391785969e+01
1.462277699010381049e+01
1.490119267678101522e+01
1.503742709153703672e+01
1.507466823021943902e+01
1.505857434243852921e+01
1.500693908500028328e+01
1.493862431369042376e+01
1.485593126612589288e+01
1.477082169789382249e+01
1.467932078589928224e+01
1.458982064947758239e+01
1.450372341103138218e+01
1.442596753682036237e+01
1.435745401578533631e+01
1.430134537427913521e+01
1.425699011848140962e+01
1.422493054017116521e+01
1.420046209588774744e+01
1.418356409618359315e+01
2.794583500350852745e+01
2.533405590973877608e+01
2.241056295443570079e+01
1.930059576907797236e+01
1.627280890216781373e+01
1.369526496437485186e+01
1.192162290785112333e+01
1.115087693632018073e+01
1.133132261131422780e+01
1.218122261335305900e+01
1.330651658165887063e+01
1.436494440793657468e+01
1.514141484155165962e+01
1.559047934153028514e+01
1.575495867273760098e+01
1.573218795287437999e+01
1.560262474813750089e+01
1.542845362794068542e+01
1.523869029058776903e+01
1.506031106734424618e+01
1.488577115738029910e+01
1.472441198939674400e+01
1.457267267070386652e+01
1.443820280931585032e+01
1.431296676742284824e+01
1.420600374947307998e+01
1.411842996280457818e+01
1.404261980361950179e+01
1.398774596381952762e+01
1.394631533494443687e+01
1.391837790612168924e+01
1.389685355614436801e+01
2.300701863467952180e+01
2.070679186235334512e+01
1.818340681370986545e+01
1.558783236129232286e+01
1.320092399050801646e+01
1.138321052295803248e+01
1.044884223165130521e+01
1.052837447890914113e+01
1.147881558339301833e+01
1.292843064911670403e+01
1.442934208276466990e+01
1.561781052853340057e+01
1.632098704852752036e+01
1.655836448707020736e+01
1.644755093150567049e+01
1.613970706453807580e+01
1.575610048688150044e+01
1.537512210978056970e+01
1.502365400542077012e+01
1.472285597980471827e+01
1.446738012988813082e+01
1.424838897218579703e+01
1.406219630230006423e+01
1.390412490216164088e+01
1.376669264131685111e+01
1.365626532562139417e+01
1.356458027796841215e+01
1.349561690732128838e+01
1.344253956779934178e+01
1.340614543585102325e+01
1.338101322473659316e+01
1.336320826614167601e+01
1.872035039669608025e+01
1.681563307266285534e+01
1.478285782030765816e+01
1.278000789903581946e+01
1.108451790725365882e+01
1.003098787827555327e+01
9.881118073757829023e+00
1.068882171921254809e+01
1.222392760672920353e+01
1.404634016601875146e+01
1.567763062647624039e+01
1.676053970631640766e+01
1.719389942437749497e+01
1.706041863804271941e+01
1.656116989239992066e+01
1.591238903970065977e+01
1.525207726212286907e+01
1.467203910571599579e+01
1.419552139837978011e+01
1.381717382297546060e+01
1.352842790162222464e+01
1.330631389066725490e+01
1.313316503404825752e+01
1.299805915964717329e+01
1.289370088459387098e+01
1.281292571931401270e+01
1.275839075855000893e+01
1.271719510328664171e+01
1.268955300732701552e+01
1.267485288451533165e+01
1.266815362522824451e+01
1.266642835321779792e+01
1.531700857482617195e+01
1.383966631162248540e+01
1.231186749954694726e+01
1.089717496114789697e+01
9.856011008774107296e+00
9.480649056268687147e+00
9.973701215353628413e+00
1.131589144370870947e+01
1.320890048452358201e+01
1.516695067329065871e+01
1.669691890042589932e+01
1.749144109766082877e+01
1.750770862994451349e+01
1.693482023975047568e+01
1.603222488968234316e+01
1.506425491379106951e+01
1.418844896657534527e+01
1.348342082210572457e+01
1.296513654059497611e+01
1.260334616240086802e+01
1.236510085554098382e+01
1.221510348134841628e+01
1.212674812609271768e+01
1.208042204124756758e+01
1.206266184242913830e+01
1.206110437022270432e+01
1.207300004800365834e+01
1.209369180035121971e+01
1.211860594272240377e+01
1.214383611550029762e+01
1.216934006330249396e+01
1.219395147136789781e+01
1.295373775674197248e+01
1.188200951949615813e+01
1.080684268352061927e+01
9.903561943598875317e+00
9.402497951158771627e+00
9.554116642751857569e+00
1.049877245677599014e+01
1.215745976384414462e+01
1.418355740939514753e+01
1.606749133324889200e+01
1.733545377224885442e+01
1.773714469375572378e+01
1.731123122506333800e+01
1.631121323978203819e+01
1.508207649847879495e+01
1.389733952749928392e+01
1.292599744848531529e+01
1.223483476409668746e+01
1.179705165970418790e+01
1.156557231757421533e+01
1.148290026613021020e+01
1.149797541916077037e+01
1.157158532903393322e+01
1.167627666163247291e+01
1.179706947257412786e+01
1.191878897194870568e+01
1.203812426574776495e+01
1.214753130395413372e+01
1.224523237047888635e+01
1.233110600881092722e+01
1.240481464502365050e+01
1.246685416506825561e+01
1.173090961184529490e+01
1.094698498696326538e+01
1.022305524084192641e+01
9.700110333513487504e+00
9.581774368266829711e+00
1.007066167055253558e+01
1.126416142044119795e+01
1.302823044388529006e+01
1.499711701748635129e+01
1.666628533200401563e+01
1.759853598172305311e+01
1.760210205801076810e+01
1.679019790742898266e+01
1.548998804735422219e+01
1.407388350068490723e+01
1.284403215574954871e+01
1.195270404344217319e+01
1.142483398502648839e+01
1.121050678877888274e+01
1.123231600438149691e+01
1.140871501704641666e+01
1.167388599938894522e+01
1.197792148795193690e+01
1.229282258483425494e+01
1.259555601609031505e+01
1.287775942707795984e+01
1.313195871214358945e+01
1.335420383621022822e+01
1.354340227904407179e+01
1.370261109008868772e+01
1.383340767911939118e+01
1.393966005706492162e+01
1.150990009472492304e+01
1.093308834566459709e+01
1.043683133361952287e+01
1.014748474680796697e+01
1.023924388919419926e+01
1.087844898583843367e+01
1.212336216492653129e+01
1.381986859686184133e+01
1.560568473077756124e+01
1.699834896328167488e+01
1.759815857190622168e+01
1.728634487884382054e+01
1.622874453211916190e+01
1.479985761365610841e+01
1.340209332448035262e+01
1.232467648676911942e+01
1.169017370762495389e+01
1.148914931476972434e+01
1.163684587992444008e+01
1.202287123191519846e+01
1.254661559775486879e+01
1.312966015013014598e+01
1.371960265699293835e+01
1.428311388165516682e+01
1.480219853753395221e+01
1.526728874670923908e+01
1.567447465084169522e+01
1.601994879832693641e+01
1.631164021568792322e+01
1.655150755545435004e+01
1.674430283435991740e+01
1.689897929144773769e+01
1.216596675466439947e+01
1.169530775500276931e+01
1.130661620236465836e+01
1.110963906449649308e+01
1.125360624915904850e+01
1.187756647483969275e+01
1.301571875886499718e+01
1.452155261186251423e+01
1.604752258457264347e+01
1.715402610649282522e+01
1.750122745292161852e+01
1.700608760043531476e+01
1.589229494510612284e+01
1.454788730618195203e+01
1.337747219632874085e+01
1.264437115555106850e+01
1.243763711595898158e+01
1.270668741303176930e+01
1.332668735724823783e+01
1.416360489003880474e+01
1.509788814062578766e+01
1.604514425680764234e+01
1.695046424329375512e+01
1.778804250617843152e+01
1.853580033286041129e+01
1.919236566491197138e+01
1.975636559660319591e+01
2.023268678246064312e+01
2.062665868579504291e+01
2.094596110525787580e+01
2.120216491480468335e+01
2.140450627096634051e+01
1.355562788174412425e+01
1.310659111522393694e+01
1.272759201235463600e+01
1.250858145976278557e+01
1.257751896737512887e+01
1.305512401222170382e+01
1.397404909376453119e+01
1.520687516190610822e+01
1.644458128618049741e+01
1.730359883697257573e+01
1.749448574603878015e+01
1.697548660792376651e+01
1.599091886928419903e+01
1.493172513356613429e+01
1.417923762362146611e+01
1.395814779523539073e+01
1.431501208400699099e+01
1.515686577236496824e+01
1.632552989850303859e+01
1.766164748513748961e+01
1.903710372004742268e+01
2.036733531157789656e+01
2.159573281689497293e+01
2.270308091239305526e+01
2.367909612223702709e+01
2.452166757421841226e+01
2.523799842893780365e+01
2.583813825143752396e+01
2.632800427933443643e+01
2.672427129861430473e+01
2.703859917541973701e+01
2.728444437138029954e+01
1.559589247886271579e+01
1.510836039689695731e+01
1.466756859620242182e+01
1.434429477675232611e+01
1.424900596131054797e+01
1.449050325103147507e+01
1.511401539961471308e+01
1.602394058339524463e+01
1.696917363081842467e+01
1.762867821953433278e+01
1.776376481144011876e+01
1.736794758233850899e+01
1.667310167235579499e+01
1.605826475991931090e+01
1.586166161078486780e+01
1.626551895952649218e+01
1.726657917564868328e+01
1.873194976517432409e+01
2.047591715613184959e+01
2.232200297942934952e+01
2.413476245808009679e+01
2.583486835289829386e+01
2.736994841585310567e+01
2.873047521859682618e+01
2.991217293489526696e+01
3.092564186767606671e+01
3.177963831229979874e+01
3.248260447414724439e+01
3.305972625278492671e+01
3.352071713791124807e+01
3.388304797729561813e+01
3.416487045474258366e+01
1.825887036179737066e+01
1.769342731591757101e+01
1.714625999933607403e+01
1.667020248451640541e+01
1.635600523587346444e+01
1.631205005873500369e+01
1.659756917714697977e+01
1.716176018547211157e+01
1.782313983703011928e+01
1.832306943795494547e+01
1.848103369335600021e+01
1.830016391886383431e+01
1.800558899737135476e+01
1.792859376075636746e+01
1.836425777661858305e+01
1.943799347148633316e+01
2.110254178214812981e+01
2.318863482271730092e+01
2.548639172993585333e+01
2.780977042235197061e+01
3.002251547453064973e+01
3.205108547570850419e+01
3.385752476041297854e+01
3.543286098508377790e+01
3.678920324378163542e+01
3.794121012420091432e+01
3.890219599685575957e+01
3.969504585344404290e+01
4.033697668470131958e+01
4.084980192693937795e+01
4.125233138340422556e+01
4.156004711178503186e+01
