-94.73  62.48   6.715   9.465     118.191  110.000    2.700   0.421
-94.73  62.48   6.578  40.610     118.191  101.000    2.700   0.295
-94.73  62.48   6.636  67.744     118.191  96.000    2.700   0.310
-94.73  62.48   5.455  83.858     96.322  71.600    2.700   0.335
-94.73  62.48   6.096  35.803     106.133  90.000    2.700   0.301
-94.73  62.48   6.567  244.239     118.191  76.000    2.700   0.288
-94.73  62.48   7.287  30.723     136.810  122.000    2.700   0.267
-94.73  62.48   7.237   9.273     127.796  120.000    2.700   0.245
-94.73  62.48   7.548  16.063     136.810  126.000    2.700   0.266
-94.73  62.48   1.722  87.222     22.682  10.000    1.400   0.098
-94.73  62.48   0.735  30.335      7.509  15.000    1.400   0.179
-94.73  62.48   0.633  30.718      7.509  15.000    1.400   0.092
-94.73  62.48   3.893  84.681     66.274  44.200    2.400   0.359
-94.73  62.48   7.301  788.743     136.810  61.000    2.700   0.321
-94.73  62.48   4.551  24.811     75.445  62.000    2.700   0.423
-94.73  62.48   5.804   3.150     106.133  110.000    2.700   0.187
-94.73  62.48   7.514  98.600     136.810  110.000    2.700   0.238
-94.73  62.48   7.689  727.573     136.810  64.000    2.700   0.309
-94.73  62.48   4.181  1845.577     66.274  40.500    0.600   0.310
-94.73  62.48   4.136  1845.432     66.274  40.500    0.600   0.307
-94.73  62.48   4.256  3392.656     75.445  40.500    0.600   0.321
-94.73  62.48   2.799  76.550     47.908  29.100    2.500   0.045
-94.73  62.48   2.607  20.745     39.851  28.700    2.500   0.116
-94.73  62.48   2.483  19.898     39.851  28.700    2.500   0.275
-94.73  62.48   2.557  297.651     39.851  29.500    0.600   0.261
-94.73  62.48   2.979  1003.626     47.908  28.900    0.600   0.263
-94.73  62.48   1.143   4.125     14.907  13.200    2.500   0.074
-94.73  62.48   1.127   0.794     14.907  13.200    2.500   0.223
-94.73  62.48   0.618  79.853      7.509  12.700    0.600   0.052
-94.73  62.48   0.739  21.471      7.509  10.200    0.600   0.204
-94.73  62.48   0.770  76.433     14.907   9.700    0.600   0.216
-94.27  58.58   5.616  2661.711     83.908  22.000    1.200   0.291
-94.27  58.58   7.500  229.530     122.876  85.000    2.500   0.229
-94.27  58.58   3.070  236.179     42.977  23.000    1.300   0.321
-94.27  58.58   8.507  258.253     146.176  106.000    2.500   0.334
-94.27  58.58   4.340  609.716     67.032  30.000    1.500   0.354
-94.27  58.58   0.979   0.830     14.248   8.800    6.000   0.275
-94.27  58.58   2.232   0.634     28.288  25.300    6.100   0.370
-94.27  58.58   0.798   3.051     14.248   4.800    6.000   0.267
-94.27  58.58   3.227   1.340     42.977  36.800    6.400   0.355
-94.27  58.58   1.964   1.784     28.288  20.300    6.000   0.337
-94.27  58.58   7.946   6.815     135.491  142.000    2.500   0.286
-94.27  58.58   8.763  1760.499     171.885  67.000    2.500   0.388
-94.27  58.58   3.240   3.712     42.977  37.900    2.800   0.368
-94.27  58.58   3.240  75.266     42.977  30.000    1.500   0.368
-94.27  58.58   0.224   5.000      0.000   4.000    2.000   0.224
-94.27  58.58   2.092  87.636     28.288  18.000    1.100   0.227
-94.27  58.58   2.643  20.342     35.740  29.000    1.500   0.369
-94.27  58.58   3.859  37.721     59.041  45.000    2.300   0.209
-94.27  58.58   3.024  27.914     42.977  34.000    1.700   0.134
-94.27  58.58   6.857   7.137     111.568  105.000    2.500   0.294
-94.27  58.58   6.625  58.920     104.136  85.000    2.500   0.218
-94.27  58.58   3.747  75.612     50.611  35.000    1.800   0.392
-94.27  58.58   3.708   9.232     50.611  45.700    2.000   0.117
-83.56  53.47   6.702  42.313     132.540  101.000    5.000   0.128
-83.56  53.47   4.151   2.606     72.422  79.900    5.000   0.247
-83.56  53.47   5.492  31.356     106.697  78.700    5.000   0.168
-83.56  53.47   4.479  19.462     83.055  61.000    5.000   0.296
-83.56  53.47   3.695   0.488     62.437  62.000    5.000   0.281
-83.56  53.47   3.259   1.700     62.437  62.500    1.100   0.185
-83.56  53.47   0.316   0.898      7.965   6.400    2.100   0.316
-83.56  53.47   2.006   1.100     34.604  38.800    4.000   0.590
-83.56  53.47   8.007  1107.961     174.315  137.700    1.100   0.364
-83.56  53.47   1.120  13.233     16.493  14.000    0.700   0.162
-83.56  53.47   2.125  513.980     34.604   7.400    1.200   0.619
-83.56  53.47   2.474  18.302     43.389  22.000    5.000   0.468
-83.56  53.47   7.330   7.201     158.158  145.000    5.000   0.324
-83.56  53.47   6.465   2.272     132.540  140.000    5.000   0.166
-83.56  53.47   5.444   2.296     106.697  114.000    5.000   0.138
-83.56  53.47   7.752  109.837     174.315  122.000    5.000   0.411
-83.56  53.47   6.374   0.766     132.540  129.000    5.000   0.245
-78.17  53.12   2.536  58.392     50.913  36.400    1.900   0.172
-78.17  53.12   7.009  27.964     181.848  168.100    2.600   0.148
-78.17  53.12   5.739  242.473     128.441  168.700    2.600   0.145
-78.17  53.12   4.063  154.196     87.882  55.600    2.600   0.352
-78.17  53.12   4.207  587.187     87.882  37.000    2.100   0.624
-78.17  53.12   5.468  128.221     128.441  99.000    2.600   0.684
-78.17  53.12   5.995  65.858     144.100  123.000    2.600   0.541
-78.17  53.12   7.302  137.349     202.460  172.000    2.600   0.625
-78.17  53.12   7.397  56.031     202.460  183.000    2.600   0.905
-78.17  53.12   7.633  196.698     202.460  166.000    2.600   0.579
-78.17  53.12   7.327  175.863     202.460  168.000    2.600   0.386
-78.17  53.12   7.845  398.556     226.895  175.000    2.600   0.377
-78.17  53.12   7.021   6.249     181.848  175.100    2.700   0.414
-78.17  53.12   7.141  47.176     181.848  164.000    2.600   0.616
-78.17  53.12   8.453  1088.617     247.785  162.000    2.600   0.624
-78.17  53.12   8.320  1086.154     247.785  162.100    2.600   0.640
-78.17  53.12   7.896   9.776     226.895  235.000    2.600   0.433
-78.17  53.12   7.455  155.869     202.460  170.000    2.600   0.644
-78.17  53.12   7.455   0.900     202.460  200.000    2.600   0.644
-78.17  53.12   7.965  107.007     226.895  200.000    2.600   0.625
-78.17  53.12   7.679  35.806     202.460  218.000    2.600   0.628
-78.17  53.12   7.537  120.497     202.460  231.000    2.600   0.638
-78.17  53.12   7.648   0.190     202.460  203.000    2.600   0.386
-78.17  53.12   7.651   0.100     202.460  203.000    2.600   0.631
-78.17  53.12   7.889  70.999     226.895  205.000    2.600   0.387
-78.17  53.12   7.120  104.929     181.848  159.400    2.200   0.133
-78.17  53.12   6.847  106.410     181.848  159.400    2.200   0.101
-78.17  53.12   6.401  233.410     163.216  129.700    2.200   0.086
-78.17  53.12   4.378  200.787     100.603  130.300    2.100   0.136
-78.17  53.12   5.739  116.606     128.441  105.000    2.200   0.137
-78.17  53.12   5.658  130.158     128.441  105.000    2.100   0.067
-78.17  53.12   5.180  20.610     114.100  105.000    2.100   0.133
-78.17  53.12   3.352  155.475     75.303  49.300    2.100   0.101
-78.17  53.12   3.201  40.481     62.326  48.700    2.200   0.139
-78.17  53.12   3.266  151.814     75.303  48.700    2.200   0.099
-78.17  53.12   0.141   9.321      0.000   6.000    2.100   0.132
-76.93  56.06   6.655  156.737     138.721  170.000    2.500   0.348
-76.93  56.06   5.518  961.134     107.495  185.000    2.500   0.207
-76.93  56.06   6.149  378.348     121.397  170.000    2.500   0.242
-76.93  56.06   6.298  156.858     138.721  170.000    2.500   0.356
-76.93  56.06   6.327  1609.255     138.721  239.000    2.500   0.304
-76.93  56.06   6.505  272.631     138.721  180.000    2.500   0.220
-76.93  56.06   6.508  357.647     138.721  186.000    2.500   0.218
-76.93  56.06   4.946   4.080     94.958  100.000    2.500   0.492
-76.93  56.06   7.527  180.994     174.619  180.000    0.400   0.283
-76.93  56.06   7.461  7929.380     174.619  139.000    0.400   0.258
-76.93  56.06   7.426  18645.135     174.619  120.000    0.400   0.284
-76.93  56.06   7.397  26911.578     174.619  109.000    0.400   0.243
-76.93  56.06   7.716  39620.402     174.619  95.000    0.400   0.255
-76.93  56.06   7.370  5119.203     174.619  146.000    0.400   0.266
-76.93  56.06   7.313  31169.176     174.619  104.000    0.400   0.314
-76.93  56.06   7.297  5119.547     174.619  146.000    0.400   0.266
-76.93  56.06   7.284  27738.568     174.619  108.000    0.400   0.261
-76.93  56.06   7.246  18864.228     154.938  100.000    0.400   0.275
-76.93  56.06   6.935  8527.492     154.938  118.000    0.400   0.317
-76.93  56.06   6.935  20979.883     154.938  97.000    0.400   0.317
-76.93  56.06   6.844  12621.398     154.938  110.000    0.400   0.368
-76.93  56.06   6.822  13189.510     154.938  109.000    0.400   0.314
-76.93  56.06   6.955  3925.796     154.938  180.000    0.400   0.208
-76.93  56.06   6.607  6114.909     138.721  170.000    0.400   0.286
-76.93  56.06   6.524  48093.825     138.721  51.000    0.400   0.210
-76.93  56.06   5.288  563.955     107.495  98.000    0.400   0.299
-76.93  56.06   4.700  17771.774     82.677  136.000    0.400   0.261
-76.93  56.06   0.475  84.459      7.676   4.000    0.400   0.164
-76.93  56.06   0.466  84.484      7.676   4.000    0.400   0.156
-76.93  56.06   5.080  170.985     94.958  102.800    0.600   0.207
-76.93  56.06   5.177  162.603     94.958  102.600    0.600   0.292
-76.93  56.06   6.764  33.601     154.938  138.200    2.900   0.439
-76.93  56.06   6.780   0.860     154.938  153.000    2.500   0.432
-76.93  56.06   7.008   0.602     154.938  152.300    3.400   0.419
-76.93  56.06   7.012  323.104     154.938  110.000    2.500   0.419
-76.93  56.06   7.202  27.972     154.938  170.200    2.900   0.386
-76.93  56.06   7.528   0.031     174.619  175.000    2.500   0.320
-76.93  56.06   0.213  231.028      0.000   9.100    0.600   0.213
-76.93  56.06   0.226  231.028      0.000   9.100    0.600   0.226
-76.93  56.06   0.386   1.078      7.676  11.600    4.100   0.283
-76.93  56.06   1.677   1.057     24.047  20.300    4.200   0.347
-76.93  56.06   1.990   1.596     32.730  27.300    4.300   0.311
-76.93  56.06   2.861   3.431     50.638  42.300    4.600   0.363
-76.93  56.06   3.556   0.779     60.396  56.300    4.700   0.403
-76.93  56.06   6.961   6.724     154.938  149.500    2.100   0.285
-76.93  56.06   5.322   8.776     107.495  100.000    2.600   0.262
-76.93  56.06   0.150  58.760      0.000   7.600    1.000   0.150
-76.93  56.06   0.666   2.415      7.676   8.500    1.000   0.126
-76.93  56.06   0.191   8.867      0.000  11.500    4.100   0.191
-76.93  56.06   0.962   0.019     15.695  15.600    4.100   0.281
-76.93  56.06   1.151   0.356     15.695  17.100    4.100   0.309
-76.93  56.06   1.224   1.070     15.695  18.700    4.200   0.300
-76.93  56.06   1.530   0.246     24.047  22.000    4.200   0.326
-76.93  56.06   1.536   0.143     24.047  25.600    4.300   0.325
-76.93  56.06   1.556   0.869     24.047  20.200    4.200   0.323
-76.93  56.06   1.738   1.375     24.047  28.200    4.300   0.358
-76.93  56.06   1.766   3.732     32.730  24.900    4.300   0.363
-76.93  56.06   1.966   1.662     32.730  27.200    4.300   0.360
-76.93  56.06   1.996   0.385     32.730  30.000    4.400   0.370
-76.93  56.06   0.484  24.603      7.676   4.700    0.600   0.169
-76.93  56.06   0.222   1.562      0.000   3.000    4.000   0.222
-76.93  56.06   1.151  164.710     15.695   8.000    0.600   0.309
-76.93  56.06   1.812  47.855     32.730  50.000    2.500   0.513
-76.93  56.06   1.954   0.461     32.730  29.800    4.400   0.348
-76.93  56.06   2.063   0.335     32.730  30.300    4.400   0.361
-76.93  56.06   2.482   4.265     41.685  32.600    4.400   0.361
-76.93  56.06   3.232   0.381     50.638  50.600    4.800   0.376
-76.93  56.06   4.270  50.289     82.677  65.000    2.500   0.423
-76.93  56.06   0.156  85.028      0.000   5.500    0.600   0.156
-76.93  56.06   0.214  65.000      0.000   4.800    0.600   0.214
-76.93  56.06   0.214  129.444      0.000   6.800    0.600   0.214
-76.93  56.06   0.266   6.030      7.676   6.300    0.600   0.266
-76.93  56.06   0.391   4.379      7.676   8.900    0.600   0.236
-76.93  56.06   0.875   0.452     15.695  15.200    0.800   0.474
-76.93  56.06   1.250   1.000     15.695  19.700    4.200   0.828
-76.93  56.06   2.143  1385.086     32.730  10.400    0.600   0.852
-76.93  56.06   2.380  1096.111     41.685  15.200    0.800   0.379
-76.93  56.06   2.870  988.364     50.638  19.200    1.000   0.930
-76.93  56.06   5.420  635.384     107.495  47.000    2.400   0.455
-76.93  56.06   7.186  594.340     154.938  94.000    2.500   0.419
-76.93  56.06   3.495   0.412     60.396  62.000    2.500   0.418
-76.93  56.06   5.177   4.300     94.958  90.000    2.500   0.292
-76.93  56.06   2.442  60.725     41.685  30.000    1.500   0.280
-76.93  56.06   2.695   4.341     41.685  38.000    1.900   0.256
-76.93  56.06   5.853  309.709     121.397  95.000    1.500   0.855
-76.93  56.06   7.282  251.835     174.619  135.000    2.500   0.262
-76.93  56.06   7.315  140.963     174.619  145.000    2.500   0.239
-76.93  56.06   7.559  962.981     174.619  156.000    0.600   0.297
-76.93  56.06   7.516  96.053     174.619  205.000    3.100   0.225
-76.93  56.06   7.822  23.077     198.167  210.000    2.500   0.216
-76.93  56.06   1.052  84.651     15.695  30.400    1.600   0.123
-76.93  56.06   1.730  13.032     24.047  20.400    1.100   0.161
-76.93  56.06   6.580   0.498     138.721  140.400    2.500   0.369
-76.93  56.06   5.623   4.038     107.495  112.400    2.500   0.284
-78.60  58.91   1.639  28.128     20.267  15.000    1.000   0.223
-78.60  58.91   1.349   0.866     20.267  20.000    1.100   0.168
-78.60  58.91   3.422  35.704     49.726  34.200    2.600   0.376
-78.60  58.91   2.446  20.515     34.968  23.200    2.600   0.316
-78.60  58.91   2.088   9.071     28.003  20.200    2.600   0.349
-78.60  58.91   1.722   4.214     20.267  15.200    2.600   0.344
-78.60  58.91   1.524   7.394     20.267  13.200    2.600   0.296
-78.60  58.91   0.890   1.509     13.230  10.200    2.600   0.281
-78.60  58.91   0.612   0.438      6.559   5.200    2.600   0.275
-78.60  58.91   0.380   6.219      6.559   0.200    2.600   0.247
-78.60  58.91   1.936   4.622     28.003  25.000    1.400   0.455
-78.60  58.91   6.617  1464.907     107.718  35.000    1.900   0.340
-78.60  58.91   7.818   0.577     147.217  148.000    2.600   0.261
-78.60  58.91   8.213  10.528     147.217  139.000    2.600   0.290
-78.60  58.91   6.704  149.148     107.718  76.000    2.600   0.355
-78.60  58.91   7.388  187.610     129.603  94.000    2.600   0.345
-78.60  58.91   3.820  4604.791     57.500  10.000    0.700   0.414
-78.60  58.91   1.000  257.372     13.230   2.000    0.700   0.294
-78.60  58.91   5.655  121.796     83.676  55.000    2.600   0.395
-78.60  58.91   4.860  1987.176     74.492  21.000    1.200   0.411
-78.60  58.91   0.246  205.082      0.000  10.000    0.700   0.246
-78.04  62.18   6.939  790.069     94.215  38.000    2.000   0.292
-78.04  62.18   6.886  28.701     94.215  73.400    3.900   0.245
-78.04  62.18   4.051   8.575     46.045  36.400    3.300   0.284
-78.04  62.18   4.379  309.318     52.374  26.000    1.500   0.297
-78.04  62.18   7.563  203.000     104.033  67.000    2.600   0.180
-78.04  62.18   7.077  25.883     94.215  81.000    2.600   0.345
-78.04  62.18   7.135   1.676     94.215  91.000    2.600   0.350
-78.04  62.18   7.849  439.065     119.468  65.000    2.600   0.340
-78.04  62.18   2.505   2.811     27.932  22.400    3.300   0.224
-78.04  62.18   8.142  68.646     119.468  98.000    2.600   0.206
-78.04  62.18   3.833  17.397     46.045  32.400    3.300   0.305
-78.04  62.18   7.713  125.605     104.033  75.000    2.600   0.223
-78.04  62.18   2.651  21.197     27.932  37.000    2.000   0.190
-78.04  62.18   2.558  12.500     27.932  23.000    1.400   0.193
-78.04  62.18   7.716  2258.991     104.033  28.000    1.600   0.246
-78.04  62.18   8.070  258.111     119.468  77.700    2.600   0.349
-78.04  62.18   7.255  68.549     104.033  82.600    2.600   0.318
-78.04  62.18   8.097  13.427     119.468  110.000    2.600   0.236
-78.04  62.18   7.792  840.645     119.468  47.000    2.500   0.333
-78.04  62.18   7.596  171.624     104.033  70.000    2.600   0.180
-78.04  62.18   2.865  11.846     33.633  22.400    3.300   0.267
-74.90  62.19   8.086   1.786     108.497  111.800    2.500   0.426
-74.90  62.19   7.918   4.206     108.497  113.600    2.500   0.409
-74.90  62.19   7.811   4.486     108.497  113.600    2.500   0.334
-74.90  62.19   1.839  2816.452     19.419   3.500    0.300   0.201
-74.90  62.19   6.062  442.393     65.649  32.000    1.600   0.203
-74.90  62.19   3.346  478.625     34.873  13.000    1.000   0.341
-74.90  62.19   4.463   1.731     45.855  43.100    2.100   0.375
-74.90  62.19   8.062  54.806     108.497  90.000    2.500   0.249
-74.90  62.19   8.466  22.888     120.276  113.100    1.500   0.620
-74.90  62.19   5.910  2555.320     65.649  15.100    1.000   0.334
-74.90  62.19   2.973  538.968     29.315   6.100    1.000   0.196
-74.90  62.19   7.731   4.267     92.321  97.100    2.500   0.295
-74.90  62.19   4.900  539.160     51.861  24.000    1.200   0.332
-74.90  62.19   3.741  1664.049     34.873  10.400    0.600   0.391
-74.90  62.19   6.845  128.614     83.322  55.000    2.500   0.296
-74.90  62.19  11.953  3961.880     245.759  88.400    2.500   0.714
-74.90  62.19   7.740   6.530     92.321  86.200    2.500   0.328
-74.90  62.19   7.866  104.409     108.497  83.000    2.500   0.214
-74.90  62.19   7.022  74.114     83.322  61.800    2.500   0.348
-74.90  62.19   7.023   8.349     83.322  76.100    2.500   0.341
-74.90  62.19   7.866  11.944     108.497  100.000    2.500   0.214
-74.90  62.19   7.864  21.570     108.497  97.000    2.500   0.210
-74.90  62.19   0.707   6.263      5.177   4.500    0.300   0.191
-74.90  62.19   0.270   5.814      5.177   4.500    0.300   0.270
-74.90  62.19   4.505  3773.113     45.855   9.000    0.600   0.371
-74.90  62.19   2.118  30.901     19.419  15.000    0.800   0.190
-74.90  62.19   4.007  4434.757     40.297   7.000    0.500   0.365
-74.90  62.19   1.153  361.102      9.693   4.000    0.300   0.149
-74.90  62.19   7.551  167.224     92.321  60.000    2.500   0.180
-74.90  62.19   5.872  565.115     65.649  30.000    1.500   0.243
-74.90  62.19   1.806  423.965     19.419   9.200    0.500   0.077
-74.90  62.19   8.072   7.735     108.497  115.400    2.500   0.217
-74.90  62.19   7.050  12.071     83.322  92.000    2.500   0.345
-74.90  62.19   7.511  110.850     92.321  66.000    2.500   0.332
-74.90  62.19   5.282   9.496     58.506  66.000    2.500   0.305
-74.90  62.19   7.726   4.253     92.321  97.000    2.500   0.262
-74.90  62.19   7.966  104.026     108.497  83.000    2.500   0.358
-74.90  62.19   7.575  116.249     92.321  60.000    3.000   0.179
-74.90  62.19   2.530  491.301     24.299  11.000    0.600   0.184
-74.90  62.19   7.952   5.964     108.497  102.400    2.500   0.385
-72.78  61.97   1.750  38.362     16.951   9.700    1.200   0.183
-72.78  61.97   7.508  364.042     84.676  42.700    2.200   0.249
-72.78  61.97   7.218   1.501     75.937  73.700    2.600   0.251
-72.78  61.97   7.762  160.357     99.566  66.700    2.600   0.317
-72.78  61.97   7.835  11.983     99.566  90.700    2.600   0.277
-72.78  61.97   4.160  802.389     35.689   1.700    1.200   0.436
-72.78  61.97   7.551  1045.861     84.676  29.700    1.700   0.185
-72.78  61.97   6.183  1419.547     58.902  13.700    1.200   0.230
-72.78  61.97   5.056  827.280     46.214  11.700    1.200   0.246
-72.78  61.97   4.514  993.645     40.727   2.900    1.200   0.283
-72.78  61.97   4.004  305.928     35.689  14.700    1.200   0.289
-72.78  61.97   7.766  5485.629     99.566  10.700    1.200   0.196
-72.78  61.97   4.101  710.725     35.689   3.700    1.200   0.309
-72.78  61.97   8.405   9.088     108.526  100.700    2.600   0.562
-72.78  61.97   7.114  172.817     75.937  44.400    2.400   0.294
-69.73  59.53   7.699  77.105     115.330  82.000    3.800   0.473
-69.73  59.53   7.224  252.291     103.546  48.000    3.500   0.345
-69.73  59.53   7.290  418.203     115.330  52.000    3.100   0.226
-69.73  59.53   4.280  144.392     53.192  16.000    3.100   0.328
-69.73  59.53   5.404  93.421     69.957  40.000    3.100   0.512
-69.73  59.53   3.188   9.957     33.040  25.000    2.700   0.180
-69.73  59.53   1.720   2.705     15.281  13.000    2.400   0.164
-69.73  59.53   3.435  135.234     39.395   8.000    2.700   0.377
-69.73  59.53   6.232  293.023     79.324  28.000    3.000   0.401
-69.73  59.53   6.481  218.881     94.302  44.000    3.400   0.448
-69.73  59.53   6.756  317.353     103.546  43.000    3.400   0.500
-69.73  59.53   6.363  554.843     94.302  26.000    2.900   0.375
-69.73  59.53   6.418  554.748     94.302  26.000    2.900   0.412
-69.73  59.53   7.551  61.946     115.330  87.000    3.600   0.358
-69.73  59.53   7.694  184.868     115.330  80.000    2.600   0.406
-69.73  59.53   7.127   8.708     103.546  93.000    3.600   0.358
-69.73  59.53   7.064   0.291     103.546  105.000    3.600   0.180
-69.73  59.53   6.290   0.338     94.302  94.000    3.600   0.365
-69.73  59.53   7.460   1.047     115.330  119.000    3.600   0.465
-69.73  59.53   7.274   0.660     115.330  113.000    3.600   0.460
-69.73  59.53   5.840  377.602     79.324  23.000    2.900   0.260
-68.96  58.43   7.074  2611.748     111.768  30.000    1.600   0.306
-68.96  58.43   6.825  163.507     111.768  145.000    2.600   0.475
-68.96  58.43   5.719  314.618     76.311  25.000    2.900   0.175
-68.96  58.43   1.113   7.476     10.805   4.000    2.600   0.143
-68.96  58.43   4.337  33.708     58.438  37.000    3.700   0.440
-68.96  58.43   4.878  65.525     66.932  37.000    3.700   0.424
-68.96  58.43   4.623  149.602     58.438  45.000    1.100   0.204
-68.96  58.43   5.604  81.657     76.311  42.000    3.800   0.286
-68.96  58.43   3.354   2.807     43.406  40.000    2.100   0.346
-68.96  58.43   7.492  84.612     126.734  92.700    3.700   0.211
-68.96  58.43   7.431  1413.816     126.734  17.700    2.900   0.149
-63.77  59.21   9.898  1140.805     -17.019  10.000    0.800   0.323
-63.77  59.21   8.753  1077.130     -24.243   2.000    0.800   0.245
-63.77  59.21  10.023  827.263     -17.019  29.000    1.600   0.602
-63.77  59.21   9.085  1474.842     -24.243  18.000    1.100   0.385
-63.77  59.21   2.553  47.980     -4.537   1.000    0.800   0.188
-63.77  59.21   2.564  48.020     -4.537   1.000    0.800   0.185
-63.77  59.21   1.226  35.984     -1.439   3.200    0.800   0.147
-63.77  59.21   5.806  1060.563     -19.351   6.700    0.800   0.471
-63.77  59.21   5.707  873.881     -16.937   6.700    0.800   0.222
-63.77  59.21   3.511  223.260     -7.953   4.000    0.800   0.349
-63.77  59.21   0.639   1.908     -0.674   0.000    0.800   0.127
-63.77  59.21   0.217   1.000      0.000   0.000    0.800   0.217
-63.77  59.21   0.212   1.000      0.000   0.000    0.800   0.212
-63.77  59.21   8.726  1106.527     -22.236  21.000    1.300   0.347
-63.77  59.21   6.519  1194.697     -19.564  15.000    1.000   0.198
-63.77  59.21   5.136  542.385     -14.627   4.000    0.800   0.287
-63.77  59.21   7.385  855.128     -22.392   1.000    0.800   0.304
-63.77  59.21   4.734  629.821     -12.267   7.800    0.800   0.303
-60.99  56.61   1.474  17.567      1.391   6.000    1.100   0.211
-60.99  56.61   1.976  13.988      1.890   6.000    1.100   0.143
-60.99  56.61   0.427  42.907      0.437   5.000    0.700   0.114
-60.99  56.61   1.770  11.961      1.890   4.200    0.700   0.222
-60.99  56.61   6.907  252.767      3.728  22.800    1.200   0.233
-60.99  56.61   7.021  252.616      3.728  22.800    1.200   0.232
-60.99  56.61   3.598  134.150      2.498  10.600    0.700   0.221
-60.99  56.61   3.981  133.636      2.452  11.700    0.800   0.247
-60.99  56.61   4.157  128.294      2.452  11.500    0.800   0.254
-60.99  56.61   4.490   3.202      2.248   3.500    0.700   0.288
-60.99  56.61   6.974  266.918      3.728  26.600    1.400   0.294
-60.99  56.61   7.873  194.608     10.676  41.300    2.200   0.138
-60.99  56.61   8.631  157.642     12.667  36.500    1.900   0.239
-60.99  56.61   1.287  13.350      1.391   3.500    0.700   0.103
-60.99  56.61   2.990  38.363      2.364   6.700    0.700   0.241
-60.99  56.61   5.681  153.295      2.054  10.700    0.700   0.210
-60.99  56.61   1.366  13.372      1.391   3.900    0.700   0.184
-60.35  53.80   8.711  558.689     121.974  58.200    2.700   0.237
-60.35  53.80   7.338  587.653     93.494  40.200    2.200   0.178
-60.35  53.80   8.277  301.006     121.974  75.200    2.700   0.235
-60.35  53.80   6.861  612.348     81.343  143.200    2.500   0.370
-60.35  53.80   7.457  822.790     93.494  165.200    2.500   0.131
-60.35  53.80   1.045   0.134      7.421   7.200    0.700   0.242
-60.35  53.80   1.704  29.342     11.558   7.800    0.700   0.284
-60.35  53.80   0.852   0.852      7.421   7.800    0.700   0.198
-60.35  53.80   5.487  267.177     55.353  29.200    1.600   0.158
-60.35  53.80   3.276  25.440     30.666  24.200    1.300   0.269
-60.35  53.80   5.994  167.834     62.997  33.200    2.300   0.242
-60.35  53.80   6.981  12.562     81.343  90.200    2.500   0.189
-57.64  54.15   7.691  986.828     20.341   1.500    0.600   0.212
-57.64  54.15   0.728  10.632      0.919   2.700    0.600   0.169
-57.64  54.15   6.527  45.697     15.831  11.100    0.700   0.213
-57.64  54.15   6.898  82.042     17.434  11.100    0.700   0.255
-57.64  54.15   9.652  26.107     37.471  50.200    2.500   0.355
-57.64  54.15   6.777  9206.190     17.434  75.000    0.600   0.208
-57.64  54.15   7.644  16.339     20.341  18.000    0.600   0.137
-57.64  54.15   8.876  134.378     30.865   2.000    2.500   0.120
-57.64  54.15   4.537  24.197      9.650   6.700    0.600   0.278
-57.64  54.15   5.332  84.127     12.188   6.700    0.600   0.249
-57.64  54.15   5.604  83.807     12.188   6.700    0.600   0.285
-57.64  54.15   6.418  130.159     15.831   9.000    0.600   0.113
-57.64  54.15   1.499   0.772      3.027   2.500    0.600   0.194
-57.64  54.15   1.861   1.243      4.219   4.800    0.600   0.251
-56.66  51.04   3.631   1.833      8.503   5.200    2.600   0.280
-56.66  51.04   0.427   0.195      1.025   1.100    2.500   0.165
-56.66  51.04   6.090  188.309     14.698   5.100    0.700   0.168
-56.66  51.04   2.518   3.201      6.024   1.200    2.700   0.198
-56.66  51.04   1.704   0.509      3.438   2.700    2.100   0.328
-56.66  51.04   1.694   2.814      3.438   2.100    2.100   0.125
-56.66  51.04   1.448   0.430      3.438   2.600    2.100   0.100
-56.66  51.04   1.355   8.916      3.438   2.600    2.100   0.049
-56.66  51.04   1.082   2.627      2.178   5.400    2.100   0.157
-56.66  51.04   8.298  13.692     24.772  32.400    2.100   0.286
-56.66  51.04   7.484   0.477     18.954  20.400    2.100   0.302
-56.66  51.04   0.517   0.118      1.025   0.200    2.500   0.183
-56.66  51.04   8.206  47.149     22.895  15.400    1.100   0.242
-56.66  51.04   9.820   8.314     36.289  30.400    2.100   0.268
-56.66  51.04   3.721   3.255      8.503   3.900    3.200   0.203
-56.66  51.04  11.252  265.380     63.982  98.000    2.100   0.143
-56.66  51.04   7.559  481.154     18.954   3.600    0.700   0.272
-56.66  51.04   0.790   8.051      2.178   4.500    1.100   0.111
-56.66  51.04  12.456  163.564     86.855  60.000    2.100   0.245
-56.66  51.04   3.333   4.845      8.503   3.200    2.500   0.283
-56.66  51.04   3.371   3.255      8.503   3.200    3.200   0.181
-56.66  51.04   1.669   2.420      3.438   0.400    2.500   0.174
-56.66  51.04  10.117   9.327     36.289  45.400    3.000   0.366
-56.66  51.04   9.124   0.799     25.041  30.000    7.000   0.229
-56.66  51.04  10.854  18.910     53.101  48.400    1.100   0.181
-56.66  51.04  12.697  13.902     86.855  61.000    7.000   0.386
-56.66  51.04  10.369   2.101     44.110  50.400    5.000   0.182
-56.66  51.04  11.543   0.338     63.982  60.000    7.000   0.356
-56.66  51.04  11.368  3268.255     63.982  104.000    0.700   0.599
-56.66  51.04   2.288   6.564      6.024   4.600    0.700   0.137
-56.66  51.04   2.940  22.161      7.211  10.500    0.700   0.203
-56.66  51.04   2.122  28.959      4.753   8.500    0.700   0.222
-56.66  51.04   2.940  22.161      7.211  10.500    0.700   0.203
-56.66  51.04   1.190   0.449      2.178   1.200    3.300   0.316
-56.66  51.04   4.723   9.096     10.793   9.000    0.700   0.140
-56.66  51.04   4.904  57.752     12.017   6.700    0.700   0.376
-56.66  51.04   4.402  34.241     10.793   6.700    0.700   0.413
-56.66  51.04   1.348   3.026      3.438   2.400    0.700   0.167
-56.66  51.04   3.213   2.909      7.211   4.400    2.300   0.179
-56.66  51.04   5.348   9.700     13.312   4.900    3.200   0.091
-56.66  51.04   4.723   7.531     10.793   6.100    2.100   0.140
-56.66  51.04   1.161   7.648      2.178   0.400    0.800   0.098
-56.66  51.04   8.297  190.578     24.772   9.600    1.100   0.352
-56.66  51.04   5.311  92.930     13.312   8.500    0.500   0.332
-56.66  51.04   4.074   3.200      9.672   3.800    3.300   0.407
-56.66  51.04   3.728   4.982      8.503   7.900    0.700   0.111
-56.66  51.04   0.925  23.992      2.178   5.600    0.700   0.247
-56.66  51.04   9.933   0.756     36.289  38.600    2.800   0.246
-56.66  51.04  13.709   7.435     116.127  90.600   10.000   0.217
-56.66  51.04  13.327  49.908     116.127  81.600    5.000   0.116
-56.66  51.04  14.616   2.588     147.565  115.700   20.100   0.422
-56.66  51.04  14.877  152.864     156.561  130.600    2.100   0.625
-56.66  51.04  14.408  380.547     147.565  106.600    2.100   0.618
-56.66  51.04   1.849   1.281      4.753   4.600    0.700   0.136
-56.66  51.04   1.849   1.075      4.753   4.600    0.700   0.148
-56.66  51.04   8.696  1865.150     24.772  55.000    0.700   0.297
-57.88  49.79  14.661  73.809     121.462  100.000    2.500   0.482
-57.88  49.79  11.754  6996.676     58.785   8.600    0.600   0.291
-57.88  49.79  10.926  3689.532     40.044   3.600    0.600   0.182
-57.88  49.79  11.591   0.906     48.747  51.700    3.300   0.282
-57.88  49.79   9.621  31.946     20.426   9.200    2.000   0.183
-57.88  49.79  10.009  108.053     25.992  10.400    1.500   0.162
-57.88  49.79   9.079  794.319     17.273   6.000    0.400   0.403
-57.88  49.79   1.113  36.581      2.017  -0.400    0.400   0.444
-57.88  49.79   1.870  111.244      4.317   0.100    0.400   0.455
-57.88  49.79   1.190  23.100      2.017   0.100    0.400   0.532
-57.88  49.79   0.348   6.405      0.960   0.000    0.400   0.190
-57.88  49.79   9.258  56.626     20.426   4.100    2.200   0.195
-57.88  49.79   8.997  2764.372     17.273   1.500    0.300   0.587
-57.88  49.79  13.616  2112.806     91.346  27.000    1.400   0.201
-57.88  49.79  13.729  908.665     91.346  37.100    1.800   0.347
-57.88  49.79  10.147  108.360     25.992  52.000    2.500   0.402
-58.67  48.39   6.502  82.665     -2.180  -14.000    1.300   0.293
-58.67  48.39  16.384  224.862     69.988  40.000    2.000   0.565
-58.67  48.39   2.127  12.345      1.150  -1.600    0.800   0.173
-58.67  48.39   5.263   3.439     -0.741   0.500    0.700   0.434
-58.67  48.39  10.799  302.736     -3.567  -36.600    1.900   0.291
-58.67  48.39   5.277   1.327     -0.741   0.500    1.400   0.303
-58.67  48.39  10.095  51.339     -9.896   0.100    1.400   0.160
-58.67  48.39   2.994  54.924      1.247  -3.200    0.600   0.214
-58.67  48.39  14.414  5060.296     44.181   1.500    0.600   0.616
-58.67  48.39   2.370  29.423      1.291  -2.500    0.700   0.418
-58.67  48.39   2.884  46.005      1.247  -3.500    0.700   0.731
-58.67  48.39   2.572  27.920      1.291  -2.400    0.700   0.208
-58.67  48.39   2.611  46.687      1.291  -2.800    0.600   0.247
-58.67  48.39   2.567  72.598      1.291  -2.100    0.400   0.078
-58.67  48.39   1.769  45.897      1.150  -1.000    0.400   0.056
-58.67  48.39   1.674  37.106      0.863  -1.300    0.400   0.062
-58.67  48.39  13.653  309.303     24.308  12.000    0.700   0.389
-58.67  48.39  12.811  1089.606     17.202   4.000    0.400   0.427
-58.67  48.39  16.336  301.542     69.988  37.000    1.900   0.522
-58.67  48.39   0.488   0.573      0.248   0.700    0.600   0.165
-58.67  48.39   0.608   3.801      0.248   1.100    0.600   0.081
-58.67  48.39   0.984   0.557      0.555   1.000    0.600   0.188
-58.67  48.39  14.624  738.902     44.181  17.000    1.000   0.454
-58.67  48.39  13.959  1742.213     33.044   8.000    0.600   0.344
-58.67  48.39  13.031  55.249     17.202  12.000    0.700   0.274
-58.67  48.39   0.558   2.154      0.248   0.700    0.400   0.062
-58.67  48.39  16.210  138.494     63.500  40.000    2.000   0.320
-58.67  48.39  14.399  980.511     44.181  16.000    0.900   0.582
-58.67  48.39   0.478   1.422      0.248  -0.700    0.800   0.159
-58.67  48.39  10.658  11.203     -6.983   0.000    2.100   0.413
-58.67  48.39   0.608   5.068      0.248  -0.900    0.700   0.070
-58.67  48.39   0.678   7.848      0.248  -1.400    0.700   0.117
-58.67  48.39   1.236   2.561      0.555   0.400    0.400   0.152
-58.67  48.39   0.322  10.952      0.248   1.500    0.400   0.167
-58.67  48.39  15.650  2770.577     57.108  15.000    0.800   0.412
-58.67  48.39  12.399  153.881     10.638  28.000    1.400   0.349
-58.67  48.39  16.213  378.085     63.500  32.400    1.600   0.408
-58.67  48.39  13.197  72.802     17.202  30.000    1.500   1.790
-58.67  48.39  15.869  1892.347     63.500  20.000    1.000   0.389
-58.67  48.39  12.703  650.279     10.638   3.000    0.300   0.141
-58.67  48.39   7.225  322.027     -3.910  -25.400    1.200   0.195
-58.67  48.39   6.526  318.667     -2.180  -23.600    1.200   0.111
-58.67  48.39   1.142   7.249      0.555  -0.900    0.700   0.083
-58.67  48.39  13.230  55.695     17.202  12.000    0.700   0.341
-58.67  48.39  12.559  489.745     10.638   4.000    0.300   0.144
-58.67  48.39   7.778  102.082     -5.600  -15.600    1.000   0.154
-53.72  47.31   2.099  25.785      1.132  -1.400    0.500   0.262
-53.72  47.31   1.527  13.742      0.753  -1.100    0.500   0.248
-53.72  47.31   1.857  23.766      1.132  -1.300    0.500   0.435
-53.72  47.31   1.370  10.963      0.753  -0.900    0.500   0.671
-53.72  47.31   0.623   1.092      0.162   0.400    0.400   0.142
-53.72  47.31   0.747   2.599      0.162   0.500    0.400   0.179
-53.72  47.31   0.141   1.640      0.000  -0.400    0.500   0.141
-53.72  47.31   0.212   1.640      0.000   0.400    0.500   0.212
-53.72  47.31   9.226  510.570     -7.848  -32.700    1.100   0.595
-53.72  47.31  10.622  595.637     -6.155  -33.000    1.100   0.621
-53.72  47.31   7.373  536.178     -0.641  -26.100    1.100   0.175
-53.72  47.31   0.665   4.172      0.162  -0.500    0.600   0.096
-53.72  47.31   2.239  31.101      1.132  -2.000    0.600   0.121
-54.89  49.42  12.884  24.591     42.183  56.000    2.800   0.235
-54.89  49.42  13.809  15.473     61.999  52.000    2.600   0.231
-54.89  49.42  13.434  2981.706     51.222  13.000    0.700   0.146
-54.89  49.42  13.260  1449.233     51.222  17.000    0.900   0.131
-54.89  49.42  13.965  121.036     61.999  40.000    2.000   0.161
-54.89  49.42  13.636  3139.747     51.222  12.000    0.700   0.310
-54.89  49.42  13.448  3139.645     51.222  12.000    0.700   0.172
-54.89  49.42  12.822  251.174     42.183  23.200    1.200   0.185
-54.89  49.42  10.565   7.317      8.836   7.500    0.500   0.155
-54.89  49.42  13.056  1738.165     42.183  13.000    0.700   0.181
-54.89  49.42  13.260  2755.771     51.222  14.500    0.700   0.125
-54.89  49.42  13.165  229.900     42.183  24.000    1.200   0.302
-54.89  49.42   2.842  18.530      3.377   1.100    0.600   0.077
-54.89  49.42   0.151  17.000      0.000   2.400    0.600   0.151
-54.89  49.42   2.385  11.954      2.959   0.900    0.600   0.270
-54.89  49.42   3.350  22.949      3.846   1.100    0.600   0.106
-54.89  49.42   3.165  33.277      3.377  -0.600    0.700   0.165
-54.89  49.42   3.268  47.680      3.846  -0.100    0.600   0.111
-54.89  49.42  14.123  455.096     61.999  30.000    1.500   1.026
-54.89  49.42  13.741  975.624     51.222  20.000    1.000   0.270
-54.89  49.42  13.434  2981.706     51.222  13.000    0.700   0.146
-54.89  49.42   1.705  14.545      1.579  -0.600    0.600   0.176
-54.89  49.42   0.152   2.000      0.000  -0.400    0.400   0.152
-54.89  49.42   1.141  12.680      0.976  -0.400    0.400   0.153
-54.89  49.42   0.228   2.744      0.000  -0.400    0.300   0.232
-54.89  49.42   1.551  27.146      1.579  -0.500    0.400   0.139
-54.89  49.42   1.153   1.928      0.976   0.700    0.300   0.147
-54.89  49.42  13.557  132.612     51.222  80.000    2.500   0.176
-54.89  49.42   6.240  197.564      5.119  -3.300    0.600   0.291
-63.97  49.79   6.934  43.666     29.623  25.000    0.700   0.298
-63.97  49.79   9.642  48.371     51.241  29.000    3.200   0.567
-63.97  49.79   0.215   1.000      0.000   0.000    0.700   0.215
-63.97  49.79  16.323  69530.156     184.580   0.000    0.700   0.975
-63.97  49.79   4.516  20.592     18.521   4.000    3.200   0.456
-63.97  49.79   4.377  20.667     18.521   4.000    3.200   0.447
-63.97  49.79  10.992  127.180     78.321  49.000    2.600   0.955
-63.97  49.79  14.207  861.153     138.295  62.000    2.600   0.737
-63.97  49.79  14.207  883.873     138.295  61.000    2.600   0.737
-63.97  49.79   4.546  466.621     18.521   3.400    0.700   0.287
-63.97  49.79   7.290  35.469     33.264  25.000    1.400   0.267
-63.97  49.79  10.700  1192.526     68.890  24.000    1.300   0.558
-63.97  49.79  11.982  132.832     100.101  54.000    4.000   0.686
-63.97  49.79  11.796  1174.085     100.101  35.000    1.900   0.709
-63.97  49.79  10.529  137.653     68.890  29.000    3.400   0.642
-63.97  49.79  10.089  78.257     59.072  29.000    3.400   0.555
-63.97  49.79  11.321  14306.490     88.727   5.000    0.700   0.614
-63.97  49.79  10.670  71.877     68.890  35.000    4.000   0.560
-63.97  49.79  10.341  7077.771     68.890  10.000    0.700   0.724
-63.97  49.79  10.102  1261.736     59.072  20.000    1.100   0.547
-63.97  49.79   9.822  3462.426     59.072  12.000    0.800   0.389
-63.97  49.79  10.655  1246.204     68.890  23.000    1.300   0.517
-63.97  49.79  10.438  621.594     68.890  29.000    1.600   0.534
-63.97  49.79   0.917   0.189      4.158   2.500    4.500   0.361
-68.37  48.46   0.253   0.977      1.888   1.700    1.500   0.253
-68.37  48.46   5.886  310.302     20.911   3.300    1.000   0.287
-68.37  48.46   6.277  381.595     22.825   3.300    1.000   0.370
-68.37  48.46   6.224  310.502     20.911   3.300    1.000   0.376
-68.37  48.46   0.250   1.016      1.888   1.700    1.500   0.250
-68.37  48.46   0.252   1.082      1.888   1.400    1.500   0.252
-68.37  48.46   0.188  11.890      0.000   3.300    1.000   0.188
-68.37  48.46   0.278   2.631      1.888   3.300    1.000   0.278
-68.37  48.46   0.178   2.891      0.000   2.200    1.600   0.178
-68.37  48.46   7.809  1464.355     32.941  10.000    0.600   0.120
-68.37  48.46   3.180   3.914     11.494   4.400    3.700   0.369
-68.37  48.46   0.744   2.417      1.888   2.500    0.600   0.207
-68.37  48.46  11.933  1066.102     99.181  60.000    1.200   0.623
-68.37  48.46  10.614  3337.457     60.993   9.000    0.900   0.338
-68.37  48.46  13.963  21.128     151.947  140.000    2.600   0.323
-68.37  48.46  12.267  1175.028     109.845  79.000    0.900   0.338
-68.37  48.46  10.864  340.215     71.596  55.000    0.900   0.335
-68.37  48.46   1.355  42.026      5.858   2.000    0.600   0.174
-68.37  48.46   0.623   3.893      1.888   4.500    1.600   0.111
-68.37  48.46   0.255   5.810      1.888  -0.100    0.900   0.255
-68.37  48.46   0.485   0.140      1.888   1.300    1.600   0.225
-68.37  48.46   0.791   9.587      3.895   1.400    1.000   0.114
-68.37  48.46   7.309  836.480     26.725   0.700    0.900   0.354
-68.37  48.46   4.625  81.578     16.317  10.000    0.700   0.327
-68.37  48.46  11.702  13.552     83.981  67.900    4.400   0.458
-68.37  48.46  13.963  17.741     151.947  141.000    2.600   0.323
-68.37  48.46  11.133  122.851     71.596  45.000    2.400   0.632
-68.37  48.46  12.963  17.886     124.007  135.000    2.600   0.379
-68.37  48.46  11.397  59.885     83.981  60.000    3.100   0.497
-68.37  48.46   7.160  176.062     24.238   1.700    1.700   0.296
-68.37  48.46   6.721  159.208     22.825   1.400    1.700   0.361
-68.37  48.46   2.688   4.621      9.762   6.200    1.700   0.392
-68.37  48.46   2.523   4.393      9.762   6.200    1.700   0.387
-68.37  48.46   6.757  180.843     24.238   1.400    1.700   0.405
-68.37  48.46   6.818  180.746     24.238   1.400    1.700   0.355
-68.37  48.46   7.101  180.555     24.238   1.400    1.700   0.373
-68.37  48.46   7.253  222.647     26.725   1.400    1.700   0.290
-68.37  48.46   7.070  180.517     24.238   1.400    1.700   0.376
-68.37  48.46   7.112  180.605     24.238   1.400    1.700   0.323
-68.37  48.46   7.173  180.781     24.238   1.400    1.700   0.317
-68.37  48.46   6.824  180.673     24.238   1.400    1.700   0.403
-68.37  48.46   6.824  180.673     24.238   1.400    1.700   0.403
-68.37  48.46  12.280  271.780     109.845  67.000    2.600   0.456
-68.37  48.46   8.047  4123.760     32.941  110.000    1.200   0.247
-68.37  48.46  10.831   2.523     71.596  64.900    4.400   0.372
-68.37  48.46  10.550   0.805     60.993  64.900    4.400   0.400
-68.37  48.46  10.375   4.901     60.993  50.900    4.600   0.424
-68.37  48.46  11.655   8.934     83.981  70.900    4.400   0.498
-68.37  48.46   9.044  327.275     37.965  85.000    2.600   0.394
-68.37  48.46   6.917   0.152     24.238  24.000    1.400   0.238
-68.37  48.46  13.298  34.600     135.106  120.000    2.600   0.220
-68.37  48.46  11.559  75.021     83.981  58.000    3.000   0.421
-68.37  48.46   8.670  130.077     36.104  15.600    1.800   0.300
-68.37  48.46   2.167   0.620      7.864   5.000    4.000   0.509
-68.37  48.46   7.814  53.495     32.941  25.000    1.100   0.158
-68.37  48.46   5.697   1.271     19.351  20.000    1.100   0.205
-68.37  48.46  11.996  51.639     99.181  69.000    4.200   0.518
-68.37  48.46   8.761  227.444     37.965  13.900    1.600   0.216
-68.37  48.46   4.548  26.934     16.317   7.500    1.700   0.255
-68.37  48.46   3.963  18.656     14.835   7.500    1.700   0.184
-68.37  48.46   4.526  26.906     16.317   7.500    1.700   0.281
-68.37  48.46   4.883  137.125     17.847   3.800    1.200   0.360
-68.37  48.46   5.567  82.670     19.351   3.900    1.700   0.272
-68.37  48.46   2.339   2.015      9.762   5.000    3.500   0.397
-68.37  48.46   2.234   1.484      7.864   4.000    3.500   0.454
-68.37  48.46   1.715   0.980      5.858   6.500    1.700   0.235
-68.37  48.46   7.796  199.609     32.941  16.000    1.200   0.363
-68.37  48.46   9.049  305.238     37.965  17.000    1.200   0.502
-68.37  48.46   8.979  155.522     37.965  23.000    1.200   0.494
-68.37  48.46   4.869  67.402     17.847   3.900    1.700   0.418
-68.37  48.46   1.502   0.358      5.858   4.900    1.600   0.419
-68.37  48.46   4.906  62.626     17.847   4.400    1.700   0.379
-68.37  48.46   5.593  170.212     19.351   3.700    1.200   0.297
-68.37  48.46   9.095  207.854     37.965  14.900    1.600   0.448
-68.37  48.46   0.928   7.671      3.895   7.200    1.200   0.243
-68.37  48.46   2.112   3.355      7.864   5.000    1.600   0.288
-68.37  48.46   4.514  31.340     16.317   6.800    1.700   0.354
-68.37  48.46   4.858  43.106     17.847   6.700    1.700   0.421
-68.37  48.46   4.509  48.318     16.317   4.500    1.700   0.361
-68.37  48.46   5.346  170.481     19.351   3.700    1.200   0.255
-68.37  48.46  11.893  509.687     99.181  45.000    2.400   0.592
-68.37  48.46  11.283  61.840     83.981  51.000    4.200   0.516
-68.37  48.46   1.745   1.989      5.858   6.500    3.800   0.175
-68.37  48.46  11.869  491.070     99.181  46.000    2.400   0.557
-68.37  48.46  10.684  105.778     60.993  24.000    3.600   0.426
-68.37  48.46  11.447  73.401     83.981  48.000    4.200   0.535
-68.37  48.46  11.712  528.687     83.981  38.000    2.000   0.600
-68.37  48.46  10.332  123.489     60.993  21.000    3.600   0.605
-68.37  48.46  10.437  1283.606     60.993  18.000    1.200   0.651
-68.37  48.46  14.705  64.547     180.877  160.000    2.600   0.778
-69.30  48.44   7.420  38.067     39.216  30.000    1.500   0.141
-69.30  48.44   9.835  41.657     73.021  55.000    2.800   0.343
-69.30  48.44   9.812  41.688     73.021  55.000    2.800   0.364
-69.30  48.44  11.897  135.637     131.910  83.000    4.200   0.654
-69.30  48.44  10.229  41.611     73.021  55.000    2.800   0.529
-69.30  48.44   0.821   4.024      4.849   5.600    0.600   0.115
-69.30  48.44   0.842   1.692      4.849   5.200    0.600   0.136
-69.30  48.44   9.797  12181.652     73.021   6.800    0.600   0.294
-69.30  48.44   9.769  13542.185     73.021   3.200    0.600   0.301
-69.30  48.44   1.149   1.531      4.849   3.800    1.600   0.141
-69.30  48.44   1.105   0.843      4.849   3.900    1.600   0.150
-69.30  48.44   1.405   5.352      7.374   3.900    1.600   0.119
-69.30  48.44   1.553   3.588      7.374   4.400    1.600   0.145
-69.30  48.44   1.276   8.092      7.374   5.000    1.600   0.092
-69.30  48.44   1.022   0.360      4.849   3.900    1.600   0.239
-69.30  48.44   1.843  14.968      9.960   4.100    1.600   0.126
-69.30  48.44   1.408   4.299      7.374   4.300    1.600   0.118
-69.30  48.44   1.912  19.904      9.960   3.300    1.500   0.201
-69.30  48.44   1.288   5.503      7.374   5.400    1.600   0.106
-69.30  48.44   2.118  14.754      9.960   3.900    1.600   0.183
-69.30  48.44   1.133   0.877      4.849   4.500    1.100   0.151
-69.30  48.44   1.179   2.757      4.849   5.200    0.600   0.116
-69.30  48.44   1.250   3.128      4.849   3.500    1.600   0.161
-69.30  48.44  10.966   9.526     98.261  85.000    4.300   0.278
-69.30  48.44   6.706  251.734     32.634   4.100    1.800   0.313
-69.30  48.44   7.175  1049.058     35.380   3.000    1.000   0.224
-69.30  48.44   9.405  1781.437     62.806  20.600    1.000   0.353
-69.30  48.44   9.379  225.284     62.806  35.800    1.800   0.286
-69.30  48.44   7.926  399.361     46.978  23.000    1.200   0.248
-69.30  48.44   6.247  281.470     29.597  16.200    0.800   0.243
-69.30  48.44   1.455   3.712      7.374   4.000    1.800   0.101
-69.30  48.44   1.678   5.177      7.374   4.000    1.800   0.138
-69.30  48.44   1.751  14.081      9.960   4.000    1.800   0.141
-69.30  48.44   1.742   4.181      7.374   4.000    1.800   0.295
-69.30  48.44   1.831  11.677      9.960   4.000    1.800   0.200
-69.30  48.44   1.831  11.677      9.960   4.000    1.800   0.200
-69.30  48.44   1.466   2.859      7.374   4.200    1.900   0.130
-69.30  48.44   1.527   2.816      7.374   4.200    1.900   0.168
-69.30  48.44   1.781  10.930      9.960   4.200    1.900   0.166
-69.30  48.44   1.786  10.162      9.960   4.200    1.900   0.216
-69.30  48.44   1.967  21.779      9.960   3.900    1.300   0.146
-69.30  48.44   2.164  22.862      9.960   3.900    1.300   0.154
-69.30  48.44   2.427  43.748     12.491   3.900    1.300   0.273
-69.30  48.44   2.437  43.727     12.491   3.900    1.300   0.280
-69.30  48.44   2.873  84.845     14.888   3.900    1.200   0.128
-69.30  48.44   8.534  937.650     52.094   3.100    1.600   0.461
-69.30  48.44   9.031  847.584     55.681   9.100    1.600   0.464
-69.30  48.44  10.068  26423.352     73.021   8.000    0.400   0.455
-69.30  48.44   9.059  865.903     55.681   8.600    1.600   0.337
-69.30  48.44   9.200  866.027     55.681   8.600    1.600   0.509
-69.30  48.44   9.856  27242.440     73.021   7.000    0.400   0.461
-69.30  48.44   8.207   2.576     46.978  50.000    2.500   0.197
-69.30  48.44  10.438  163.460     85.164  59.600    2.000   0.221
-69.30  48.44  11.105  123.930     98.261  76.000    2.000   0.523
-69.30  48.44  11.332  410.997     113.642  73.100    2.000   0.567
-69.30  48.44  11.846  897.371     131.910  72.000    2.000   0.601
-69.30  48.44  11.664  433.590     113.642  72.000    2.000   0.574
-69.30  48.44  11.302  830.096     113.642  105.000    0.300   0.349
-69.30  48.44   7.052  302.002     35.380   4.100    1.800   0.374
-71.00  46.88  12.887  69.419     172.438  150.000    2.700   0.190
-71.00  46.88  11.248  184.277     93.372  130.000    2.700   0.499
-71.00  46.88  11.817   1.118     132.716  130.000    2.700   0.562
-71.00  46.88  11.448  39.997     110.930  128.000    2.700   0.327
-71.00  46.88   9.511  219.368     55.010  95.000    2.700   0.376
-71.00  46.88  11.534  34.368     110.930  129.100    3.100   0.305
-71.00  46.88  11.048   2.976     93.372  98.000    2.700   0.244
-71.00  46.88  11.420  148.837     110.930  78.000    2.700   0.268
-71.00  46.88  11.531  355.819     110.930  60.000    2.700   0.298
-71.00  46.88  11.534  115.936     110.930  140.000    2.700   0.305
-71.00  46.88  11.534   2.285     110.930  115.000    2.700   0.305
-71.00  46.88  11.774  250.428     132.716  90.000    2.700   0.615
-71.00  46.88  11.531  60.101     110.930  90.000    2.700   0.298
-71.00  46.88  11.425  252.882     110.930  68.000    2.700   0.276
-71.00  46.88  11.155  111.389     93.372  45.900    4.500   0.492
-71.00  46.88  10.959  118.378     93.372  64.000    2.700   0.232
-71.00  46.88  10.262  53.021     78.589  45.900    4.500   0.474
-71.00  46.88  11.214  235.222     93.372  52.000    2.700   0.329
-71.00  46.88  10.896  143.950     93.372  61.000    2.700   0.234
-71.00  46.88  13.168   2.985     172.438  176.000    2.300   0.218
-71.00  46.88   5.872  202.247     27.064  10.000    1.200   0.575
-71.00  46.88   5.881  202.241     27.064  10.000    1.200   0.569
-71.00  46.88  10.935  633.522     93.372  38.000    2.200   0.391
-71.00  46.88  11.048  103.304     93.372  70.000    2.300   0.244
-71.00  46.88   1.131   8.182      4.357   2.400    0.700   0.216
-71.00  46.88   1.317  50.508      6.648   1.700    0.700   0.250
-71.00  46.88   1.255  43.062      6.648   2.100    0.700   0.267
-71.00  46.88   6.157  228.668     27.064   5.900    1.400   0.404
-71.00  46.88   6.226  229.071     27.064   5.900    1.400   0.304
-71.00  46.88   6.825  359.191     32.123   5.600    1.400   0.331
-71.00  46.88   6.748  300.557     29.857   5.600    1.400   0.424
-71.00  46.88   6.760  359.270     32.123   5.600    1.400   0.401
-71.00  46.88   6.606  300.322     29.857   5.600    1.400   0.323
-71.00  46.88   6.852  359.049     32.123   5.600    1.400   0.399
-71.00  46.88   6.824  359.172     32.123   5.600    1.400   0.345
-71.00  46.88   6.788  1989.858     32.123   0.900    0.700   0.373
-71.00  46.88   6.901  1989.620     32.123   0.900    0.700   0.340
-71.00  46.88   7.035  1989.543     32.123   0.900    0.700   0.377
-71.00  46.88   7.043  1989.548     32.123   0.900    0.700   0.365
-71.00  46.88   7.074  1989.582     32.123   0.900    0.700   0.341
-71.00  46.88   7.074  1989.582     32.123   0.900    0.700   0.341
-71.00  46.88   7.085  1989.601     32.123   0.900    0.700   0.330
-71.00  46.88   7.111  1989.660     32.123   0.900    0.700   0.314
-71.00  46.88   7.113  1989.663     32.123   0.900    0.700   0.315
-71.00  46.88   7.114  1989.665     32.123   0.900    0.700   0.317
-71.00  46.88   7.266  2357.034     34.880   0.900    0.700   0.291
-71.00  46.88   7.337  2356.655     34.880   0.900    0.700   0.316
-71.00  46.88   7.434  2356.452     34.880   0.900    0.700   0.257
-71.00  46.88   7.442  2356.434     34.880   0.900    0.700   0.264
-71.00  46.88   5.059  141.269     22.339   5.700    1.400   0.406
-71.00  46.88   5.407  139.785     24.650   8.100    1.400   0.434
-71.00  46.88   5.363  143.265     24.650   7.900    1.400   0.382
-71.00  46.88   5.451  143.151     24.650   7.900    1.400   0.407
-71.00  46.88   5.483  143.138     24.650   7.900    1.400   0.428
-71.00  46.88   5.606  143.256     24.650   7.900    1.400   0.308
-71.00  46.88   5.580  143.154     24.650   7.900    1.400   0.601
-71.00  46.88   5.691  143.365     24.650   7.900    1.400   0.401
-71.00  46.88   5.839  191.492     27.064   7.700    1.400   0.367
-71.00  46.88   7.158  608.365     32.123   5.000    1.100   0.254
-71.00  46.88   7.340  743.731     34.880   4.900    1.100   0.167
-71.00  46.88   7.231  617.936     32.123   4.800    1.100   0.235
-71.00  46.88   6.913  621.634     32.123   4.700    1.100   0.240
-71.00  46.88   7.219  631.902     32.123   4.500    1.100   0.192
-71.00  46.88   8.370  72.213     44.835   4.200    4.800   0.176
-71.00  46.88   8.380  72.139     44.835   4.200    4.800   0.175
-71.00  46.88   9.025  624.986     47.500  15.000    1.300   0.422
-71.00  46.88  10.453   0.923     78.589  82.900    4.500   0.628
-71.00  46.88  12.548  138.655     151.791  120.000    2.700   0.356
-71.00  46.88   0.464  18.815      2.097   6.000    0.900   0.464
-65.61  47.82  13.874  22.019     36.986  29.500    1.600   0.347
-65.61  47.82  13.880  11.310     36.986  45.000    2.400   0.299
-65.61  47.82  13.777   9.391     36.986  32.000    1.700   0.252
-65.61  47.82  13.959  1834.983     36.986   7.000    0.700   0.472
-65.61  47.82  14.476  1700.589     56.238  15.000    1.000   0.613
-65.61  47.82  13.666  220.076     26.326  13.000    0.900   0.180
-65.61  47.82  14.384  6227.160     56.238   1.000    0.700   0.357
-65.61  47.82  14.406  2308.125     56.238  13.000    0.900   0.415
-65.61  47.82  13.851  2498.021     36.986   2.000    0.700   0.549
-65.61  47.82   4.117   0.436     -0.362   0.000    0.700   0.285
-65.61  47.82   8.079  151.332     -10.608  -2.000    0.700   0.233
-65.61  47.82  14.578  6454.572     56.238   0.000    0.700   0.651
-65.61  47.82   0.247   1.000      0.000   0.000    0.700   0.247
-65.61  47.82   2.232  46.444      1.216  -3.500    0.700   0.225
-65.61  47.82   5.484   7.729     -3.946  -2.000    0.700   0.428
-61.73  47.44   0.854  39.251     -0.655   0.500    0.200   0.060
-61.73  47.44   0.606   7.418     -0.342   0.000    0.200   0.050
-61.73  47.44   0.591   3.986     -0.342  -0.200    0.200   0.049
-61.73  47.44   0.143   3.324      0.000   0.300    0.200   0.138
-61.73  47.44   0.761  74.480     -0.655  -0.400    0.200   0.028
-61.73  47.44   1.024   1.784     -0.655  -0.900    0.200   0.044
-61.73  47.44   0.853  20.661     -0.655   0.100    0.200   0.058
-61.73  47.44   0.606   4.998     -0.342  -0.200    0.200   0.050
-61.73  47.44   1.812  74.305     -1.566  -3.200    0.200   0.069
-61.73  47.44   0.143   2.627      0.000  -0.300    0.300   0.113
-61.73  47.44   1.323  41.925     -1.043  -1.300    0.300   0.028
-61.73  47.44   1.186  10.540     -0.655  -1.400    0.300   0.089
-61.73  47.44   1.168  11.204     -0.655  -1.500    0.300   0.093
-61.73  47.44   0.738  33.269     -0.342  -0.900    0.300   0.043
-61.73  47.44   0.142  10.000      0.000  -0.900    0.300   0.142
-61.73  47.44   0.617   5.345     -0.342  -0.100    0.300   0.054
-61.73  47.44   0.141   1.014      0.000   0.000    0.300   0.141
-61.73  47.44   0.143   1.185      0.000   0.100    0.300   0.138
-61.73  47.44  10.648  41772.304     -40.875   0.000    0.200   0.080
-61.73  47.44  10.826  36270.142     -40.289  -2.200    0.200   0.258
-61.73  47.44   0.319  241.762     -0.342  -5.000    0.300   0.219
-61.73  47.44   0.603  241.385     -0.342  -5.000    0.300   0.185
-62.88  46.12   6.173  92.179     -13.822  -21.500    0.800   0.703
-62.88  46.12   3.280  14.942     -4.406  -2.100    0.600   0.534
-62.88  46.12   1.497   0.569     -1.098  -1.400    0.400   0.423
-62.88  46.12   4.954   0.473     -9.518  -10.200    1.000   0.515
-62.88  46.12   4.934   6.683     -9.518  -12.100    1.000   0.513
-62.88  46.12   5.176  27.999     -9.518  -14.800    1.000   0.561
-62.88  46.12   6.271   0.889     -16.197  -15.500    1.000   0.361
-62.88  46.12   4.446  12.618     -7.649  -11.200    1.000   0.513
-62.88  46.12   1.410   0.262     -1.098  -1.400    0.700   0.325
-62.88  46.12   1.799   0.519     -1.602  -1.900    0.500   0.496
-62.88  46.12   2.955   0.526     -3.233  -2.800    0.600   0.600
-62.88  46.12   3.618   7.944     -4.406  -3.000    0.500   0.621
-62.88  46.12   1.609   5.352     -1.098  -2.700    0.700   0.320
-62.88  46.12   2.174   9.962     -1.602  -3.800    0.700   0.536
-62.88  46.12   0.832   4.751     -0.700   0.000    0.600   0.091
-62.88  46.12   1.734  12.582     -1.098  -3.200    0.600   0.419
-62.88  46.12   1.446   0.293     -1.098  -1.400    0.600   0.269
-62.88  46.12   8.030  340.688     -25.926  -37.000    0.600   0.323
-62.88  46.12  13.716  2296.553     -23.742   5.000    0.600   0.157
-62.88  46.12  12.143   6.590     -35.525  -34.500    0.400   0.852
-62.88  46.12  12.386  3997.789     -32.936   5.000    0.600   0.246
-62.88  46.12   4.687  70.639     -7.649  -11.000    0.400   0.272
-62.88  46.12   0.860   0.263     -0.700  -0.600    0.400   0.312
-62.88  46.12   3.583  195.617     -4.406  -10.000    0.400   0.399
-62.88  46.12  14.483  197.061     -4.038  10.000    1.000   0.550
-62.88  46.12   8.015  3585.118     -25.926  10.000    0.600   0.355
-62.88  46.12   6.805  1325.296     -19.658  -41.500    0.600   0.736
-62.88  46.12   4.261  6097.339     -7.649  -54.500    0.600   0.579
-62.88  46.12   4.852  2497.082     -9.518  -39.500    0.600   0.565
-62.88  46.12   5.223  99.709     -9.518  -15.500    0.600   0.403
-62.88  46.12   6.013  10.595     -13.822  -16.100    0.700   0.275
-60.77  46.11   1.601  453.109     -1.634  -14.400    0.600   0.155
-60.77  46.11   5.079  37.221     -10.838  -15.100    0.700   0.203
-60.77  46.11   5.175  40.488     -10.838  -15.200    0.700   0.136
-60.77  46.11   5.136  56.016     -10.838  -15.300    0.600   0.161
-60.77  46.11   4.637  47.265     -8.916  -13.700    0.700   0.184
-60.77  46.11   4.628  55.323     -8.916  -14.100    0.700   0.186
-60.77  46.11   1.846  380.318     -2.309  -14.000    0.600   0.187
-60.77  46.11   4.740  67.901     -8.916  -14.500    0.700   0.117
-60.77  46.11   4.294  17.067     -8.916  -11.600    0.700   0.134
-60.77  46.11   6.050  102.565     -15.216  -22.300    0.700   0.128
-60.77  46.11   6.142  106.383     -15.216  -22.400    0.700   0.138
-60.77  46.11   4.008  100.306     -7.109  -1.100    0.600   0.283
-60.77  46.11   0.818   2.601     -1.050  -1.100    0.600   0.113
-60.77  46.11   1.145   0.818     -1.050  -1.100    0.600   0.161
-60.77  46.11   1.427   0.329     -1.634  -1.500    0.700   0.135
-60.77  46.11  12.106  25856.775     -46.480  50.000    0.600   0.301
-64.23  45.72   4.059   7.446     -4.114  -5.200    0.400   0.224
-64.23  45.72   4.432   0.885     -5.571  -5.200    0.400   0.421
-64.23  45.72   4.705   3.646     -5.571  -5.200    0.400   0.122
-64.23  45.72   4.021   2.177     -4.114  -4.700    0.400   0.120
-64.23  45.72   5.093  37.584     -7.146  -4.700    0.400   0.210
-64.23  45.72   4.718   3.637     -5.571  -5.200    0.400   0.131
-64.23  45.72   4.631   1.395     -5.571  -5.200    0.400   0.179
-64.23  45.72   5.014  22.012     -7.146  -4.800    0.500   0.586
-64.23  45.72   2.366   0.409     -1.130  -0.300    1.500   0.418
-64.23  45.72   4.484   1.585     -5.571  -6.200    0.500   0.477
-64.23  45.72   8.023  4422.252     -21.600   5.000    0.400   0.165
-64.23  45.72  12.441  16980.343     -22.123  30.000    0.400   0.315
-64.23  45.72  12.386  16980.434     -22.123  30.000    0.400   0.321
-64.23  45.72  12.265  16980.618     -22.123  30.000    0.400   0.420
-64.23  45.72  12.408  16980.400     -22.123  30.000    0.400   0.303
-64.23  45.72  12.887  14037.972     -17.393  30.000    0.400   0.452
-64.23  45.72  11.736  22776.031     -30.367  30.000    0.400   0.902
-64.23  45.72  12.624  12168.367     -22.123  22.000    0.400   0.196
-64.23  45.72   7.991   8.201     -21.600  -27.900    2.200   0.320
-64.23  45.72   2.296   0.330     -1.130  -1.600    1.600   0.414
-64.23  45.72   3.341   0.132     -2.881  -3.100    1.500   0.478
-64.23  45.72   3.442   0.575     -2.881  -4.000    1.500   0.432
-64.23  45.72   0.145   1.087      0.000  -0.500    1.700   0.145
-64.23  45.72   0.256   0.998     -0.191  -0.700    1.700   0.256
-64.23  45.72   0.806   3.006     -0.330  -0.200    1.800   0.112
-64.23  45.72   2.001   0.645     -0.816  -2.100    1.600   0.119
-64.23  45.72   2.521   1.109     -1.130  -2.700    1.500   0.180
-64.23  45.72   2.789  13.671     -1.974  -2.700    1.400   0.058
-64.23  45.72   2.628   2.652     -1.130  -3.100    1.500   0.134
-64.23  45.72   2.549   1.794     -1.130  -3.100    1.500   0.186
-64.23  45.72   0.330   1.045     -0.191   0.100    1.600   0.170
-64.23  45.72   0.248   1.004      0.000  -0.100    1.600   0.248
-64.23  45.72   0.858   1.946     -0.330   0.900    1.700   0.119
-64.23  45.72   1.000   0.325     -0.330  -1.300    1.700   0.167
-64.23  45.72   1.085   0.877     -0.330  -1.600    1.700   0.149
-64.23  45.72   3.183   1.605     -1.974  -3.100    1.400   0.187
-64.23  45.72   2.732   3.261     -1.130  -3.000    1.400   0.191
-64.23  45.72   2.668   2.776     -1.130  -3.200    1.500   0.180
-64.23  45.72   2.991   0.350     -1.974  -2.800    1.400   0.207
-64.23  45.72   2.717   2.156     -1.130  -2.700    1.400   0.229
-64.23  45.72   2.642   1.654     -1.130  -2.900    1.500   0.277
-64.23  45.72   2.572   1.362     -1.130  -2.800    1.500   0.207
-64.23  45.72   3.313  56.204     -2.881   0.100    0.400   0.230
-64.23  45.72   0.813   2.990     -0.330   0.600    1.700   0.114
-64.23  45.72   0.817   2.644     -0.330   0.500    1.700   0.118
-64.23  45.72   1.050   0.353     -0.330   0.400    1.700   0.122
-64.23  45.72   1.442   0.643     -0.531   0.500    1.600   0.122
-64.23  45.72   1.155   1.250     -0.330  -0.200    1.700   0.139
-64.23  45.72   0.985   0.008     -0.330  -0.400    1.700   0.190
-64.23  45.72   1.105   0.493     -0.330  -0.400    1.700   0.150
-64.23  45.72   1.811   1.226     -0.816  -0.200    1.600   0.182
-64.23  45.72   2.104   0.339     -0.816  -0.400    1.600   0.201
-64.23  45.72   2.132   0.544     -0.816  -0.700    1.600   0.180
-64.23  45.72   2.415   0.281     -1.130  -0.500    1.500   0.263
-64.23  45.72   2.316   1.178     -1.130  -1.000    1.600   0.170
-64.23  45.72   2.099   0.313     -0.816  -1.200    1.600   0.196
-64.23  45.72   2.155   1.123     -0.816  -1.600    1.600   0.165
-64.23  45.72   2.402   0.162     -1.130  -1.300    1.500   0.253
-64.23  45.72   2.430   0.080     -1.130  -1.300    1.500   0.270
-64.23  45.72   2.538   0.078     -1.130  -1.400    1.500   0.178
-64.23  45.72   2.518   0.107     -1.130  -1.600    1.500   0.188
-64.23  45.72   1.482   3.827     -0.531   2.200    1.400   0.115
-64.23  45.72   2.007   0.107     -0.816  -0.300    1.600   0.119
-64.23  45.72   2.824   3.145     -1.974  -2.500    1.600   0.101
-64.23  45.72   0.601   2.903     -0.191  -1.200    1.600   0.064
-64.23  45.72   1.707   0.755     -0.531  -1.300    1.600   0.286
-64.23  45.72   2.166   2.172     -0.816  -2.500    1.600   0.161
-64.23  45.72   3.428   0.523     -2.881  -2.100    1.400   0.158
-64.23  45.72   1.855   1.138     -0.816  -0.600    1.600   0.138
-64.23  45.72   0.818   2.641     -0.330  -0.700    1.700   0.113
-64.23  45.72   1.210   3.375     -0.330  -1.700    1.700   0.128
-64.23  45.72   1.262   8.965     -0.531  -1.700    1.700   0.082
-64.23  45.72   1.098   1.181     -0.330   1.200    1.700   0.161
-64.23  45.72   1.236   2.999     -0.330   0.900    1.700   0.150
-64.23  45.72   0.983   0.450     -0.330   0.800    1.700   0.187
-64.23  45.72   1.444   0.290     -0.531   0.100    1.600   0.151
-64.23  45.72   0.418   1.377     -0.191   1.300    1.700   0.104
-64.23  45.72   0.742   3.064     -0.191   1.500    1.700   0.168
-64.23  45.72   0.985   0.817     -0.330   1.200    1.700   0.190
-64.23  45.72   1.705   1.377     -0.531  -0.300    1.600   0.176
-64.23  45.72   2.175   1.041     -0.816  -0.700    1.600   0.172
-64.23  45.72   2.204   1.849     -0.816  -1.300    1.600   0.153
-64.23  45.72   1.409   2.471     -0.531   1.600    1.600   0.110
-64.23  45.72   0.924   1.249     -0.330   1.300    1.700   0.132
-64.23  45.72   0.902   0.598     -0.330  -1.100    1.700   0.155
-64.23  45.72   2.901   0.945     -1.974  -3.000    1.400   0.155
-64.23  45.72   3.144   3.063     -1.974  -4.200    1.400   0.197
-64.23  45.72   1.719   2.179     -0.531  -0.900    1.700   0.150
-64.23  45.72   1.849   1.160     -0.816  -1.400    1.600   0.149
-64.23  45.72   3.836  33.639     -4.114  -1.800    0.400   0.386
-64.23  45.72   4.163   8.904     -4.114  -7.900    1.300   0.251
-64.23  45.72   1.001   0.185     -0.330   0.400    1.700   0.269
-64.23  45.72   1.542   0.514     -0.531   0.600    1.600   0.353
-64.23  45.72   0.703   0.984     -0.191   0.000    1.700   0.205
-64.23  45.72   0.214   1.346      0.000  -1.000    1.700   0.214
-64.23  45.72   0.933   0.194     -0.330  -0.900    1.700   0.235
-64.23  45.72   0.870   0.516     -0.330  -1.300    1.700   0.298
-64.23  45.72   3.200  13.150     -1.974  -3.700    1.400   0.059
-64.23  45.72   2.708   6.135     -1.130  -4.500    1.400   0.355
-64.23  45.72   3.289   2.834     -2.881  -5.000    1.400   0.285
-64.23  45.72   1.244   1.377     -0.330  -1.700    1.800   0.273
-64.23  45.72   2.260   1.667     -1.130  -3.000    1.600   0.436
-64.23  45.72   2.705   4.249     -1.130  -4.100    1.500   0.358
-64.23  45.72   4.253   8.383     -5.571  -9.000    1.200   0.532
-64.23  45.72   4.534  17.460     -5.571  -3.900    0.400   0.275
-64.23  45.72   2.552   0.661     -1.130  -2.200    1.400   0.188
-64.23  45.72   2.104   1.810     -0.816  -2.800    1.600   0.201
-64.23  45.72   1.150   1.303     -0.330  -1.000    1.700   0.140
-64.23  45.72   2.209   2.842     -0.816  -2.100    1.600   0.141
-64.23  45.72   3.709   9.336     -2.881  -1.700    0.400   0.266
-64.23  45.72  14.249   2.358     -0.011   3.000    2.000   0.827
-64.23  45.72   3.550  27.102     -2.881  -0.800    0.400   0.276
-63.26  44.70   7.920   3.596     -24.163  -27.000    1.500   0.589
-63.26  44.70   3.448   2.560     -4.109  -6.500    1.500   0.385
-63.26  44.70   1.529   2.924     -1.139  -3.700    1.500   0.306
-63.26  44.70   0.352   2.542     -0.376  -2.500    1.500   0.202
-63.26  44.70   1.141   4.573     -0.738  -3.900    1.500   0.391
-63.26  44.70   1.063   5.347     -0.738  -4.200    1.500   0.440
-63.26  44.70   8.610   1.819     -28.906  -26.900    1.500   0.628
-63.26  44.70   9.900   1.556     -41.474  -43.300    1.500   0.367
-63.26  44.70   6.971  53.894     -17.889  -28.900    1.500   0.285
-63.26  44.70   4.851  46.717     -8.561  -18.800    1.500   0.424
-63.26  44.70   8.018  12.886     -24.163  -31.700    2.100   0.281
-63.26  44.70   8.106  17.122     -24.163  -32.800    2.100   0.234
-63.26  44.70   8.570  76.240     -28.906  -42.000    1.500   0.357
-63.26  44.70  12.886  16.547     -38.869  -44.900    1.500   0.183
-63.26  44.70   9.941  206.859     -41.474  -19.900    1.500   1.141
-63.26  44.70   7.646  27.588     -21.748  -30.000    1.600   0.147
-63.26  44.70   8.291  14.630     -28.906  -34.500    1.500   0.246
-63.26  44.70   6.723  38.770     -14.567  -21.400    1.100   0.522
-63.26  44.70   8.688  51.681     -28.906  -21.000    1.100   1.202
-63.26  44.70   1.352  10.136     -1.139  -3.300    0.700   0.190
-63.26  44.70   1.931  23.495     -1.609  -5.000    0.700   0.372
-63.26  44.70   0.311   9.631     -0.376  -2.400    0.700   0.168
-63.26  44.70   2.786  38.948     -3.090  -6.200    0.500   0.421
-63.26  44.70   4.316  76.087     -6.943  -11.300    0.500   0.484
-63.26  44.70   4.266  35.168     -6.943  -9.900    0.500   0.539
-63.26  44.70   4.306  45.971     -6.943  -10.300    0.500   0.206
-63.26  44.70   4.154  74.309     -5.403  -9.700    0.500   0.228
-63.26  44.70  10.935  12331.069     -43.023  12.500    0.500   0.668
-63.26  44.70   3.882  21.775     -5.403  -8.200    0.600   0.536
-63.26  44.70   1.652  13.287     -1.139  -3.300    0.600   0.270
-63.26  44.70   0.141   5.195      0.000  -0.800    0.400   0.129
-63.26  44.70   0.431   2.205     -0.376  -0.900    0.400   0.099
-63.26  44.70   0.400   3.756     -0.376  -1.000    0.400   0.087
-63.26  44.70   0.406   4.347     -0.376  -1.100    0.400   0.091
-63.26  44.70   0.390   5.963     -0.376  -1.200    0.400   0.084
-63.26  44.70   0.564   6.443     -0.376  -1.300    0.400   0.060
-63.26  44.70   0.572   7.866     -0.376  -1.400    0.400   0.063
-63.26  44.70   0.600  11.117     -0.376  -1.500    0.400   0.056
-63.26  44.70   0.734  27.472     -0.376  -1.600    0.400   0.055
-63.26  44.70   0.801   9.373     -0.738  -1.700    0.400   0.105
-63.26  44.70   0.881   8.967     -0.738  -1.800    0.400   0.086
-63.26  44.70   0.991   8.455     -0.738  -1.900    0.400   0.065
-63.26  44.70   0.997   9.952     -0.738  -2.000    0.400   0.063
-63.26  44.70   0.403   2.907     -0.376  -0.900    0.400   0.089
-63.26  44.70   0.791   7.442     -0.738  -1.500    0.400   0.107
-63.26  44.70   0.864   6.441     -0.738  -1.600    0.500   0.073
-63.26  44.70   0.882   8.213     -0.738  -2.000    0.500   0.086
-60.01  43.95  12.399  3225.079     -76.073  -42.000    0.600   0.298
-60.01  43.95   0.512   0.018     -0.928  -1.000    0.600   0.208
-60.01  43.95   4.397   4.578     -12.388  -10.900    0.700   0.412
-60.01  43.95   5.229   3.939     -14.668  -13.300    0.700   0.658
-60.01  43.95   9.419  144.058     -56.304  -32.300    2.000   0.821
-60.01  43.95   8.986  63.533     -51.041  -35.100    2.000   0.529
-60.01  43.95   9.386  114.681     -56.304  -34.900    2.000   0.296
-60.01  43.95  11.544  231.943     -70.559  -40.100    2.000   0.831
-60.01  43.95   7.570   0.397     -31.868  -33.000    2.000   0.253
-60.01  43.95  10.744  286.738     -64.035  -50.500    0.800   0.342
-65.85  43.82   1.138   9.831     -0.103  -2.200    0.700   0.149
-65.85  43.82   1.357  46.307     -0.172  -4.900    0.700   0.173
-65.85  43.82   0.967   1.353     -0.103  -1.600    1.300   0.203
-65.85  43.82   5.782  53.849     -7.071  -22.000    2.100   0.119
-65.85  43.82   1.288   2.395     -0.172  -2.000    1.300   0.328
-65.85  43.82   2.707   4.503     -0.555  -3.000    1.200   0.349
-65.85  43.82   2.493  10.808     -0.555  -4.500    1.200   0.427
-65.85  43.82   2.857  15.666     -1.063  -5.800    1.200   0.504
-65.85  43.82   3.639  36.581     -1.587  -5.800    0.700   0.231
-65.85  43.82   4.644  26.083     -3.394  -14.000    2.100   0.191
-65.85  43.82   5.829  61.346     -7.071  -1.600    0.700   0.341
-65.86  44.55  15.710  1014.268     43.624   8.600    1.100   0.299
-65.86  44.55  15.677  1019.855     43.624   8.500    1.100   0.333
-65.86  44.55   1.293   6.448      0.210  -1.900    1.200   0.113
-65.86  44.55   0.783   4.543      0.155  -1.300    1.200   0.123
-65.86  44.55   3.219  31.203     -0.296  -6.400    1.100   0.341
-65.86  44.55   2.841  14.028     -0.296  -4.400    1.100   0.482
-65.86  44.55   3.345  77.391     -0.730  -10.400    1.100   0.480
-66.62  45.10  14.293  309.421     50.762  27.900    1.300   0.519
-66.62  45.10  14.293  1073.481     50.762  18.000    1.000   0.519
-66.62  45.10   0.579   1.955      0.250   1.500    1.000   0.126
-66.62  45.10   0.382   2.190      0.250   1.500    1.000   0.149
-66.62  45.10   0.530   1.586      0.250   1.500    1.000   0.199
-66.62  45.10   0.819   2.532      0.546   1.500    1.000   0.142
-66.62  45.10   0.986   0.915      0.546   1.500    1.000   0.188
-66.62  45.10   2.441   0.054      1.089   1.000    1.000   0.278
-66.62  45.10   1.010   0.208      0.546   1.000    1.000   0.213
-66.62  45.10  14.506  2476.216     50.762   1.000    1.000   1.026
-66.62  45.10  15.403  5293.650     79.757   7.000    1.000   0.668
-66.62  45.10  15.290  395.220     79.757  40.000    2.000   0.864
-66.62  45.10   3.522  21.651      0.642  -4.000    1.000   0.070
-66.62  45.10  14.103  1017.653     33.900   2.000    1.000   0.760
-66.62  45.10   3.219  21.036      0.884  -3.000    0.900   0.141
-66.62  45.10   2.554  13.436      1.089  -2.200    0.900   0.192
-66.62  45.10   2.680   8.607      1.089  -1.400    0.900   0.184
-66.62  45.10   1.810   7.210      1.015  -1.200    0.900   0.177
-66.62  45.10   2.023   3.257      1.015  -0.600    0.900   0.120
-66.62  45.10   1.548   1.348      0.802  -0.200    0.900   0.144
-66.62  45.10   0.997   0.248      0.546   0.100    0.900   0.079
-66.62  45.10  12.864  487.086     12.436  -0.800    0.600   0.206
-66.62  45.10   0.141   1.012      0.000  -0.100    0.900   0.141
-66.62  45.10   0.919   0.745      0.546   0.000    0.900   0.132
-66.62  45.10  15.582  228.434     79.757  45.000    2.300   0.322
-66.62  45.10  14.806  344.538     68.901  22.500    2.500   0.831
-66.62  45.10  13.066  220.007     12.436  51.000    2.600   0.649
-66.62  45.10  13.866  41.712     33.900  50.000    2.500   0.275
