9.025064875826795685e+01
9.020987771630258578e+01
8.992786387932424930e+01
8.932109078047579942e+01
8.836669496464109841e+01
8.720575498883130194e+01
8.596804989791415608e+01
8.488953666257292241e+01
8.408090107242561828e+01
8.370309694907570019e+01
8.371113019535259525e+01
8.406079135332267072e+01
8.469143811897374974e+01
8.544821404513533025e+01
8.623858859113120445e+01
8.697564862280431441e+01
8.764368164556032070e+01
8.819072822838312220e+01
8.866686867136537842e+01
8.908807957005205935e+01
8.944210617797239138e+01
8.975753786482890462e+01
9.005736566434211454e+01
9.033133170319990768e+01
9.055669368781497042e+01
9.077901588731553773e+01
9.095259033655936776e+01
9.112860024427386918e+01
9.126591558138996163e+01
9.138136531763967696e+01
9.147146625509111573e+01
9.155098689225401642e+01
8.785761449092802877e+01
8.786379699654486330e+01
8.759436248030449690e+01
8.701697875114759029e+01
8.609768114717500964e+01
8.497829002943721832e+01
8.380350172734650016e+01
8.280664897893335308e+01
8.213255570540205497e+01
8.188292768715403724e+01
8.208173982358029264e+01
8.267364292534402637e+01
8.350519204946407115e+01
8.450011545149992287e+01
8.549707628591106356e+01
8.645205302394622038e+01
8.727763458741502234e+01
8.799828274481122037e+01
8.862429590777149713e+01
8.916956710011744747e+01
8.964764981110926101e+01
9.008790076753093956e+01
9.050194624030923762e+01
9.084702550862910186e+01
9.116039544028673447e+01
9.145825354091603288e+01
9.173451422296021462e+01
9.195198477855178965e+01
9.213439003993124743e+01
9.229726586243667441e+01
9.241710930567914772e+01
9.253373190947466753e+01
8.516098631840131361e+01
8.506663458345953188e+01
8.471670287620473516e+01
8.405831485655109248e+01
8.307442580857969006e+01
8.189028935686646093e+01
8.068642447871071965e+01
7.966534247739531338e+01
7.898415868919055072e+01
7.879836494732661833e+01
7.908855651162292588e+01
7.977004202413858991e+01
8.074192340872978946e+01
8.185918240022121495e+01
8.299351446022687639e+01
8.405561456528118924e+01
8.499518948024416432e+01
8.580764758581979379e+01
8.654449899185969741e+01
8.716511397260916283e+01
8.775062739702860881e+01
8.828272789277458799e+01
8.875512464513185762e+01
8.918753170161647859e+01
8.956916780419560098e+01
8.992767575267582458e+01
9.025416390274948242e+01
9.052944136827636612e+01
9.075305130779246099e+01
9.096231575272946657e+01
9.112739744524547802e+01
9.126224229556366652e+01
8.238213110614229606e+01
8.205127606127389583e+01
8.151360926282792718e+01
8.062462859421928840e+01
7.942984533568331074e+01
7.805537992131750968e+01
7.665446893966826281e+01
7.547572249760959551e+01
7.465144264795922879e+01
7.434228383199003076e+01
7.451220998083961433e+01
7.512155705020190055e+01
7.604187970807846852e+01
7.710148425890862711e+01
7.820213975807038764e+01
7.923239599716488613e+01
8.016004954751412015e+01
8.098179105568166847e+01
8.168453476098606814e+01
8.234536716801785872e+01
8.294375497549994236e+01
8.349413855691440745e+01
8.399561198974008391e+01
8.445994291233346019e+01
8.488876526934058120e+01
8.527949011198030860e+01
8.563132569260221771e+01
8.592282499253666117e+01
8.619740907488220216e+01
8.642509821837978734e+01
8.663225576154430030e+01
8.678470458739452909e+01
7.969225858696435694e+01
7.904065181618015856e+01
7.814809324871524154e+01
7.689962369685633803e+01
7.533632893607263270e+01
7.359179622303140889e+01
7.182037198975800152e+01
7.026402406759801522e+01
6.911434635917181879e+01
6.845857176915187381e+01
6.831278931671515409e+01
6.862135651016053828e+01
6.923215585004140848e+01
7.005107091936125130e+01
7.089959574081187554e+01
7.170502361924462775e+01
7.245889118719496480e+01
7.311634597307991612e+01
7.370542486101307134e+01
7.425656488441480008e+01
7.475220627161810683e+01
7.523595653858471621e+01
7.571334110467262235e+01
7.612566729433133617e+01
7.654565789172481516e+01
7.689985153699943510e+01
7.725168614111471754e+01
7.756139104879962076e+01
7.782939839097703327e+01
7.806721797984441480e+01
7.827729136143274502e+01
7.845098216129862578e+01
7.726556400193847196e+01
7.620498842378191284e+01
7.484192300259304886e+01
7.309191645733322673e+01
7.099887331800405832e+01
6.868274079152061518e+01
6.638679907318447704e+01
6.427630818834069260e+01
6.259212410965349704e+01
6.139185313479298856e+01
6.073532304889896949e+01
6.052014161822520322e+01
6.064696442766620521e+01
6.099375789328096431e+01
6.141572136140982963e+01
6.184895255001108438e+01
6.223770612572605643e+01
6.260515772286203884e+01
6.294347832047883884e+01
6.327599050828919047e+01
6.360360440584201314e+01
6.392245731077697002e+01
6.426628993962779646e+01
6.458985777157154473e+01
6.490632615405498029e+01
6.521439889276255997e+01
6.551154004994894819e+01
6.578326635668274491e+01
6.601754051111988986e+01
6.623201515397663286e+01
6.641922761813526677e+01
6.657605484917836236e+01
7.520874305956336059e+01
7.365403884809732915e+01
7.169414797409088180e+01
6.931560071573701975e+01
6.654104341633930630e+01
6.354710032950675469e+01
6.053592716337402635e+01
5.778061215554185992e+01
5.544754774036286449e+01
5.362965629088551367e+01
5.235807493189503958e+01
5.155752644273223950e+01
5.109940151866433666e+01
5.089100756719620477e+01
5.082029290190056514e+01
5.078669804872492222e+01
5.078827807699469332e+01
5.080833202975600926e+01
5.082423834430334608e+01
5.087348105336125315e+01
5.096390997063137007e+01
5.107647880749038904e+01
5.122334095334062454e+01
5.141219660425267080e+01
5.160740260610732122e+01
5.179978699181265256e+01
5.200384825698322544e+01
5.219497184268141154e+01
5.237122853985584214e+01
5.252886706276450468e+01
5.267787096792837787e+01
5.278856371070312292e+01
7.346301598614037687e+01
7.132746738095053729e+01
6.872077200578023337e+01
6.559770909579044940e+01
6.204421763251220767e+01
5.826727620620773251e+01
5.450941433053683483e+01
5.106751855678803764e+01
4.811569272605885317e+01
4.575009036995624001e+01
4.395878950906183746e+01
4.266150694258657694e+01
4.173519573221999934e+01
4.109207819435602005e+01
4.059885297742390975e+01
4.020680469281539615e+01
3.986863939745578733e+01
3.959044855402713381e+01
3.935658826517406794e+01
3.917847236336692873e+01
3.905305103006583778e+01
3.897187660187057645e+01
3.895704712301090922e+01
3.896700582727136464e+01
3.902448155836140131e+01
3.909444180749672881e+01
3.918094435512865203e+01
3.927378458957724661e+01
3.936921495775539626e+01
3.946005390389880318e+01
3.953242497622895968e+01
3.960332696214477011e+01
7.184205508344687985e+01
6.907607163167797637e+01
6.572914044348188156e+01
6.181365241150161438e+01
5.745623230610591037e+01
5.286100585478970260e+01
4.839822753213900342e+01
4.435649314558876455e+01
4.095994174994324766e+01
3.824243703612720680e+01
3.619500884510955530e+01
3.468327038898549830e+01
3.356769387839528207e+01
3.273775338617829078e+01
3.209317668517180522e+01
3.155866994083066501e+01
3.111031181832478509e+01
3.071577604459317357e+01
3.037521781273484933e+01
3.008127148425342057e+01
2.984348614072244388e+01
2.965359711960667255e+01
2.950281869793944978e+01
2.940236151589327562e+01
2.933434753092089409e+01
2.930105054299081857e+01
2.928771648328909905e+01
2.928900023606290759e+01
2.929613158136134743e+01
2.931528649227352901e+01
2.932767525830850630e+01
2.934883917463818648e+01
7.008117079936647542e+01
6.665921085996832574e+01
6.256856843466999152e+01
5.782501691609987660e+01
5.260105311851196319e+01
4.727644139943922141e+01
4.219475426724496714e+01
3.774873912919385788e+01
3.413927435383781273e+01
3.140087962439843139e+01
2.944207504569648748e+01
2.808566787493093031e+01
2.715105454819595465e+01
2.648898648368273356e+01
2.599953955309183584e+01
2.561502929868025191e+01
2.527967497975778599e+01
2.498121334512572389e+01
2.471110568550837172e+01
2.446220103052733563e+01
2.422716021116580620e+01
2.402006805619213026e+01
2.383793857556317519e+01
2.367485381973726177e+01
2.354018911956535121e+01
2.343174051027248694e+01
2.334169307502714119e+01
2.326643505566779524e+01
2.321593209035114214e+01
2.316892385730610826e+01
2.313851308203897261e+01
2.311051156478481161e+01
6.797449951625539200e+01
6.387275352988606159e+01
5.901039368008471797e+01
5.347037506502480397e+01
4.747229896344379085e+01
4.147487666286209418e+01
3.595999866879927254e+01
3.132735985945443602e+01
2.780587397834841923e+01
2.537843685513313474e+01
2.386447535459821623e+01
2.300912056111923576e+01
2.256882218124199468e+01
2.235644900549679548e+01
2.226872726449052209e+01
2.221852657210523319e+01
2.217846636128146187e+01
2.211935617865621495e+01
2.203534346902358720e+01
2.191570708526945666e+01
2.177786031395372035e+01
2.161845797028203719e+01
2.144770140996009289e+01
2.128167893976086233e+01
2.111731258989827253e+01
2.096192695084072000e+01
2.082583994832630836e+01
2.070924652040056202e+01
2.060671903230477753e+01
2.052535531370325472e+01
2.045803034115857955e+01
2.040255326870365238e+01
6.535824384862203829e+01
6.061093618055426191e+01
5.503237378345454545e+01
4.874155612075463040e+01
4.207138286490442880e+01
3.555844167875558526e+01
2.978382224307094006e+01
2.522996572953087124e+01
2.208303605939385150e+01
2.026002972343847475e+01
1.947350503147547585e+01
1.935250980577835023e+01
1.958927986164457735e+01
1.996555414415594143e+01
2.035422116544237880e+01
2.068995054586995153e+01
2.094545860944167970e+01
2.113018521484559997e+01
2.121432605031002794e+01
2.123235280045170015e+01
2.117226494616976495e+01
2.105581744842993785e+01
2.090524650189304268e+01
2.072946996176419887e+01
2.054511243344937910e+01
2.036432918073969489e+01
2.019133760658558074e+01
2.003962920830043970e+01
1.990634085203754822e+01
1.979309097133647910e+01
1.970388684568767701e+01
1.963495287111785359e+01
6.218338324800819095e+01
5.683975316775948983e+01
5.064077633257579691e+01
4.372133949050058987e+01
3.652668448273519175e+01
2.969220180099354423e+01
2.391823785549176407e+01
1.969133452569887055e+01
1.718147489174107889e+01
1.619452246081453950e+01
1.629517153760407311e+01
1.700301468057312704e+01
1.793063880905976859e+01
1.882708317778691764e+01
1.958336577279422741e+01
2.016497310477409499e+01
2.057843653987704968e+01
2.084194634770341636e+01
2.097883782625819649e+01
2.100452379096079625e+01
2.094012453038882171e+01
2.079989170586783942e+01
2.060851227292803500e+01
2.038792186520086602e+01
2.016332461955993338e+01
1.993289873529194622e+01
1.971896020327156762e+01
1.953105493976240581e+01
1.936989719542419763e+01
1.923710430877452282e+01
1.912882959847994613e+01
1.904467485262348347e+01
5.832259117513959978e+01
5.251184836589529681e+01
4.583437669164311501e+01
3.850636416595877876e+01
3.102147827564783711e+01
2.414195998471424431e+01
1.863818158836298622e+01
1.502699192477675183e+01
1.339035833071581294e+01
1.339145323470605398e+01
1.443558199942559916e+01
1.591864793269874667e+01
1.737453642220515349e+01
1.856935307348360809e+01
1.942884622703527597e+01
1.998854806684597563e+01
2.029369159655536592e+01
2.041256914866368177e+01
2.038680906528323078e+01
2.025442566911632269e+01
2.004372134842384412e+01
1.977852964664017676e+01
1.947908605297974916e+01
1.916537127176066946e+01
1.886325952729374578e+01
1.857248590037750446e+01
1.831242867997479706e+01
1.808525753023995364e+01
1.789103289140014752e+01
1.773781394386929833e+01
1.760905249647135307e+01
1.751180124515082426e+01
5.370594837993116499e+01
4.762512090226647388e+01
4.070834571409276492e+01
3.320707658789341821e+01
2.574851144070217046e+01
1.917975246913879417e+01
1.429919017661785752e+01
1.159576187510105427e+01
1.104537090436858904e+01
1.211541441129631558e+01
1.404360166997164328e+01
1.610301580872090099e+01
1.781664615271099450e+01
1.897060672825340788e+01
1.959146048735896528e+01
1.979471869782021543e+01
1.969644507786565413e+01
1.943189230331604733e+01
1.905844629235804177e+01
1.863040507027179515e+01
1.817344585326157613e+01
1.772236396509858380e+01
1.727291092942132167e+01
1.684708328567244351e+01
1.645646432037297302e+01
1.611511454992168169e+01
1.580958288703780568e+01
1.555955466645294116e+01
1.534836180725536359e+01
1.518093730422291365e+01
1.504763279435197809e+01
1.494616622762772096e+01
4.822598513059187297e+01
4.210842608020440991e+01
3.524842233708567107e+01
2.796496852051240012e+01
2.095593999607296354e+01
1.510457004547516213e+01
1.123226748357942917e+01
9.746142661274488361e+00
1.043628449220678611e+01
1.258292846773404250e+01
1.523805789469565930e+01
1.759554071075855219e+01
1.918261501651094036e+01
1.991095821972332658e+01
1.993191548232995913e+01
1.947779658645367817e+01
1.875864306388587366e+01
1.795348564346439346e+01
1.713091500609692019e+01
1.636574297447051762e+01
1.565526623234266168e+01
1.502876835074108719e+01
1.446399594480390682e+01
1.397638290210122669e+01
1.355846826742752320e+01
1.320829812536235437e+01
1.291147455399030264e+01
1.267156397480909469e+01
1.248276000044688594e+01
1.233528140998340206e+01
1.221795064405352349e+01
1.212713287991183364e+01
4.190634477990140283e+01
3.606256784602987153e+01
2.961708346435727890e+01
2.297573313857649069e+01
1.686652821183202988e+01
1.219618520648752558e+01
9.720864572376273216e+00
9.703812269410924785e+00
1.172914650986834850e+01
1.485789027681279784e+01
1.798482950223717225e+01
2.028666311081417817e+01
2.136202083580680622e+01
2.130408486565313098e+01
2.042285686318314930e+01
1.910948119184329741e+01
1.766228320237027205e+01
1.628402889684789301e+01
1.505934522712090917e+01
1.403340684538279959e+01
1.318162537845015514e+01
1.249776043164088435e+01
1.194687529672227377e+01
1.151640758615597981e+01
1.117427801822977962e+01
1.091294891128974065e+01
1.071947220649673405e+01
1.056253480126345501e+01
1.045354733397882008e+01
1.037110195332084750e+01
1.031294424137007049e+01
1.026771140597899112e+01
3.494918626153958741e+01
2.971216030263119379e+01
2.408473216742547152e+01
1.851901496378685508e+01
1.376310461383163464e+01
1.068141052894896603e+01
9.908322724310172802e+00
1.151175470867759110e+01
1.484695330531499913e+01
1.876180216024545544e+01
2.205952165221455985e+01
2.391415944403700777e+01
2.411054475588998613e+01
2.295937939430427477e+01
2.099014253470277325e+01
1.873960463567580348e+01
1.659319416842404493e+01
1.475820964601255270e+01
1.328558115433342834e+01
1.218461130974831441e+01
1.139436671635519183e+01
1.085230911187854552e+01
1.049882531823209142e+01
1.028370443215166041e+01
1.016598145624981697e+01
1.012354075136066633e+01
1.012452850828921136e+01
1.015437068687003119e+01
1.019261516442421289e+01
1.023879091280592313e+01
1.028079685446401292e+01
1.031718135511565215e+01
2.786927301438317173e+01
2.353534599487781165e+01
1.907463779083231969e+01
1.495085750182596662e+01
1.188994324937186775e+01
1.066775584607479566e+01
1.175161409021053238e+01
1.497714563447623171e+01
1.945826329278795086e+01
2.386619344676238441e+01
2.696374550843107798e+01
2.801219858880833158e+01
2.704577961186248203e+01
2.459615467345848572e+01
2.145172889758636003e+01
1.831213719443546140e+01
1.558835202973752132e+01
1.348611143029132187e+01
1.201416606074773874e+01
1.107710706199826944e+01
1.057307618097452995e+01
1.038591748116358993e+01
1.040984937420604517e+01
1.057523648114625026e+01
1.082169308385548767e+01
1.111192712481253686e+01
1.140442688907724467e+01
1.168789036920407121e+01
1.194096411865691998e+01
1.216309476185997873e+01
1.234658688727171771e+01
1.249874667386743177e+01
2.138408325932201492e+01
1.818701903876504034e+01
1.510513973011438260e+01
1.262478346399850437e+01
1.141899455080488046e+01
1.212153270204562006e+01
1.500513049127026477e+01
1.966982985559540253e+01
2.501421776824628296e+01
2.957759476346564398e+01
3.211249011154067290e+01
3.206765097388760211e+01
2.970120746738687956e+01
2.588486256417077058e+01
2.160436199873191399e+01
1.769043263169218960e+01
1.458966233078864860e+01
1.244376674210135469e+01
1.118978734238539907e+01
1.064660580203134366e+01
1.062616929275452371e+01
1.095718830079095873e+01
1.150325265413509079e+01
1.216222669712088766e+01
1.285980612193762518e+01
1.355026686112332790e+01
1.419481297588576219e+01
1.477120309061871950e+01
1.527342199762976627e+01
1.569318084551618142e+01
1.604220475586805961e+01
1.631911686056872313e+01
1.623355814114436768e+01
1.427238712469766391e+01
1.260873842142095391e+01
1.177145712584482062e+01
1.234121359107891891e+01
1.480589582418988215e+01
1.923277722677170232e+01
2.500811208437906785e+01
3.085094394563413189e+01
3.521330564873694158e+01
3.691700297725653002e+01
3.559074257856884316e+01
3.179407908445238817e+01
2.663016540859628023e+01
2.134912429552873903e+01
1.684761906205203630e+01
1.358084739763412863e+01
1.162346812780209859e+01
1.078384541958287457e+01
1.079967065350061795e+01
1.139497391229030931e+01
1.234384378454439180e+01
1.347827488755046943e+01
1.467616642926892467e+01
1.585482988206658206e+01
1.696366169546879732e+01
1.796166224094767117e+01
1.884084581783379164e+01
1.958670853059712869e+01
2.020466291908374146e+01
2.070840969286731337e+01
2.111276564608445838e+01
1.304551879401619452e+01
1.212444425134660264e+01
1.174446466557795610e+01
1.233883724383009906e+01
1.440313676661275366e+01
1.827472458529067012e+01
2.385206419498621244e+01
3.031144129574672164e+01
3.627250198482560251e+01
4.015786922217373700e+01
4.087749837868101821e+01
3.826070333579933447e+01
3.312194244098330387e+01
2.684229142197157714e+01
2.079009020307912436e+01
1.597603888268016625e+01
1.279920687576344562e+01
1.122821829187057041e+01
1.097776451614486781e+01
1.166816601881499516e+01
1.295813011045830621e+01
1.456891871897494006e+01
1.631006106754525220e+01
1.804166335332667259e+01
1.968358973738208562e+01
2.118570599099638585e+01
2.251742881430418564e+01
2.366840708112260572e+01
2.462929519652319144e+01
2.542126071066951098e+01
2.606429358136556118e+01
2.657474448317847404e+01
1.167769275759292036e+01
1.165591928206367633e+01
1.228728876586357899e+01
1.397600447328362172e+01
1.712563805502842840e+01
2.194564072587830239e+01
2.818470379073808019e+01
3.490797079180780571e+01
4.067153678257002269e+01
4.393087258241848758e+01
4.366419684234000442e+01
3.993059536703852785e+01
3.374277031521372550e+01
2.666395614979425588e+01
2.023437207172586128e+01
1.543507457018463924e+01
1.263006905991042039e+01
1.167402861815910775e+01
1.216915099161625058e+01
1.364044372587135712e+01
1.567619759794603596e+01
1.796824182366671607e+01
2.029981363444625941e+01
2.254159186605511067e+01
2.461461881134205143e+01
2.647040647000905267e+01
2.809602616948534504e+01
2.947264983736839383e+01
3.062735046165481734e+01
3.157141571312501682e+01
3.232167160132274120e+01
3.291986652093871868e+01
1.185389047857093381e+01
1.246457504885651524e+01
1.378496069190693163e+01
1.616314175743785952e+01
1.994707813854806133e+01
2.523420231710581518e+01
3.166968925821531755e+01
3.828398183464013727e+01
4.362190899241053899e+01
4.619582101620569148e+01
4.513108229341883515e+01
4.058565632096328812e+01
3.377754461191768343e+01
2.639227916062215584e+01
2.001254487750185618e+01
1.561858588293392280e+01
1.349217637251230251e+01
1.338942164393725953e+01
1.478678863044279090e+01
1.713518274151965670e+01
1.996963727290676616e+01
2.295328294561955929e+01
2.586570898349808090e+01
2.859596419753701113e+01
3.106437629184863169e+01
3.323933332359000303e+01
3.511538275502034878e+01
3.670236717841827101e+01
3.801342062873760597e+01
3.906954612979053110e+01
3.991668393607994858e+01
4.057848481065396840e+01
1.311574774672352994e+01
1.409058347910838194e+01
1.577345709333800272e+01
1.846274410425211343e+01
2.244120689188467921e+01
2.774881712438984493e+01
3.399108593722095861e+01
4.019960539724146287e+01
4.498089751419411897e+01
4.693573083342988639e+01
4.531090179404091600e+01
4.036737502522833410e+01
3.343512161533831062e+01
2.623898995495336450e+01
2.039031254920012159e+01
1.680144546151980478e+01
1.567021253226374000e+01
1.663470344946249924e+01
1.908268276796284013e+01
2.239275624237922457e+01
2.606118738424345338e+01
2.974678689150866262e+01
3.323241172826597278e+01
3.641733130525283002e+01
3.925660565395590140e+01
4.171838784169372616e+01
4.382528810637700190e+01
4.559039203830405995e+01
4.703228308436348470e+01
4.819177041711336784e+01
4.911442426241386983e+01
4.982804149955234152e+01
1.513010866723259085e+01
1.623348215599640909e+01
1.798138777034070657e+01
2.064942758390412791e+01
2.445626949494717550e+01
2.941088234067231966e+01
3.513272588797485696e+01
4.071806686193249902e+01
4.486517619563221615e+01
4.632463396709800918e+01
4.442423482172393534e+01
3.953769919922164888e+01
3.295806485968963528e+01
2.644674711701477676e+01
2.154846698244162440e+01
1.911334270932227497e+01
1.922387321050831233e+01
2.142311817134542551e+01
2.501834641668289905e+01
2.933675389777706144e+01
3.385199395407207845e+01
3.823073602675761151e+01
4.226577472736077112e+01
4.588215068978764322e+01
4.905288273135457189e+01
5.177953032992368776e+01
5.408878693008099248e+01
5.599260896099153939e+01
5.755105143226247577e+01
5.879814069769866336e+01
5.977628262856563879e+01
6.052971016465964027e+01
1.776129049264348581e+01
1.878252368475152778e+01
2.036475169920867145e+01
2.273328644977990720e+01
2.607829577666747767e+01
3.040246056131895713e+01
3.536458246802167338e+01
4.017449135485517075e+01
4.369282355500745751e+01
4.477450064809167429e+01
4.288404345197034218e+01
3.839902558742266336e+01
3.260105139134721952e+01
2.716970670636167640e+01
2.356338181554322020e+01
2.252551001411663378e+01
2.403842390223246994e+01
2.755899694659310128e+01
3.233035415921056455e+01
3.764502986932384232e+01
4.297464749494594116e+01
4.799164844746560021e+01
5.253319729169351859e+01
5.653027696997579454e+01
5.999065695520503283e+01
6.293520048862922067e+01
6.539872917127760843e+01
6.743161395123921409e+01
6.907764542020872511e+01
7.039031442008443662e+01
7.141245298927479723e+01
7.219439251731732554e+01
