1.851855268796297338e+01
1.863499617176271883e+01
1.871445326969978851e+01
1.875474391533427720e+01
1.876605530667424304e+01
1.875998606558475146e+01
1.874977131244548900e+01
1.874488194693611476e+01
1.874768226953465700e+01
1.876099976085824395e+01
1.877914667800651216e+01
1.880113752979229247e+01
1.882672549804076922e+01
1.885098114179499262e+01
1.887562625382888726e+01
1.889940278286507080e+01
1.892084981450366499e+01
1.893936208855968673e+01
1.895595150826037312e+01
1.896855112743477179e+01
1.897831859748604799e+01
1.898520667056371991e+01
1.898881961030063437e+01
1.899065871468115674e+01
1.899065982044611545e+01
1.898998697878367281e+01
1.898888685140455479e+01
1.898664975828320323e+01
1.898477106666659253e+01
1.898385069681761195e+01
1.898173087704455853e+01
1.898038367148727090e+01
1.823999604874503078e+01
1.836060887980764988e+01
1.845055316267536227e+01
1.851354440305620486e+01
1.855936506125423335e+01
1.860081761438158665e+01
1.865105862428371708e+01
1.871621253568889998e+01
1.879660955678966872e+01
1.888839871656540836e+01
1.898811582072624660e+01
1.908940478680092667e+01
1.918983633059726657e+01
1.928568602879719762e+01
1.937575014348123759e+01
1.945883854250638834e+01
1.953486215093719025e+01
1.960150831808235239e+01
1.965664600827677688e+01
1.970101886504737365e+01
1.973611996708200422e+01
1.976144167767940019e+01
1.977912270961680719e+01
1.979142526234530663e+01
1.979874074167895159e+01
1.980114318521644279e+01
1.980121196341279699e+01
1.980132227306289394e+01
1.979999466760503424e+01
1.979917553535852903e+01
1.979842837635069586e+01
1.979567128645616592e+01
1.795249052305615223e+01
1.808151770959613103e+01
1.819208207080620099e+01
1.829160308581678507e+01
1.839251547493634220e+01
1.850903496118198177e+01
1.865467430515342073e+01
1.883149442453392908e+01
1.903644641548506300e+01
1.926059426696386723e+01
1.949430029761219529e+01
1.972733370757220683e+01
1.995303422920094505e+01
2.016673974447148510e+01
2.036505749469201376e+01
2.054509105329702834e+01
2.070563742651714634e+01
2.084198743428624212e+01
2.095589618525441367e+01
2.104746135698946219e+01
2.111559023116386413e+01
2.116591990634692877e+01
2.120001617087310564e+01
2.122198913484064065e+01
2.123724419684038267e+01
2.124345257846355395e+01
2.124397759188958190e+01
2.124388812851932329e+01
2.124125094563163074e+01
2.123817916239241654e+01
2.123508569493970555e+01
2.123106476311537705e+01
1.765215150345985151e+01
1.779405767775564229e+01
1.793371809949804074e+01
1.808311593182735777e+01
1.826233639376852835e+01
1.848916324845937353e+01
1.877344618359787631e+01
1.911799684802994292e+01
1.951227590237102305e+01
1.993875968103746033e+01
2.037741621744272535e+01
2.081025694304101847e+01
2.122559428210801258e+01
2.161436000012760417e+01
2.197013677504489948e+01
2.228685105514663078e+01
2.256107776961616551e+01
2.279158181986809595e+01
2.297879265575939911e+01
2.312264685928109031e+01
2.322928574604693708e+01
2.330428262222974212e+01
2.335268581455992276e+01
2.338173596872352533e+01
2.339437403899906442e+01
2.339873528601360064e+01
2.339688546062841823e+01
2.339138805801768584e+01
2.338303149800123393e+01
2.337532595045440331e+01
2.336592483034212009e+01
2.336053413081848262e+01
1.732919009268460897e+01
1.748328803770645479e+01
1.765853967161132942e+01
1.787389984351338512e+01
1.815576915361154064e+01
1.852882325053549550e+01
1.900765232447329112e+01
1.958736543032264521e+01
2.024806938361569664e+01
2.096043158351286806e+01
2.168668783176861936e+01
2.239819218474793416e+01
2.307356095894561321e+01
2.369222576662993163e+01
2.424880361307264920e+01
2.473534638655794282e+01
2.514287206699108168e+01
2.547869856203590189e+01
2.574086084432531507e+01
2.593362596565642875e+01
2.607028036921180814e+01
2.615638385932830801e+01
2.620471769360953118e+01
2.622802777254886308e+01
2.623071032081388410e+01
2.622314837454947067e+01
2.620455226033533336e+01
2.618463318070682533e+01
2.616301627008225239e+01
2.614256766280267641e+01
2.612453725251545578e+01
2.610698316586722001e+01
1.697071253159601767e+01
1.713405859801224551e+01
1.734555336274169335e+01
1.763566904180315831e+01
1.804384405746610653e+01
1.860308016920479446e+01
1.933125426532653890e+01
2.021969578038499193e+01
2.122903113598178848e+01
2.231412206539697962e+01
2.341104026055528919e+01
2.447572662161912405e+01
2.546684262251599407e+01
2.635913680021534233e+01
2.714153710651597606e+01
2.780609350418690084e+01
2.834958895686710534e+01
2.877479120878381025e+01
2.909044363854347992e+01
2.930908813960473580e+01
2.944544062245150684e+01
2.951971165237149819e+01
2.954490124800792117e+01
2.953605210578419005e+01
2.950706753072750743e+01
2.946362774808407536e+01
2.941542224783457016e+01
2.936496306679440949e+01
2.932008393549345371e+01
2.927994391063498725e+01
2.924229164154146332e+01
2.921127652310367040e+01
1.656372513420343395e+01
1.672589163570087223e+01
1.696854094906514732e+01
1.733886912486829601e+01
1.789080449056923783e+01
1.867080923048666108e+01
1.970032905171265725e+01
2.096152706306104108e+01
2.239735661745843487e+01
2.392574727714833926e+01
2.545916731073698358e+01
2.691903652179657414e+01
2.825731113273833728e+01
2.943248229384360570e+01
3.042861192843342266e+01
3.124695756335860963e+01
3.188281137692779765e+01
3.235603381406364321e+01
3.267832661167041408e+01
3.287418469722687320e+01
3.296459465083152196e+01
3.298209066425531688e+01
3.294249990300746589e+01
3.286583273845216269e+01
3.277342727005752465e+01
3.267313943762788853e+01
3.257341619306546932e+01
3.247933196381106313e+01
3.239362797158791096e+01
3.232009416560161696e+01
3.225662299590274529e+01
3.220443338858043347e+01
1.610410234435550692e+01
1.625099798576742316e+01
1.651528317509413313e+01
1.696147099436119987e+01
1.766431923671661508e+01
1.868454957456807008e+01
2.005068211718062088e+01
2.172996933622416549e+01
2.363290522040723829e+01
2.564511402766910564e+01
2.763555497525734239e+01
2.949460349233748602e+01
3.115228494781635860e+01
3.256551614227225144e+01
3.371885787246907284e+01
3.461549604923348511e+01
3.527124988978940223e+01
3.571023310846631205e+01
3.596270369718222781e+01
3.605828093025426995e+01
3.604065373799405592e+01
3.594096654961553128e+01
3.578471198618096594e+01
3.560380750365705893e+01
3.541598364525916764e+01
3.522733315337902837e+01
3.505381353653146448e+01
3.489432819552651210e+01
3.475968263360449839e+01
3.464037681665438839e+01
3.454196854423224039e+01
3.446073830139759764e+01
1.559525531706501944e+01
1.571175957502495635e+01
1.598091999919412487e+01
1.649086064547575248e+01
1.733700622911797851e+01
1.859867025211085334e+01
2.030221093525654297e+01
2.240061133074359745e+01
2.476750943574211306e+01
2.724225948932006958e+01
2.964532424154367618e+01
3.184025595103029005e+01
3.373267584510154649e+01
3.528049801072877756e+01
3.647885070209540004e+01
3.733774452886926554e+01
3.789384463581983908e+01
3.818833761311275055e+01
3.827027513349665355e+01
3.818558555633614304e+01
3.798096774982168000e+01
3.770094570330922323e+01
3.738813135291327683e+01
3.706019587844571106e+01
3.674245765922498919e+01
3.644401230253480151e+01
3.617781785222818058e+01
3.594363944104907915e+01
3.574084440090582149e+01
3.557267600236948368e+01
3.543453108310693978e+01
3.531912225082120216e+01
1.504640870095282601e+01
1.511815449288568836e+01
1.537625920017514147e+01
1.592718617499709133e+01
1.689154485270254114e+01
1.836406740292182960e+01
2.037067134452825456e+01
2.283673881657165339e+01
2.560171120162108593e+01
2.844520553186873002e+01
3.115126500461859038e+01
3.354804655632210597e+01
3.552664243299446412e+01
3.705344623207712118e+01
3.813121164786413431e+01
3.880460622923995828e+01
3.912840089818634226e+01
3.916114496347309171e+01
3.896658344061263080e+01
3.861361882300126069e+01
3.816510449943080374e+01
3.765551824008888104e+01
3.713844877208018147e+01
3.664193819109009809e+01
3.617842258016602841e+01
3.575764244716329898e+01
3.539241904295001717e+01
3.507610324510499566e+01
3.480903452564301404e+01
3.459003315908599063e+01
3.441017257422594611e+01
3.426329535022760098e+01
1.446453370101781921e+01
1.448022274745936322e+01
1.470615411034028597e+01
1.527183256791028398e+01
1.631608652543660298e+01
1.794510263385309301e+01
2.017810548311640417e+01
2.291438446201998147e+01
2.594815939717399189e+01
2.901215951125678316e+01
3.184612906966398072e+01
3.425650092924040280e+01
3.613681638270827534e+01
3.746079131055071798e+01
3.825619284280142551e+01
3.858806046629158004e+01
3.854937271128181209e+01
3.821232025363384111e+01
3.766887062001568864e+01
3.699774110915556236e+01
3.625484018438059053e+01
3.550502499665985567e+01
3.477498268667450532e+01
3.410249617277446532e+01
3.349546646642927783e+01
3.295864053681704320e+01
3.250055899662621783e+01
3.211383248678650659e+01
3.178870364669504767e+01
3.152678531690265373e+01
3.131098866821947979e+01
3.113844415303133673e+01
1.384511842557012429e+01
1.379864675411107733e+01
1.397984148526225212e+01
1.453079212803132059e+01
1.560701313179451155e+01
1.731984775119524045e+01
1.967949369440000851e+01
2.255529531415677624e+01
2.569918300009603840e+01
2.879858538878866270e+01
3.157060234106042174e+01
3.380230175212119548e+01
3.539362971181353146e+01
3.634301744644423593e+01
3.671030895712578968e+01
3.659364296885129875e+01
3.610296402815519201e+01
3.534657704097807596e+01
3.441909820212911342e+01
3.341884245724946112e+01
3.239409876876595717e+01
3.141202462211513691e+01
3.049934384308316382e+01
2.967780472006451831e+01
2.895627566351822679e+01
2.833653970755343465e+01
2.781043820980333336e+01
2.737190829854533192e+01
2.701244026991469838e+01
2.671996627769969024e+01
2.648409378600158703e+01
2.629929276605725263e+01
1.317539973779892115e+01
1.306742333973624781e+01
1.319434924451424784e+01
1.370717906313585033e+01
1.477047343771049626e+01
1.649686922758471752e+01
1.887674703490529282e+01
2.175514777160913127e+01
2.484993549689809100e+01
2.781478358041473342e+01
3.034152917975536567e+01
3.222973222145956385e+01
3.339106740364729120e+01
3.385209629119918873e+01
3.370840284765031214e+01
3.308851956458337185e+01
3.213253314746926037e+01
3.096280207512266713e+01
2.968830187190799919e+01
2.840214697494511142e+01
2.715833129624527231e+01
2.600660330657970576e+01
2.496786468020645344e+01
2.406054049631562464e+01
2.328285465222814210e+01
2.261998606310839577e+01
2.207336855777434437e+01
2.162123724713759643e+01
2.125536046826310610e+01
2.095980143409056851e+01
2.072431968079656173e+01
2.053845278716599410e+01
1.243562715511221306e+01
1.227489576106759905e+01
1.234680154394511398e+01
1.280842740245585887e+01
1.382260978339971835e+01
1.550036785219970525e+01
1.781558564654404364e+01
2.058522859220775558e+01
2.350142031220940808e+01
2.619467686667024608e+01
2.836388840892946561e+01
2.980161124873353273e+01
3.046055532715631742e+01
3.039114908611405141e+01
2.972664819267801661e+01
2.863289800481633307e+01
2.726137890013105647e+01
2.575619564288026808e+01
2.422250972624849652e+01
2.274766042304652913e+01
2.138292183196262641e+01
2.016150918901811551e+01
1.909684094533647425e+01
1.818207537269767826e+01
1.741737923565711554e+01
1.678087493583008083e+01
1.625979105285080450e+01
1.583926121615888150e+01
1.549974785376474351e+01
1.522914023982486320e+01
1.501547881989443134e+01
1.484587837145608979e+01
1.161368406187234292e+01
1.141489980064699594e+01
1.144163996160804331e+01
1.184966876087685428e+01
1.280062363285587956e+01
1.439102956369333164e+01
1.658649245263860905e+01
1.917971732468709689e+01
2.184232494937680613e+01
2.419845743528235005e+01
2.594430499887075925e+01
2.690815501411965727e+01
2.705756949902187714e+01
2.648685906872386298e+01
2.536864240979276985e+01
2.388378119404369215e+01
2.220487440815534086e+01
2.048502069324440455e+01
1.882120477663726987e+01
1.728781875200879981e+01
1.592529129556415768e+01
1.474901776094575290e+01
1.375514828433516890e+01
1.292646141724861053e+01
1.224853193923795125e+01
1.170238064324621874e+01
1.126307781752732318e+01
1.091290126869487054e+01
1.063612720202135620e+01
1.041828915354373208e+01
1.024816111942780417e+01
1.011563132858081460e+01
1.071609669129358622e+01
1.049909702368742082e+01
1.049782974343065689e+01
1.086326077284343050e+01
1.175103698819622977e+01
1.324922537624936680e+01
1.530621933524358802e+01
1.769916174789215191e+01
2.009166439701267493e+01
2.210597383763744261e+01
2.344674658286796998e+01
2.396160548303692650e+01
2.365764651525951834e+01
2.266789211779768820e+01
2.119093348896915785e+01
1.943525890396096401e+01
1.758183268840602409e+01
1.577911040753927274e+01
1.411990480653624047e+01
1.266053306815471302e+01
1.141619300944029369e+01
1.039252536013690253e+01
9.558548957434235049e+00
8.895798249009292391e+00
8.375860578796162415e+00
7.969764677345167136e+00
7.654066020240588131e+00
7.410741050679806818e+00
7.223851137206497519e+00
7.080679811556125358e+00
6.969875239267105727e+00
6.885223433716456398e+00
9.780893079998806527e+00
9.564156170779170907e+00
9.553378085867853642e+00
9.896024830904304181e+00
1.073754725848252889e+01
1.215643949690664272e+01
1.408849339311282201e+01
1.630317659535495523e+01
1.845267136210394909e+01
2.016391779236948167e+01
2.115091814348431853e+01
2.129211787398764599e+01
2.062551771452856997e+01
1.931508538318866641e+01
1.759197993996588494e+01
1.567976576322422488e+01
1.377431737871140704e+01
1.200900699091958046e+01
1.046708825749980498e+01
9.182893860956363952e+00
8.153487666273784740e+00
7.356560931285321736e+00
6.753745093965822122e+00
6.309808055348960387e+00
5.988036897022580796e+00
5.756948853213614825e+00
5.592754885681092247e+00
5.476152534907396507e+00
5.393913779747533610e+00
5.334781034677503975e+00
5.292677964979076499e+00
5.262405737798465211e+00
8.874658726947972198e+00
8.670068166649114616e+00
8.663880689053041095e+00
8.998521216167876702e+00
9.812615804740133285e+00
1.117547665163456649e+01
1.301261386626331173e+01
1.508740941686247972e+01
1.704392888660482797e+01
1.851567814451146177e+01
1.922946119157813882e+01
1.907951030884783350e+01
1.813762243318009482e+01
1.660497340891925333e+01
1.473267538193883830e+01
1.276272694503292726e+01
1.089407667481841102e+01
9.254791242655057815e+00
7.906787534526979577e+00
6.863295400738687491e+00
6.101864081367825321e+00
5.578687298379983339e+00
5.240705064598650154e+00
5.039886663750043461e+00
4.933941417509857708e+00
4.890466424660720790e+00
4.884600255620877185e+00
4.899244616147324649e+00
4.923505527884948663e+00
4.950630732640626697e+00
4.976880179303746488e+00
5.000509765767859882e+00
8.075282722146367220e+00
7.883234100572204639e+00
7.884850972054306517e+00
8.217604167046030028e+00
9.015526255030511749e+00
1.033899938840872501e+01
1.210900298973648503e+01
1.408212361147942993e+01
1.589698458576026496e+01
1.718949155845369248e+01
1.769957887274307495e+01
1.733898792025046731e+01
1.620905445407631973e+01
1.453013041541913886e+01
1.258081555765308224e+01
1.062432871139660762e+01
8.853042725410581681e+00
7.388717617396922677e+00
6.278159589560712739e+00
5.508577819942169995e+00
5.037278392809767524e+00
4.800425439017001139e+00
4.732174756008216576e+00
4.775271345224328279e+00
4.882911114302161515e+00
5.020982690599203657e+00
5.165632882192253916e+00
5.304009512223453626e+00
5.427934014763308390e+00
5.534290423864390185e+00
5.622593391796494089e+00
5.695017938845729155e+00
7.448098499580124709e+00
7.258182763609451804e+00
7.257901457368292952e+00
7.582368894741516208e+00
8.361292177353453425e+00
9.650082358492483081e+00
1.136477597659312622e+01
1.325891822155063515e+01
1.497165251605279224e+01
1.613564099014747910e+01
1.649951626847843045e+01
1.599218276958254670e+01
1.473092505962701537e+01
1.296829576000785700e+01
1.099919888064449580e+01
9.099502617745219624e+00
7.463595244227263059e+00
6.203764048017997190e+00
5.347080554396968388e+00
4.862178065058539111e+00
4.681989710237506763e+00
4.726163374702392339e+00
4.917384860315353379e+00
5.190661249824324308e+00
5.496490583641085337e+00
5.800480520160238740e+00
6.081480411197269120e+00
6.330079586213274823e+00
6.540555458085128393e+00
6.714902874520935150e+00
6.857189903044169199e+00
6.969702142868604788e+00
7.019484228028080253e+00
6.815589137894826344e+00
6.797718748810412492e+00
7.098792130776023335e+00
7.844924622964798644e+00
9.090871914256187125e+00
1.074795607757776494e+01
1.257135842233217460e+01
1.419873056630192387e+01
1.526547809504640263e+01
1.552206113845347346e+01
1.491184235085399834e+01
1.357120109173960998e+01
1.176850541595988808e+01
9.821299893285399207e+00
8.012933561632094026e+00
6.540833277510023969e+00
5.502798146922437184e+00
4.909123024055594975e+00
4.707727321262170861e+00
4.811411064933921899e+00
5.124888646725518804e+00
5.560126083666269814e+00
6.045062277659404515e+00
6.530057985249605679e+00
6.982626537662668831e+00
7.381823944864970954e+00
7.725294881875861996e+00
8.008765759408188245e+00
8.241203172371369234e+00
8.426467745517388863e+00
8.572411554660318345e+00
6.778090404410527903e+00
6.544752449214345624e+00
6.492957097754812779e+00
6.752998386076630055e+00
7.449150784306509010e+00
8.634415716458049062e+00
1.022438582704717902e+01
1.197022265955428288e+01
1.351546861885470641e+01
1.449745583040226116e+01
1.467255954222490111e+01
1.399397155876682142e+01
1.260734643847116487e+01
1.080644213688344912e+01
8.916017290165335396e+00
7.231473503998726571e+00
5.944100627243186885e+00
5.143167362308618706e+00
4.819625223508789524e+00
4.900898679223161025e+00
5.281677462665186340e+00
5.852235264822657435e+00
6.516095280969008918e+00
7.196891392433244050e+00
7.844480220435640305e+00
8.427561277317789035e+00
8.931711598510544192e+00
9.355051449307060452e+00
9.701289519822461571e+00
9.979185156757893083e+00
1.020047974678220193e+01
1.037282853086948009e+01
6.685940004398774228e+00
6.413288558841220954e+00
6.315205398932831393e+00
6.519923142066906152e+00
7.149928383527096365e+00
8.257895691688446504e+00
9.761749932453779977e+00
1.141986257912037850e+01
1.287910423992124542e+01
1.378439375534742872e+01
1.389214339534310128e+01
1.316914964763929063e+01
1.177177044262883499e+01
1.000205252161690872e+01
8.202239354015128825e+00
6.668323861933201258e+00
5.590012582964164700e+00
5.040567286360187360e+00
4.994396004083719198e+00
5.358605880392647514e+00
6.011356506544899503e+00
6.828809113935874642e+00
7.707661951467172479e+00
8.570945122347444212e+00
9.365230056698308658e+00
1.006691436217720792e+01
1.066343051494464333e+01
1.115554333172958046e+01
1.155396466624578444e+01
1.187314089568381270e+01
1.212274870435324736e+01
1.231581146382844238e+01
6.702673670396096739e+00
6.386532037436895237e+00
6.235578329129650932e+00
6.376137493477332718e+00
6.927219354715913546e+00
7.942569904162716021e+00
9.344880866312248457e+00
1.090184505691998851e+01
1.226932198544262143e+01
1.309890676705988533e+01
1.315614202589712356e+01
1.240845743104664578e+01
1.102914063006589629e+01
9.322731217437524975e+00
7.642295510074191611e+00
6.283513283284435147e+00
5.431976622397982624e+00
5.147333379282595267e+00
5.383649004277589079e+00
6.030587566286761181e+00
6.948582687971837757e+00
8.005728498521847314e+00
9.088078347328474749e+00
1.012146360761976460e+01
1.105241144093940342e+01
1.185924060063289076e+01
1.253519149149179590e+01
1.309101216663188616e+01
1.353423477879390013e+01
1.388484587745800880e+01
1.415910782654310474e+01
1.436944455457308223e+01
6.802063857259115665e+00
6.441472076477533726e+00
6.236111088549755266e+00
6.306974269939763289e+00
6.770295147248305945e+00
7.681272603192133452e+00
8.969644913386392915e+00
1.041539014614131986e+01
1.168508422709243355e+01
1.244320278064019725e+01
1.245976041031473791e+01
1.170765270101142796e+01
1.036911162483009718e+01
8.752731235834845691e+00
7.217583045083168614e+00
6.054881596099784602e+00
5.444620296679438809e+00
5.430704777409706807e+00
5.951243342496744582e+00
6.875441440594079801e+00
8.051629433035367711e+00
9.335310000550881782e+00
1.061127358820884048e+01
1.180056358806446859e+01
1.285766246275295011e+01
1.376023676146404995e+01
1.451105131524879610e+01
1.511933861795592193e+01
1.560183856732638930e+01
1.598051741061748565e+01
1.627293511611042831e+01
1.649813138566983639e+01
6.976972749653044481e+00
6.572578596428264142e+00
6.311749456377591549e+00
6.309166698133413576e+00
6.677576953400628845e+00
7.473537874030688144e+00
8.636079805158209055e+00
9.960919652302459681e+00
1.112896465979209637e+01
1.181734504835109156e+01
1.180520270774991332e+01
1.107203161177290340e+01
9.795146256694248876e+00
8.293427445534650388e+00
6.920205619979633127e+00
5.968583763061845460e+00
5.605046832966928960e+00
5.861882345853557830e+00
6.658927423732792228e+00
7.850443017764074050e+00
9.271293735401668457e+00
1.076928889896906760e+01
1.222509421037666755e+01
1.355910943588861528e+01
1.473070288995808674e+01
1.572008365233435079e+01
1.653496340587641455e+01
1.719101586884314870e+01
1.770660172966772805e+01
1.810977984458937939e+01
1.841858115700623699e+01
1.865511945032566032e+01
7.234493529847283888e+00
6.787619540423755815e+00
6.469246865259008494e+00
6.388332318400898657e+00
6.653498108503375086e+00
7.323837880718015114e+00
8.351738739374711784e+00
9.546702310234856270e+00
1.061134431987358973e+01
1.123233786952252089e+01
1.120416162050790909e+01
1.050317065689990415e+01
9.309020308847296477e+00
7.938829752457269073e+00
6.742324960788250721e+00
6.006488526635932246e+00
5.887935030070557296e+00
6.406568226134995214e+00
7.467377959301770396e+00
8.910700411457009196e+00
1.055763832901734922e+01
1.225222090773523931e+01
1.387113660143342742e+01
1.533806900563947195e+01
1.661037423148474446e+01
1.767757577862384011e+01
1.854940963700448364e+01
1.924385967397046926e+01
1.978999034948544278e+01
2.021388415805165195e+01
2.053616079230853586e+01
2.078232716275514491e+01
