67.71  44.57   5.490   0.022     -4.975  -4.900    0.550   0.171
67.71  44.57   4.622   4.587     -2.861  -3.970    0.540   0.200
67.71  44.57   3.183  15.402     -0.828  -2.880    0.540   0.187
67.71  44.57   2.597   5.474     -0.434  -1.680    0.540   0.248
67.71  44.57   1.008   0.982      0.055  -0.490    0.550   0.222
67.71  44.57   0.154   1.929      0.000  -0.530    0.550   0.154
67.71  44.57   1.128   2.761      0.055  -0.740    0.550   0.156
67.71  44.57   1.427   3.611     -0.006  -0.990    0.550   0.114
67.71  44.57   2.169   9.330     -0.165  -1.740    0.550   0.159
67.71  44.57   2.129  10.129     -0.165  -1.870    0.550   0.179
67.71  44.57   4.557  22.423     -2.861  -4.990    0.450   0.261
67.71  44.57   2.896   4.866     -0.828  -1.780    0.450   0.167
67.71  44.57   3.869  22.904     -1.923  -4.045    0.447   0.219
67.71  44.57   3.383  12.493     -1.319  -2.865    0.446   0.174
67.71  44.57   3.024  13.856     -0.828  -2.485    0.445   0.229
67.71  44.57   4.258  15.403     -2.861  -4.495    0.448   0.167
67.71  44.57   2.948  12.657     -0.828  -2.415    0.448   0.189
67.71  44.57   2.462   4.438     -0.434  -1.380    0.450   0.254
67.71  44.57   1.136   3.394      0.055  -0.670    0.450   0.152
67.71  44.57   3.136   4.422     -0.828  -3.035    1.104   0.209
67.71  44.57   3.684   4.286     -1.319  -3.485    1.104   0.279
67.71  44.57   2.613   1.729     -0.434  -1.795    1.104   0.247
67.71  44.57   2.896   2.424     -0.828  -2.395    1.104   0.163
67.71  44.57   2.929   4.124     -0.828  -2.995    1.104   0.137
67.71  44.57   0.408   1.085      0.052  -0.665    1.103   0.113
67.71  44.57   1.427   1.511     -0.006  -1.215    1.103   0.131
67.71  44.57   1.143   2.923      0.055  -1.525    1.104   0.153
67.71  44.57   2.156   2.945     -0.165  -1.700    1.104   0.155
67.71  44.57   2.910   1.420     -0.828  -1.970    1.105   0.152
67.71  44.57   2.854   4.699     -0.828  -2.335    0.941   0.100
67.71  44.57   1.693   2.985     -0.006  -0.800    0.942   0.128
67.71  44.57   2.613   1.991     -0.434  -1.545    0.941   0.146
67.71  44.57   3.218   7.352     -0.828  -3.105    0.941   0.178
67.71  44.57   0.489   5.209      0.052  -1.180    0.540   0.165
67.71  44.57   1.008  10.802      0.055  -1.720    0.540   0.222
67.71  44.57   0.586   3.825      0.052  -0.605    0.445   0.067
67.71  44.57   1.975   5.954     -0.165  -1.250    0.446   0.148
67.71  44.57   2.423   5.026     -0.434  -1.425    0.445   0.273
67.71  44.57   3.347  43.491     -1.319  -4.295    0.452   0.369
67.71  44.57   3.265  21.541     -1.319  -3.315    0.448   0.181
67.71  44.57   4.706  15.154     -2.861  -4.435    0.448   0.123
67.71  44.57   4.576   1.029     -2.861  -3.940    1.104   0.277
67.71  44.57   3.406   3.465     -1.319  -3.255    1.104   0.151
67.71  44.57   1.781   2.436     -0.165  -1.615    1.104   0.260
67.71  44.57   4.381   5.051     -2.861  -4.825    0.942   0.142
67.71  44.57  11.026  1501.167      3.056  -3.531    0.170   0.225
67.71  44.57  10.841  900.995      3.056  -2.046    0.170   0.280
67.71  44.57   1.408   1.088     -0.006   0.496    0.850   0.107
67.71  44.57   1.401   3.105     -0.006   1.286    0.850   0.111
70.11  43.56   5.747  1088.743      6.611  -6.900    0.410   0.146
70.11  43.56   4.810  568.982      6.446  -3.090    0.400   0.229
70.11  43.56   5.149  699.277      6.446  -4.130    0.400   0.292
70.11  43.56   3.768  535.332      5.913  -3.570    0.410   0.379
70.11  43.56   3.707  354.847      5.362  -2.330    0.410   0.123
70.11  43.56   5.917  1029.407      6.703  -5.845    0.391   0.254
70.11  43.56   5.058  880.504      6.446  -5.085    0.389   0.216
70.11  43.56   5.695  1021.916      6.611  -6.490    0.410   0.201
70.11  43.56   0.899  34.735      1.723  -0.620    0.400   0.154
70.11  43.56   2.907  261.460      4.753  -1.710    0.400   0.153
70.11  43.56   3.004  64.082      4.753  -1.995    0.843   0.207
70.11  43.56   0.143   2.409      0.000  -1.000    0.842   0.143
70.11  43.56   2.563  69.458      4.105  -2.910    0.842   0.196
70.11  43.56   0.578   8.868      0.866  -1.485    0.843   0.075
70.11  43.56   1.192  17.103      1.723  -1.480    0.842   0.118
70.11  43.56   1.420  27.534      2.546  -1.850    0.843   0.134
70.11  43.56   2.127  20.390      3.342  -1.475    1.080   0.178
70.11  43.56   2.136  27.101      3.342  -1.510    0.935   0.315
70.11  43.56   3.471  66.423      5.362  -2.260    0.935   0.392
70.11  43.56   2.208  48.195      3.342  -1.340    0.690   0.142
70.11  43.56   3.255  428.029      5.362  -2.600    0.386   0.192
70.11  43.56   3.892  162.724      5.913  -2.880    0.690   0.188
70.11  43.56   1.990  143.990      3.342  -1.335    0.390   0.114
70.11  43.56   0.322  18.032      0.866  -0.725    0.387   0.167
70.11  43.56   1.046  60.087      1.723  -1.265    0.386   0.122
70.11  43.56   4.997  158.088      6.446  -2.230    0.690   0.268
70.11  43.56   1.403  82.652      2.546  -0.950    0.386   0.113
70.11  43.56   3.262  322.847      5.362  -1.555    0.386   0.183
70.11  43.56   4.261  577.831      6.181  -3.140    0.389   0.163
70.11  43.56   1.253  98.212      2.546  -1.170    0.385   0.108
70.11  43.56   1.683  27.716      2.546  -0.960    0.690   0.133
70.11  43.56   2.551  74.569      4.105  -1.850    0.690   0.189
70.11  43.56   4.193  678.492      5.913  -4.190    0.388   0.211
70.11  43.56   3.274  389.482      5.362  -2.240    0.386   0.193
70.11  43.56   4.062  522.704      5.913  -2.920    0.386   0.164
70.11  43.56   4.705  665.066      6.181  -3.790    0.387   0.166
70.11  43.56   0.895  39.252      1.723  -0.670    0.384   0.151
70.11  43.56   2.116  164.187      3.342  -1.580    0.385   0.187
70.11  43.56   2.557  283.854      4.105  -2.380    0.385   0.192
70.11  43.56   3.801  537.526      5.913  -3.010    0.385   0.163
70.11  43.56   0.246   2.519      0.000  -0.530    0.430   0.246
70.11  43.56   0.476  11.649      0.866  -0.600    0.430   0.157
70.11  43.56   0.786  34.749      1.723  -0.680    0.430   0.114
70.11  43.56   0.925  33.941      1.723  -0.770    0.430   0.130
70.11  43.56   1.049  35.139      1.723  -0.820    0.430   0.119
70.11  43.56   1.080  36.931      1.723  -0.880    0.430   0.148
70.11  43.56   2.752  277.257      4.753  -1.890    0.400   0.208
70.11  43.56   4.164  476.249      5.913  -3.030    0.410   0.236
70.11  43.56   7.217  2978.689      6.516  -15.310    0.400   0.196
70.11  43.56   4.792  674.884      6.446  -3.595    0.387   0.175
70.11  43.56   4.752  597.844      6.446  -2.950    0.385   0.213
70.11  43.56   4.371  492.847      6.181  -2.800    0.405   0.444
70.11  43.56   3.521  453.258      5.362  -2.900    0.388   0.159
70.11  43.56   3.573  332.919      5.362  -1.750    0.390   0.127
70.11  43.56   5.455  775.240      6.611  -4.150    0.387   0.136
70.11  43.56   0.648   2.820      0.866  -0.360    0.760   0.318
70.11  43.56   7.869  118.424      7.243  -25.624    3.024   0.235
70.11  43.56   7.707  114.314      6.547  -25.624    3.024   0.193
70.11  43.56   9.178  153.006     10.690  -26.624    3.024   0.201
70.11  43.56   9.262  180.868     13.881  -26.624    3.024   0.194
70.11  43.56   0.317  334.026      0.866  -54.314    3.024   0.171
70.11  43.56   6.251  374.827      7.005  -51.514    3.024   0.373
70.11  43.56   9.654  145.807     13.881  -22.614    3.024   0.344
70.11  43.56  10.384  240.893     24.192  -22.714    3.024   0.193
70.11  43.56  10.438  242.676     24.192  -22.914    3.024   0.208
70.11  43.56   9.898  201.624     18.220  -24.714    3.024   0.322
70.11  43.56   8.689  107.395      8.408  -22.864    3.024   0.273
70.11  43.56   9.897  194.225     18.220  -23.914    3.024   0.274
70.11  43.56   9.778  197.824     18.220  -24.264    3.024   0.313
70.11  43.56   9.883  198.375     18.220  -24.364    3.024   0.333
70.11  43.56   7.671  106.017      6.547  -24.514    3.024   0.233
70.11  43.56   0.775  174.380      1.723  -37.914    3.024   0.139
70.11  43.56   2.125  196.524      3.342  -39.014    3.024   0.201
70.11  43.56   2.605  233.561      4.105  -42.115    3.025   0.556
70.11  43.56   8.707  325.590      8.408  -46.114    3.024   0.267
70.11  43.56   9.804  196.363     18.220  -24.115    3.025   0.285
70.11  43.56   9.262  187.462     13.881  -27.404    3.024   0.225
70.11  43.56   9.271  187.494     13.881  -27.404    3.024   0.213
70.11  43.56   6.183  509.646      6.703  -11.245    0.795   0.272
70.11  43.56   5.714  319.677      6.611  -7.595    0.795   0.261
70.11  43.56   4.132  64.795      5.913  -0.525    0.800   0.648
70.11  43.56   5.182  908.068      6.446  -1.235    0.255   0.131
70.11  43.56   3.482  668.623      5.362  -1.235    0.255   0.092
70.11  43.56   3.158   7.057      4.753   2.832    0.732   0.401
70.11  43.56   2.901   1.390      4.753   3.901    0.732   0.535
70.11  43.56   5.098  2673.997      6.446  -2.061    0.165   0.211
70.89  42.59   3.228  323.466      4.742  -2.515    0.405   0.148
70.89  42.59   3.138  303.361      4.742  -2.330    0.406   0.190
70.89  42.59   1.827  142.313      3.396  -1.380    0.405   0.100
70.89  42.59   0.234   4.212      0.000  -0.725    0.405   0.234
70.89  42.59   0.931  45.450      1.773  -0.945    0.405   0.127
70.89  42.59   2.555  223.439      4.110  -1.935    0.405   0.189
70.89  42.59   2.601  23.899      4.110  -1.395    1.130   0.253
70.89  42.59   0.731  27.939      0.890  -1.120    0.841   0.049
70.89  42.59   2.969  83.400      4.742  -2.940    0.841   0.189
70.89  42.59   5.779  211.237      6.195  -5.970    0.844   0.117
70.89  42.59   0.529   8.814      0.890  -1.370    0.841   0.023
70.89  42.59   4.332  87.363      6.044  -3.130    1.004   0.086
70.89  42.59   3.733  64.997      5.330  -2.400    1.003   0.098
70.89  42.59   0.514   6.497      0.890  -1.220    0.841   0.033
70.89  42.59   0.407   6.346      0.890  -1.050    0.841   0.091
70.89  42.59   1.157   8.441      1.773  -0.660    1.003   0.099
70.89  42.59   1.552  14.240      2.605  -1.160    1.003   0.135
70.89  42.59   2.220  33.627      3.396  -1.880    1.003   0.090
70.89  42.59   0.137   1.487      0.000  -0.660    0.945   0.137
70.89  42.59   0.849  15.057      1.773  -1.020    0.841   0.075
70.89  42.59   0.415  10.392      0.890  -1.490    0.772   0.091
70.89  42.59   0.140   1.217      0.000  -0.440    0.945   0.140
70.89  42.59   0.302   6.201      0.890  -0.880    0.841   0.148
70.89  42.59   0.425  10.246      0.890  -1.740    0.841   0.110
70.89  42.59   5.147  2644.259      6.252  -7.661    0.271   0.420
70.89  42.59   4.750  410.316      6.252  -58.052    3.180   0.210
70.89  42.59   7.850  424.085      4.580  -61.057    3.190   0.177
70.89  42.59   4.331  1196.729      6.044  -2.950    0.260   0.453
70.89  42.59   6.375  2428.255      6.185  -7.119    0.270   0.354
70.89  42.59   1.188   0.968      1.773   2.035    0.955   0.199
70.89  42.59   1.267   1.697      2.605   1.735    0.955   0.250
70.89  42.59   1.788   4.996      3.396   1.425    0.955   0.246
70.89  42.59   2.154   4.880      3.396   1.305    0.955   0.506
70.89  42.59   2.873  18.006      4.742   0.695    0.955   0.508
70.89  42.59   3.308  28.798      5.330   0.215    0.955   0.515
70.89  42.59   6.492  2139.531      6.185  -6.329    0.271   1.177
70.89  42.59   2.474  12.179      4.110   0.799    0.949   0.289
70.89  42.59   3.854  51.226      5.832  -0.951    0.949   0.372
70.89  42.59   3.642  39.308      5.330  -0.601    0.949   0.278
70.89  42.59   3.986  60.672      5.832  -1.561    0.949   0.391
70.89  42.59   4.848  84.880      6.252  -2.490    0.950   0.429
70.89  42.59   5.618  146.000      6.294  -5.198    0.952   0.294
70.89  42.59   7.131  258.027      5.277  -10.093    0.957   0.333
70.49  41.60   3.390  20.691      0.060  -6.035    1.340   1.106
70.49  41.60   2.948   8.623      0.327  -3.605    1.340   0.608
70.49  41.60   4.096  20.988     -0.335  -6.475    1.341   0.705
70.49  41.60   1.334   6.149      0.542  -2.055    1.124   0.184
70.49  41.60   2.178  15.772      0.579  -3.825    1.124   0.273
70.49  41.60   1.590  16.678      0.542  -1.725    0.555   0.526
70.49  41.60   0.238   1.007      0.000  -0.115    1.337   0.238
70.49  41.60   0.735   1.877      0.231  -0.325    1.340   0.180
70.49  41.60   0.321   0.347      0.231  -0.025    1.340   0.321
70.49  41.60   1.802  16.389      0.579  -4.735    1.340   0.242
70.49  41.60   1.028   0.991      0.427  -0.905    1.340   0.540
70.49  41.60   1.929   3.229      0.579  -1.825    1.340   0.755
70.49  41.60   2.245   6.577      0.579  -2.825    1.340   0.706
70.49  41.60   3.263  15.007      0.060  -5.115    1.340   0.794
70.49  41.60   0.662   4.488      0.231  -1.625    1.124   0.122
70.49  41.60   0.240   1.244      0.000  -0.555    1.124   0.240
70.49  41.60   0.987   4.760      0.427  -2.025    1.124   0.244
70.49  41.60   3.616  218.377      0.060  -10.425    0.710   0.222
70.49  41.60   3.443  226.560      0.060  -10.625    0.710   0.240
70.49  41.60   9.983  36.760     -18.324  -37.422    3.150   0.578
70.49  41.60   9.089  234.098     -16.174  -27.649    0.750   0.637
70.49  41.60   5.354  1646.429     -2.866  -34.377    0.777   0.487
70.49  41.60   4.491  1186.786     -1.078  -26.745    0.745   1.231
70.49  41.60   3.538  451.520      0.060  -15.114    0.714   0.220
70.49  41.60   3.333  424.926      0.060  -14.612    0.712   0.264
70.49  41.60   0.853  1801.184      0.427  -32.168    0.768   0.369
70.49  41.60  10.534  405.407     -18.221  -33.770    0.772   0.633
70.49  41.60  10.441  505.468     -18.221  -35.780    0.781   0.760
70.49  41.60  10.259  373.830     -18.221  -33.070    0.768   1.364
70.49  41.60   6.281  10.588     -5.462  -3.737    0.533   0.674
70.49  41.60   3.688  83.843      0.060  -4.744    0.526   0.287
70.49  41.60   5.373   3.279     -2.866  -8.524    3.136   0.801
70.49  41.60   5.261  56.944     -2.866  -8.116    0.704   0.207
70.49  41.60   4.844  79.625     -1.805  -8.016    0.704   0.117
70.49  41.60   2.382  26.387      0.510  -2.393    0.567   0.323
70.49  41.60   3.725  64.357      0.060  -4.463    0.567   0.250
70.49  41.60   5.512  13.580     -2.866  -4.851    0.539   0.883
70.49  41.60   0.368   5.510      0.231   1.460    0.530   0.368
70.49  41.60   3.426  212.348      0.060  -3.112    0.218   0.804
70.49  41.60   2.170  99.952      0.579  -2.002    0.258   0.537
70.49  41.60   2.062   9.947      0.579  -1.098    0.532   0.641
70.49  41.60   9.156  28.612     -16.174  -20.071    0.729   0.739
70.49  41.60   8.454   6.029     -14.518  -16.281    0.719   0.574
72.52  41.27   0.985   6.875      0.053  -1.605    0.633   0.190
72.52  41.27   1.617  13.077     -0.028  -1.855    0.512   0.195
72.52  41.27   0.217   3.787      0.000  -0.515    0.308   0.217
72.52  41.27   0.128   4.354      0.000  -0.565    0.308   0.128
72.52  41.27   0.214   5.104      0.000  -0.625    0.308   0.214
72.52  41.27   0.384   7.873      0.043  -0.730    0.308   0.092
72.52  41.27   0.393   9.288      0.043  -0.815    0.308   0.086
72.52  41.27   0.576  10.736      0.043  -0.905    0.308   0.067
72.52  41.27   0.544  10.477      0.043  -0.940    0.308   0.078
72.52  41.27   0.587  14.011      0.043  -1.030    0.308   0.063
72.52  41.27   3.301  40.966     -1.276  -3.915    0.448   0.080
72.52  41.27   2.907  26.446     -0.806  -3.075    0.447   0.111
72.52  41.27   2.148  22.235     -0.181  -2.245    0.447   0.153
72.52  41.27   1.448  12.155     -0.028  -1.565    0.447   0.088
72.52  41.27   1.066   8.186      0.053  -1.195    0.447   0.105
72.52  41.27   1.102   5.646      0.053  -1.435    0.659   0.138
72.52  41.27   0.409   4.090      0.043  -1.105    0.633   0.102
72.52  41.27   0.141   2.462      0.000  -0.765    0.633   0.141
72.52  41.27   0.148   2.577      0.000  -0.795    0.633   0.148
72.52  41.27   0.952   5.283      0.053  -1.395    0.633   0.214
72.52  41.27   1.707  11.638     -0.028  -2.025    0.632   0.160
72.52  41.27   0.141   1.445      0.000  -0.345    0.517   0.141
72.52  41.27   0.593   3.926      0.043  -0.725    0.517   0.071
72.52  41.27   0.134   1.173      0.000  -0.215    0.517   0.134
72.52  41.27   0.465   0.876      0.043  -0.425    0.517   0.150
72.52  41.27   0.594   2.814      0.043  -0.615    0.517   0.086
72.52  41.27   0.214   1.444      0.000  -0.345    0.518   0.214
72.52  41.27   0.627   3.447      0.043  -0.625    0.519   0.095
72.52  41.27   1.620   8.176     -0.028  -1.475    0.517   0.201
72.52  41.27   0.402   6.756      0.043  -1.035    0.451   0.096
72.52  41.27   1.000  11.477      0.053  -1.475    0.451   0.063
72.52  41.27   0.559   9.054      0.043  -1.225    0.449   0.057
72.52  41.27   1.061  10.503      0.053  -1.385    0.451   0.105
72.52  41.27   0.412   6.579      0.043  -1.025    0.448   0.093
72.52  41.27   0.148   2.253      0.000  -0.505    0.451   0.148
72.52  41.27   0.415   5.578      0.043  -0.525    0.260   0.095
72.52  41.27   0.572   8.343      0.043  -0.665    0.260   0.075
72.52  41.27   1.353  28.906     -0.028  -1.255    0.260   0.057
72.52  41.27   1.275  22.007     -0.028  -1.085    0.260   0.096
72.52  41.27   0.438   5.712      0.043  -0.555    0.260   0.096
72.52  41.27   0.398   2.690      0.043  -0.265    0.260   0.090
72.52  41.27   0.575   4.028      0.043  -0.405    0.260   0.073
72.52  41.27   0.140   1.403      0.000   0.165    0.260   0.140
72.52  41.27   0.152   1.062      0.000  -0.065    0.260   0.152
72.52  41.27   1.720  20.290     -0.028  -2.145    0.534   0.103
72.52  41.27   1.814   8.602     -0.181  -1.565    0.758   0.081
72.52  41.27   1.441   3.621     -0.028  -1.865    0.968   0.422
72.52  41.27   3.969  12.252     -1.879  -5.265    0.968   0.267
72.52  41.27   3.781   6.084     -1.879  -4.165    0.968   0.308
72.52  41.27   3.124   6.343     -0.806  -3.195    0.968   0.248
72.52  41.27   1.133   6.299      0.053  -1.790    0.781   0.155
72.52  41.27   5.446   4.692     -5.062  -6.870    0.836   0.463
72.52  41.27   4.247  29.027     -1.879  -6.370    0.836   0.609
72.52  41.27   5.114  10.965     -3.810  -6.570    0.836   0.466
72.52  41.27   2.978  48.946     -0.806  -3.604    0.400   0.630
72.52  41.27   0.820   0.944      0.053   0.360    0.480   0.246
72.52  41.27   6.773  11.138     -10.764  -9.080    0.510   0.469
72.52  41.27   7.660  253.087     -13.347  -4.365    0.565   0.322
72.52  41.27   0.716   1.455      0.043  -0.077    0.483   0.183
72.52  41.27   1.116   0.528      0.053   0.030    0.480   0.160
72.52  41.27   4.365  18.855     -2.831  -3.795    0.225   0.204
72.52  41.27   4.872  26.390     -3.810  -4.929    0.221   0.159
72.52  41.27   5.450  17.670     -5.062  -5.973    0.217   0.131
72.52  41.27   6.100  12.424     -6.467  -7.277    0.233   0.167
72.52  41.27   6.692  11.098     -8.081  -7.349    0.231   0.189
72.52  41.27   6.321   5.243     -8.081  -8.475    0.235   0.115
72.52  41.27   5.475  17.749     -5.062  -7.105    0.485   0.413
72.52  41.27   3.849  29.188     -1.879  -4.503    0.487   0.371
72.52  41.27   3.756  12.986     -1.879  -3.604    0.486   0.393
72.52  41.27   7.021   4.604     -10.764  -9.688    0.502   0.227
72.52  41.27   3.196   2.856     -0.806  -1.561    0.509   0.241
72.52  41.27   3.465   3.987     -1.276  -2.270    0.500   0.220
72.52  41.27   5.612   0.495     -5.062  -4.768    0.502   0.287
72.52  41.27   7.912  190.927     -15.845  -8.940    0.500   0.239
72.52  41.27   0.153   7.521      0.000   0.427    0.167   0.153
72.52  41.27   0.410   0.944      0.043   0.007    0.167   0.095
72.52  41.27   0.925   3.914      0.053  -0.263    0.167   0.127
72.52  41.27   1.176  17.090      0.053  -0.573    0.167   0.100
72.52  41.27   1.330  16.608     -0.028  -0.415    0.165   0.051
72.52  41.27   1.102   4.111      0.053  -0.263    0.167   0.138
72.52  41.27   1.000  10.258      0.053  -0.483    0.167   0.063
72.52  41.27   0.214   5.559      0.000   0.357    0.167   0.214
72.52  41.27   0.231   4.157      0.000   0.297    0.167   0.231
72.52  41.27   0.213   2.686      0.000   0.217    0.167   0.213
72.52  41.27   0.429   0.725      0.043   0.137    0.167   0.111
72.52  41.27   0.426   0.530      0.043   0.087    0.167   0.109
72.52  41.27   0.436   0.447      0.043  -0.003    0.167   0.105
72.52  41.27   0.567   1.814      0.043  -0.083    0.167   0.060
72.52  41.27   0.567   2.482      0.043  -0.143    0.167   0.060
72.52  41.27   0.404   1.847      0.043   0.197    0.167   0.096
72.52  41.27   0.484   1.247      0.043  -0.143    0.167   0.150
72.52  41.27   6.062  55.253     -6.467  -8.223    0.237   0.122
72.52  41.27   0.135   4.292      0.000   0.579    0.319   0.135
72.52  41.27   0.652   3.464      0.043   0.149    0.319   0.083
72.52  41.27   1.503   1.547     -0.028  -0.401    0.299   0.212
72.52  41.27   0.811   3.036      0.053   0.199    0.299   0.113
73.95  41.17   0.744   2.210     -0.210  -0.755    0.810   0.184
73.95  41.17   3.961   1.413     -4.234  -5.205    0.822   0.321
73.95  41.17   1.644   1.693     -0.832  -1.755    0.810   0.229
73.95  41.17   1.946   2.548     -1.268  -2.555    0.810   0.339
73.95  41.17   2.681   1.218     -1.792  -2.555    0.810   0.314
73.95  41.17   3.199   1.624     -2.492  -3.305    0.821   0.248
73.95  41.17   2.293   3.844     -1.792  -3.335    0.817   0.395
73.95  41.17   3.268   0.686     -3.289  -3.455    0.810   0.289
73.95  41.17   2.811   2.131     -2.492  -3.605    0.821   0.349
73.95  41.17   4.844   0.656     -6.925  -7.505    0.806   0.421
73.95  41.17   5.273   1.498     -8.572  -9.455    0.826   0.381
73.95  41.17   2.146   0.619     -1.268  -1.795    0.819   0.323
73.95  41.17   2.534   2.312     -1.792  -3.055    0.835   0.219
73.95  41.17   2.415   5.760     -1.792  -3.705    0.803   0.298
73.95  41.17   3.392   3.638     -3.289  -4.855    0.835   0.308
73.95  41.17   4.589   0.374     -5.540  -5.955    0.804   0.272
73.95  41.17   4.147   5.999     -4.234  -6.255    0.837   0.365
73.95  41.17   2.342   2.744     -1.792  -3.105    0.803   0.600
73.95  41.17   3.160   4.348     -2.492  -4.105    0.803   0.288
73.95  41.17   5.010   1.941     -6.925  -5.805    0.804   0.573
73.95  41.17   4.862   0.226     -6.925  -7.205    0.812   0.421
73.95  41.17   5.031   2.802     -6.925  -8.305    0.825   0.549
73.95  41.17   1.783   3.404     -1.268  -2.505    0.803   0.214
73.95  41.17   5.229   0.584     -6.925  -6.605    0.805   0.351
73.95  41.17   5.154   0.297     -6.925  -6.805    0.805   0.294
73.95  41.17   5.063   0.744     -6.925  -7.635    0.832   0.523
73.95  41.17   4.649  16.410     -5.540  -8.805    0.807   0.931
73.95  41.17   5.223   9.205     -6.925  -9.305    0.802   0.357
73.95  41.17   2.579   0.125     -1.792  -1.945    0.803   0.265
73.95  41.17   3.374   0.906     -3.289  -4.015    0.803   0.425
73.95  41.17   3.403   1.623     -3.289  -4.305    0.810   0.425
73.95  41.17   3.347   3.668     -3.289  -4.805    0.803   0.469
73.95  41.17   3.591   7.928     -3.289  -5.555    0.812   0.249
73.95  41.17   4.395   2.301     -5.540  -6.755    0.812   0.417
73.95  41.17   3.280   0.611     -3.289  -3.205    0.803   0.284
73.95  41.17   4.187   3.915     -4.234  -5.805    0.804   0.611
73.95  41.17   4.181   3.154     -4.234  -5.655    0.812   0.616
73.95  41.17   4.173  18.235     -4.234  -7.705    0.824   0.248
73.95  41.17   5.280   0.596     -8.572  -8.345    0.807   0.306
73.95  41.17   4.845   8.792     -6.925  -9.365    0.825   0.744
73.95  41.17   5.379   2.015     -8.572  -9.705    0.826   0.331
73.95  41.17   6.054   0.965     -10.361  -11.155    0.817   0.387
73.95  41.17   6.244   1.508     -10.361  -11.155    0.841   0.311
73.95  41.17   1.313   1.151     -0.832  -1.455    0.810   0.250
73.95  41.17   2.006   4.863     -1.268  -3.055    0.810   0.300
73.95  41.17   2.346   1.743     -1.792  -2.805    0.803   0.396
73.95  41.17   2.639  11.797     -1.792  -4.555    0.811   0.319
73.95  41.17   3.135   6.757     -2.492  -4.555    0.811   0.253
73.95  41.17   3.207  12.307     -2.492  -5.255    0.811   0.248
73.95  41.17   3.571  17.765     -3.289  -6.735    0.819   0.350
73.95  41.17   3.725   4.539     -3.289  -4.855    0.811   0.250
73.95  41.17   3.230  5797.341     -2.492  -11.397    0.117   0.182
73.95  41.17   2.169  8807.193     -1.268  -11.974    0.114   0.166
73.95  41.17   2.541  1694.685     -1.792  -6.566    0.116   0.187
73.95  41.17   3.063  2443.646     -2.492  -8.542    0.122   0.199
73.95  41.17   3.212  2418.873     -2.492  -8.176    0.116   0.190
73.95  41.17   5.812  477.504     -10.361  -23.250    0.590   0.377
73.95  41.17   6.882  242.601     -15.622  -6.846    0.563   0.595
73.95  41.17   3.058   0.806     -2.492  -2.015    0.545   0.290
73.95  41.17   2.421  11.259     -1.792   0.035    0.545   1.138
73.95  41.17   1.352   0.630     -0.832  -1.015    0.545   0.206
73.95  41.17   3.817   0.636     -4.234  -3.933    0.527   0.328
73.95  41.17   5.321  28.255     -8.572  -5.744    0.536   0.272
73.95  41.17   6.236  29.321     -10.361  -7.471    0.539   0.308
73.95  41.17   7.113  120.511     -15.622  -9.667    0.543   0.306
73.95  41.17   2.436   1.174     -1.792  -1.215    0.545   0.283
73.95  41.17  10.384  451.645     -35.466  -21.865    0.640   0.703
73.95  41.17   9.103  263.552     -28.402  -18.175    0.630   0.374
73.95  41.17   9.854  403.774     -33.673  -20.294    0.666   0.368
73.95  41.17   7.382  476.947     -18.765  -13.216    0.254   0.199
73.95  41.17  10.863   2.215     -36.515  -35.503    0.707   0.338
73.95  41.17   8.883  59.904     -28.402  -23.358    0.652   0.512
73.95  41.17  10.242  437.358     -33.673  -20.269    0.641   0.810
73.95  41.17   8.521  67.861     -25.542  -20.441    0.619   0.470
73.95  41.17   9.770  250.607     -33.673  -23.358    0.652   0.461
73.95  41.17   7.728  197.974     -18.765  -10.469    0.590   0.434
73.28  40.86   0.737   1.940     -0.280  -0.835    0.915   0.189
73.28  40.86   0.693   4.458     -0.280  -2.035    0.922   0.211
73.28  40.86   0.734   4.805     -0.280  -2.045    0.922   0.219
73.28  40.86   6.428   0.945     -13.539  -12.755    0.820   0.420
73.28  40.86   7.243   3.533     -16.838  -18.105    0.822   0.226
73.28  40.86   8.973  167.381     -30.727  -19.805    0.844   0.329
73.28  40.86   7.955  47.780     -23.486  -17.755    0.829   0.438
73.28  40.86   1.506   0.102     -1.045  -1.335    0.913   0.214
73.28  40.86   0.321   0.460     -0.280  -0.635    0.921   0.321
73.28  40.86   2.556   8.669     -2.151  -4.835    0.916   0.196
73.28  40.86   8.347  177.559     -27.520  -16.975    0.792   0.290
73.28  40.86   0.870   1.312     -0.614  -1.190    0.542   0.305
73.28  40.86   0.801   1.865     -0.614  -1.230    0.549   0.256
73.28  40.86   2.130   9.124     -1.556  -4.565    1.015   0.227
73.28  40.86   1.727   2.342     -1.045  -1.985    0.915   0.200
73.28  40.86   8.874  346.802     -30.727  -15.505    0.817   0.892
73.28  40.86   5.881   1.152     -11.325  -10.585    0.743   0.296
73.28  40.86   0.952   1.853     -0.614  -1.605    0.738   0.220
73.28  40.86   0.259   1.281     -0.280  -0.755    0.738   0.259
73.28  40.86   7.465  107.498     -20.167  -11.874    0.800   0.205
73.28  40.86   2.908  45.207     -2.928  -1.885    0.155   0.544
73.28  40.86   8.997  4425.754     -30.727  -2.770    0.420   0.401
73.28  40.86   3.924   7.125     -4.835  -5.958    0.422   0.364
73.28  40.86   6.379  15.745     -13.539  -10.390    0.800   0.248
73.28  40.86   2.785  158.457     -2.928  -0.877    0.163   0.422
74.42  39.58   6.702  133.178     -21.862  -12.945    0.775   0.249
74.42  39.58   3.158   4.027     -6.096  -4.645    0.770   0.229
74.42  39.58   4.223   6.841     -9.279  -7.345    0.773   0.294
74.42  39.58   5.479  55.422     -16.024  -10.245    0.776   0.164
74.42  39.58   1.821   4.746     -3.520  -2.545    0.770   0.101
74.42  39.58   3.177   7.447     -6.096  -4.045    0.770   0.298
74.42  39.58   5.204  44.589     -13.547  -8.345    0.782   0.361
74.42  39.58   4.760  44.496     -13.547  -8.345    0.782   0.504
74.42  39.58   0.868   0.238     -1.500  -1.310    0.801   0.309
74.42  39.58   2.432   5.753     -4.722  -2.810    0.801   0.283
74.42  39.58   2.962   2.800     -6.096  -4.760    0.802   0.242
74.42  39.58   3.713   7.312     -7.603  -5.510    0.810   0.268
74.42  39.58   4.454  24.177     -11.347  -7.360    0.811   0.362
74.42  39.58   2.344   2.487     -4.722  -3.510    0.801   0.351
74.42  39.58   0.231   7.139      0.000  -1.695    0.684   0.231
74.42  39.58   1.205  23.534     -1.500  -2.430    0.280   0.058
74.42  39.58   1.378  18.485     -2.452  -2.700    0.280   0.029
74.42  39.58   1.116   7.877     -1.500  -2.230    0.280   0.112
74.42  39.58   1.448   3.487     -2.452  -2.930    0.280   0.069
74.42  39.58   0.380  10.776     -0.728  -1.520    0.280   0.072
74.42  39.58   1.452   4.751     -2.452  -3.030    0.280   0.069
74.42  39.58   0.860   8.945     -1.500  -2.090    0.280   0.066
74.42  39.58   8.519  50.310     -41.009  -30.145    1.532   0.720
74.42  39.58   3.210   1.964     -6.096  -6.945    0.780   0.238
74.42  39.58   1.133   1.177     -1.500  -1.450    0.306   0.124
74.42  39.58   3.041  10.312     -6.096  -5.110    0.309   0.115
74.42  39.58   8.491  1530.900     -41.009  -17.365    0.604   0.090
74.42  39.58   7.960  859.653     -35.333  -17.615    0.604   0.211
74.42  39.58   0.213   2.527      0.000  -0.845    0.684   0.213
74.42  39.58   0.398   1.394     -0.728  -0.955    0.684   0.090
74.42  39.58   1.335  10.511     -2.452  -2.595    0.684   0.051
74.42  39.58   0.468   0.062     -0.728  -0.815    0.684   0.149
74.42  39.58   0.214   2.401      0.000  -0.940    0.794   0.214
74.42  39.58   0.133   1.515      0.000  -0.570    0.794   0.133
74.42  39.58   0.210   1.479      0.000  -0.550    0.794   0.210
74.42  39.58   0.213   1.690      0.000  -0.660    0.794   0.213
74.42  39.58   0.137   1.690      0.000  -0.660    0.794   0.137
74.42  39.58   0.245   2.255      0.000  -0.890    0.794   0.245
74.42  39.58   0.382   1.616     -0.728  -0.790    0.794   0.093
74.42  39.58   5.530  35.178     -16.024  -10.945    0.857   0.211
74.42  39.58   0.583   1.871     -0.728  -1.270    0.794   0.070
74.42  39.58   2.041   0.068     -3.520  -3.315    0.846   0.416
74.42  39.58   1.124   1.840     -1.500  -2.615    0.846   0.386
74.42  39.58   1.939   0.658     -3.520  -2.845    0.851   0.367
74.42  39.58   6.415  293.720     -21.862  -10.380    0.670   0.468
74.42  39.58   2.078  32.856     -3.520  -4.540    0.179   0.157
74.42  39.58   2.480   5.550     -4.722  -5.150    0.182   0.166
74.42  39.58   3.517  10.858     -7.603  -6.980    0.189   0.141
74.42  39.58   1.759   1.674     -3.520  -3.600    0.182   0.198
74.42  39.58   2.530   5.991     -4.722  -5.180    0.187   0.190
74.42  39.58   4.284   3.240     -11.347  -10.290    0.591   1.162
74.42  39.58   7.205  1095.840     -26.116  -7.890    0.551   0.728
74.42  39.58   8.157  21207.515     -35.333  -7.140    0.194   0.130
74.42  39.58   5.209  6098.734     -13.547   0.400    0.179   0.233
74.42  39.58   9.872  2442.852     -57.806  -3.800    1.093   0.370
74.42  39.58   8.132  1653.573     -35.333  -11.240    0.593   0.376
74.42  39.58   7.475  1076.257     -30.428  -10.990    0.593   0.455
74.42  39.58   8.625  2414.905     -41.009  -11.790    0.595   0.462
74.42  39.58   6.908  995.431     -26.116  -7.590    0.587   0.505
74.42  39.58   0.697   1.027     -0.728  -0.590    0.582   0.200
74.42  39.58   2.782  91.534     -6.096  -0.540    0.582   0.419
75.41  39.14   0.891   0.547     -1.253  -1.510    0.792   0.164
75.41  39.14   1.096   4.365     -1.253  -2.810    0.792   0.136
75.41  39.14   1.700   3.128     -2.159  -3.130    0.792   0.157
75.41  39.14   2.060   0.064     -3.181  -3.140    0.792   0.242
75.41  39.14   2.089   0.409     -3.181  -2.790    0.792   0.219
75.41  39.14   3.027   0.305     -5.677  -5.250    0.792   0.217
75.41  39.14   3.564   3.807     -7.138  -5.660    0.792   0.112
75.41  39.14   3.674   0.953     -7.138  -6.860    0.792   0.191
75.41  39.14   3.751   5.214     -8.778  -8.540    0.792   0.110
75.41  39.14   3.803   7.076     -8.778  -7.230    0.793   0.109
75.41  39.14   3.992   7.480     -8.778  -6.610    0.793   0.092
75.41  39.14   4.575   8.846     -10.817  -8.310    0.847   0.276
75.41  39.14   5.095   3.585     -12.986  -11.520    0.795   0.223
75.41  39.14   2.014  11.726     -3.181  -5.175    0.582   0.293
75.41  39.14   2.550   8.160     -4.348  -6.055    0.600   0.189
75.41  39.14   0.666   2.437     -0.637  -1.360    0.847   0.127
75.41  39.14   1.289   1.310     -2.159  -2.710    0.806   0.230
75.41  39.14   1.611   0.364     -2.159  -2.370    0.847   0.202
75.41  39.14   1.873   2.269     -3.181  -2.210    0.847   0.130
75.41  39.14   2.600   1.510     -4.348  -3.430    0.793   0.244
75.41  39.14   4.706   6.972     -10.817  -9.140    0.798   0.129
75.41  39.14   2.886   5.618     -5.677  -7.340    0.796   0.102
75.41  39.14   1.886   3.310     -3.181  -4.500    0.798   0.150
75.41  39.14   3.176   1.211     -5.677  -6.020    0.848   0.172
75.41  39.14   5.998   3.695     -18.199  -16.540    0.863   0.275
75.41  39.14   6.148  13.059     -18.199  -14.100    1.151   0.243
75.41  39.14   4.438  28.982     -10.817  -6.540    0.795   0.343
75.41  39.14   3.547   2.637     -7.138  -5.850    0.810   0.144
75.41  39.14   2.167  260.469     -3.181  -11.496    0.516   0.261
75.41  39.14   2.414  202.943     -4.348  -11.674    0.514   0.273
75.41  39.14   7.714  666.125     -29.974  -13.803    0.627   0.217
75.41  39.14   0.254   8.821     -0.637   1.067    0.607   0.254
75.41  39.14   3.720   8.448     -7.138  -5.483    0.597   0.252
75.41  39.14   3.823  206.998     -8.778  -1.085    0.535   0.249
75.41  39.14   3.111   2.938     -5.677  -4.671    0.609   0.241
75.41  39.14   8.653  965.180     -40.906  -20.793    0.647   0.325
75.41  39.14   0.230   2.505      0.000  -0.634    0.516   0.230
75.41  39.14   4.185  10.940     -8.778  -7.128    0.522   0.191
75.11  38.74   0.213   2.483      0.000  -0.795    0.653   0.213
75.11  38.74   0.853   2.131     -1.170  -1.515    0.653   0.108
75.11  38.74   8.284  702.818     -39.251  -20.186    0.720   0.261
75.11  38.74   0.137   2.126      0.000  -0.795    0.749   0.137
75.11  38.74   0.248   2.504      0.000  -0.935    0.762   0.248
75.11  38.74   0.632   2.659     -0.594  -1.195    0.749   0.093
75.11  38.74   0.702   2.051     -0.594  -1.325    0.762   0.190
75.11  38.74   0.726   3.949     -0.594  -1.725    0.762   0.171
75.11  38.74   0.729   4.236     -0.594  -1.785    0.762   0.171
75.11  38.74   0.829   1.566     -1.170  -1.375    0.749   0.140
75.11  38.74   0.864   0.547     -1.170  -1.145    0.762   0.184
75.11  38.74   0.871   0.536     -1.170  -1.045    0.749   0.181
75.11  38.74   0.915   0.356     -1.170  -1.545    0.762   0.251
75.11  38.74   0.926   0.107     -1.170  -1.265    0.762   0.244
75.11  38.74   1.029   0.175     -1.170  -1.475    0.762   0.231
75.11  38.74   1.096   1.340     -1.170  -1.935    0.762   0.166
75.11  38.74   1.096   0.358     -1.170  -1.285    0.749   0.166
75.11  38.74   1.281   4.816     -2.019  -1.465    0.749   0.106
75.11  38.74   1.551   0.235     -2.019  -1.745    0.749   0.161
75.11  38.74   0.651   1.878     -0.594  -0.955    0.638   0.121
75.11  38.74   4.238   8.099     -8.257  -6.395    0.662   0.548
75.11  38.74   3.338   8.933     -6.707  -4.575    0.718   0.467
75.11  38.74   3.823  12.413     -8.257  -5.775    0.710   0.418
75.11  38.74   4.357  32.285     -10.199  -5.905    0.757   0.465
75.11  38.74   5.522  53.041     -14.514  -9.225    0.726   0.469
75.11  38.74   7.049  253.851     -24.354  -13.675    0.670   0.410
75.11  38.74   0.251   1.297     -0.594  -0.995    0.718   0.251
75.11  38.74   0.315   0.453     -0.594  -0.800    0.629   0.315
75.11  38.74   1.695  15.985     -2.019  -4.325    0.583   0.343
75.11  38.74   1.858   3.456     -2.978  -4.045    0.583   0.444
75.11  38.74   1.876   0.847     -2.978  -2.395    0.652   0.575
75.11  38.74   2.135   2.986     -2.978  -3.975    0.583   0.564
75.11  38.74   3.452   1.677     -6.707  -5.955    0.583   0.451
75.11  38.74   3.817  32.774     -8.257  -4.925    0.583   0.563
75.11  38.74   4.259  13.329     -10.199  -8.075    0.586   0.541
75.11  38.74   0.860   1.395     -1.170  -1.895    0.805   0.183
75.11  38.74   2.003   1.324     -2.978  -3.905    0.806   0.297
75.11  38.74   2.420   1.583     -4.075  -5.065    0.806   0.293
75.11  38.74   3.149   3.342     -5.329  -6.375    0.583   0.429
75.11  38.74   3.339   0.370     -6.707  -7.005    0.583   0.490
75.11  38.74   3.385   0.055     -6.707  -6.675    0.583   0.505
75.11  38.74   3.777   2.862     -8.257  -7.305    0.583   0.506
75.11  38.74   3.961   1.091     -8.257  -7.675    0.586   0.121
75.11  38.74   3.963   2.294     -8.257  -7.375    0.583   0.559
75.11  38.74   4.283   9.826     -10.199  -8.375    0.586   0.555
75.11  38.74   4.328   4.465     -10.199  -8.975    0.587   0.492
75.11  38.74   4.707   4.325     -10.199  -9.075    0.587   0.254
75.11  38.74   5.074  17.806     -12.257  -9.775    0.589   0.500
75.11  38.74   7.253  350.205     -28.557  -16.515    0.644   0.308
75.11  38.74   7.918  335.199     -33.603  -19.455    0.773   0.408
75.11  38.74   1.600  65.319     -2.019  -6.825    0.595   0.341
75.11  38.74   2.165  42.400     -2.978  -6.856    0.596   0.495
75.11  38.74   2.965  45.211     -5.329  -8.913    0.533   0.243
75.11  38.74   1.359  78.705     -2.019  -7.318    0.598   0.442
75.11  38.74   2.575  29.577     -4.075  -8.431    0.801   0.467
75.11  38.74   7.146  693.086     -24.354  -10.857    0.513   0.261
75.11  38.74   0.266   1.267     -0.594  -0.177    0.593   0.266
75.11  38.74   2.606   0.190     -4.075  -4.076    0.594   0.243
75.11  38.74   4.977  62.955     -12.257  -7.981    0.539   0.312
75.11  38.74   5.414  108.722     -14.514  -8.880    0.540   0.581
76.35  38.56   2.527   0.550     -3.390  -3.640    0.340   0.319
76.35  38.56   2.787   1.751     -4.531  -4.120    0.332   0.453
76.35  38.56   3.043  12.316     -4.531  -3.340    0.340   0.314
76.35  38.56   4.082  22.404     -7.236  -5.570    0.352   0.353
76.35  38.56   1.103  10.860     -0.838  -1.920    0.330   0.308
76.35  38.56   3.662   3.325     -5.795  -5.170    0.352   0.397
76.35  38.56   5.160   0.478     -11.034  -10.870    0.364   0.305
76.35  38.56   0.203  241.380      0.000  -10.268    0.668   0.092
76.35  38.56   0.528  221.832     -0.456  -10.398    0.668   0.099
76.35  38.56   0.480  250.301     -0.456  -11.018    0.668   0.062
76.35  38.56   0.768  251.322     -0.838  -11.318    0.668   0.103
76.35  38.56   0.403  195.806     -0.456  -9.768    0.667   0.088
76.35  38.56   0.386  208.444     -0.456  -10.058    0.668   0.090
76.35  38.56   0.341  221.884     -0.456  -10.338    0.668   0.095
76.35  38.56   0.598  1422.217     -0.456  -25.628    0.668   0.127
76.35  38.56   0.237  1489.169      0.000  -25.728    0.668   0.118
76.35  38.56   0.779  1459.735     -0.838  -26.328    0.668   0.141
76.35  38.56   0.848  1515.437     -0.838  -26.828    0.668   0.166
76.35  38.56   0.769  1531.502     -0.838  -26.948    0.668   0.136
76.35  38.56   0.763  1564.408     -0.838  -27.228    0.668   0.131
76.35  38.56   0.628  1606.836     -0.456  -27.228    0.668   0.329
76.35  38.56   0.896  1561.209     -0.838  -27.228    0.668   0.355
76.35  38.56   1.683  1543.995     -1.580  -27.828    0.668   0.192
76.35  38.56   1.667  1569.220     -1.580  -28.028    0.668   0.104
76.35  38.56   1.669  1568.139     -1.580  -28.028    0.668   0.140
76.35  38.56   0.824  1668.867     -0.838  -28.128    0.668   0.149
76.35  38.56   1.415  1578.355     -1.580  -28.128    0.668   0.165
76.35  38.56   1.677  1602.562     -1.580  -28.328    0.668   0.171
76.35  38.56   2.233  1517.398     -2.422  -28.448    0.668   0.184
76.35  38.56   0.700  1826.797     -0.456  -29.029    0.669   0.158
76.35  38.56   0.278  1483.669     -0.456  -26.148    0.668   0.135
76.35  38.56   0.713  1651.695     -0.456  -27.538    0.668   0.075
76.35  38.56   1.540  1636.012     -1.580  -28.619    0.668   0.137
76.35  38.56   0.254  1156.047     -0.456  -23.108    0.668   0.112
76.35  38.56   0.133  1279.858      0.000  -23.878    0.668   0.133
76.35  38.56   0.424  1264.998     -0.456  -24.198    0.668   0.092
76.35  38.56   2.804  1050.536     -4.531  -26.139    0.668   0.082
76.35  38.56   2.914  1111.449     -4.531  -26.829    0.669   0.211
76.35  38.56   3.192  1116.838     -4.531  -26.879    0.669   0.255
76.35  38.56   0.953  166.110     -0.838  -9.318    0.658   0.099
76.35  38.56   0.808  169.610     -0.838  -9.278    0.658   0.085
76.35  38.56   1.066  174.468     -0.838  -9.518    0.658   0.108
76.35  38.56   1.304  178.195     -1.580  -10.178    0.658   0.070
76.35  38.56   1.425  185.384     -1.580  -10.539    0.659   0.092
76.35  38.56   1.514  200.691     -1.580  -10.941    0.661   0.102
76.35  38.56   1.627  215.209     -1.580  -11.251    0.661   0.121
76.35  38.56   1.601  218.751     -1.580  -11.331    0.661   0.095
76.35  38.56   1.829  198.802     -2.422  -11.701    0.661   0.129
76.35  38.56   1.901  207.501     -2.422  -11.921    0.661   0.096
76.35  38.56   2.517  189.879     -3.390  -12.469    0.659   0.184
76.35  38.56   3.698  152.574     -5.795  -13.900    0.660   0.151
76.35  38.56   4.596  48.005     -9.071  -14.402    0.772   0.173
76.35  38.56   5.595   4.579     -13.209  -14.752    0.772   0.124
76.35  38.56   5.715   7.369     -13.209  -14.752    0.772   0.117
76.35  38.56   6.488  20.016     -18.761  -15.328    0.767   0.140
76.35  38.56   7.359  209.665     -27.117  -16.008    0.768   0.199
76.35  38.56   7.649  202.739     -27.117  -16.258    0.768   0.086
76.35  38.56   0.060  1820.904      0.000  -28.058    0.658   0.060
76.35  38.56   0.062  1885.785      0.000  -28.558    0.658   0.062
76.35  38.56   0.026  1965.995      0.000  -29.168    0.658   0.026
76.35  38.56   0.139  2061.597      0.000  -29.878    0.658   0.139
76.35  38.56   0.372  2088.622     -0.456  -30.538    0.658   0.099
76.35  38.56   0.719  2249.546     -0.456  -31.709    0.659   0.164
76.35  38.56   0.225  2097.278      0.000  -30.098    0.658   0.086
76.35  38.56   0.382  2128.181     -0.456  -30.829    0.659   0.083
76.35  38.56   0.707  2252.928     -0.456  -31.689    0.659   0.073
76.35  38.56   0.790  2237.223     -0.838  -31.989    0.659   0.089
76.35  38.56   1.157  2357.555     -0.838  -32.870    0.660   0.093
76.35  38.56   1.620  2375.924     -1.580  -33.791    0.661   0.108
76.35  38.56   1.802  2350.061     -2.422  -34.472    0.662   0.099
76.35  38.56   2.174  2413.317     -2.422  -34.942    0.662   0.116
76.35  38.56   4.312  1573.809     -9.071  -35.343    0.663   0.128
76.35  38.56   5.901  938.459     -15.856  -36.184    0.664   0.119
76.35  38.56   6.092  1052.409     -15.856  -37.446    0.666   0.116
76.35  38.56   6.372  896.877     -18.761  -38.738    0.668   0.091
76.35  38.56   6.388  930.547     -18.761  -39.139    0.668   0.098
76.35  38.56   6.702  1149.462     -18.761  -41.543    0.673   0.099
76.35  38.56   6.750  1310.463     -18.761  -43.207    0.677   0.101
76.35  38.56   9.343  54.058     -49.004  -44.099    0.679   0.114
76.35  38.56   7.185  982.601     -22.841  -44.099    0.679   0.113
76.35  38.56   7.529  633.093     -27.117  -44.209    0.679   0.082
76.35  38.56   7.574  644.100     -27.117  -44.360    0.680   0.088
76.35  38.56   0.138  1120.902      0.000  -23.379    0.699   0.138
76.35  38.56   0.578  1228.327     -0.456  -24.198    0.678   0.066
76.35  38.56   0.788  1384.708     -0.838  -26.059    0.679   0.107
76.35  38.56   0.133  1129.315      0.000  -22.758    0.677   0.133
76.35  38.56   0.497  1162.338     -0.456  -23.558    0.678   0.058
76.35  38.56   0.701  1227.085     -0.456  -24.058    0.678   0.052
76.35  38.56   0.780  1197.777     -0.838  -24.238    0.678   0.090
76.35  38.56   1.085  1261.303     -0.838  -24.918    0.678   0.151
76.35  38.56   2.119  1133.863     -2.422  -25.258    0.678   0.604
76.35  38.56   2.063  1193.922     -2.422  -25.869    0.679   0.217
76.35  38.56   0.480  1223.017     -0.456  -24.158    0.678   0.042
76.35  38.56   4.140  751.734     -7.236  -25.828    0.678   0.156
76.35  38.56   4.660  751.495     -9.071  -27.690    0.680   0.139
76.35  38.56   4.790  684.823     -11.034  -28.831    0.681   0.163
76.35  38.56   6.559  258.575     -18.761  -29.722    0.682   0.139
76.35  38.56   6.929  119.356     -22.841  -30.293    0.682   0.183
76.35  38.56   7.048  141.416     -22.841  -30.963    0.683   0.123
76.35  38.56   9.921  1250.617     -55.130  -30.963    0.683   0.224
76.35  38.56   8.664  83.846     -37.791  -31.554    0.684   0.190
76.35  38.56   7.556  48.754     -27.117  -31.885    0.685   0.110
76.35  38.56   9.631  510.416     -49.004  -33.487    0.687   0.171
76.35  38.56  10.233  977.079     -55.130  -33.570    0.690   0.271
76.35  38.56  10.175  2272.292     -55.130  -22.720    0.680   0.217
76.35  38.56  10.523  3114.612     -61.240  -23.290    0.680   0.108
75.70  37.53   1.351  11.849     -0.979  -1.345    0.262   0.048
75.70  37.53   2.234  27.615     -1.528  -2.685    0.262   0.082
75.70  37.53   1.474  19.949     -0.979  -2.145    0.262   0.058
75.70  37.53   1.442   6.455     -0.979  -1.615    0.262   0.076
75.70  37.53   5.315  27.301     -9.430  -7.015    0.466   0.267
75.70  37.53   3.889   4.344     -4.892  -5.825    0.466   0.189
75.70  37.53   2.175   9.234     -1.528  -2.865    0.467   0.172
75.70  37.53   0.611   6.044     -0.265  -1.110    0.442   0.072
75.70  37.53   0.642   3.961     -0.265  -0.800    0.442   0.090
75.70  37.53   1.114   3.452     -0.504  -1.250    0.442   0.147
75.70  37.53   1.556   4.272     -0.979  -1.880    0.442   0.163
75.70  37.53   1.351   0.788     -0.979  -1.025    0.442   0.169
75.70  37.53   5.097   2.311     -7.780  -8.455    0.467   0.206
75.70  37.53   5.082   2.010     -7.780  -8.415    0.467   0.204
75.70  37.53   5.075   0.346     -7.780  -7.995    0.467   0.204
75.70  37.53   0.199  34.924      0.000  -2.571    0.442   0.199
75.70  37.53   0.928   6.994     -0.504  -1.661    0.442   0.202
75.70  37.53   2.615  46.695     -2.150  -5.162    0.442   0.273
75.70  37.53   0.113   9.690      0.000  -1.302    0.442   0.113
75.70  37.53   0.518   6.676     -0.265  -1.401    0.442   0.088
75.70  37.53   0.518  15.332     -0.265  -1.992    0.442   0.105
75.70  37.53   0.209  13.191      0.000  -1.542    0.442   0.209
75.70  37.53   2.566   0.300     -2.150  -1.916    0.534   0.201
75.70  37.53   5.926  145.946     -11.598  -5.168    0.532   0.334
75.70  37.53   3.353   0.148     -3.856  -3.729    0.541   0.482
75.70  37.53   3.649   0.704     -3.856  -3.729    0.541   0.185
75.70  37.53   5.006   8.133     -7.780  -6.255    0.535   0.278
75.70  37.53   1.644  115.852     -0.979   0.101    0.101   0.229
75.67  35.81   0.155   2.016      0.000  -0.706    0.700   0.155
75.67  35.81   0.218   3.581      0.000  -0.861    0.536   0.218
75.67  35.81   0.228   8.369      0.000  -0.541    0.199   0.228
75.67  35.81   1.465  35.510     -0.596  -1.781    0.199   0.083
75.67  35.81   0.563   1.794     -0.150  -0.661    0.536   0.067
75.67  35.81   0.150   8.747      0.000  -0.555    0.199   0.150
75.67  35.81   0.827  18.827     -0.340  -1.135    0.200   0.100
75.67  35.81   1.427   5.938     -0.596  -1.835    0.536   0.094
75.67  35.81   1.860  47.338     -0.911  -2.275    0.201   0.126
75.67  35.81   2.051  53.318     -0.911  -2.375    0.201   0.100
75.67  35.81   2.474  47.608     -1.305  -2.695    0.202   0.125
75.67  35.81   2.539  70.006     -1.305  -2.995    0.202   0.176
75.67  35.81   0.383   9.438     -0.150  -0.685    0.200   0.078
75.67  35.81   0.572  12.213     -0.150  -0.805    0.200   0.060
75.67  35.81   0.830  24.772     -0.340  -1.255    0.200   0.087
75.67  35.81   0.882  29.899     -0.340  -1.395    0.200   0.082
75.67  35.81   0.995  33.326     -0.340  -1.495    0.200   0.062
75.67  35.81   1.118  47.554     -0.340  -1.705    0.200   0.112
75.67  35.81   1.476  48.066     -0.596  -1.985    0.201   0.063
75.67  35.81   2.145  63.031     -0.911  -2.495    0.201   0.142
75.67  35.81   2.696  47.265     -1.305  -2.665    0.201   0.153
75.67  35.81  11.060  294.639     -49.248  -30.370    1.100   0.171
75.67  35.81  11.419  718.443     -59.850  -30.370    1.100   0.184
75.67  35.81  10.819  150.898     -49.248  -35.760    1.100   0.243
75.67  35.81   0.143   5.437      0.000  -0.420    0.199   0.143
75.67  35.81   0.153   5.543      0.000  -0.425    0.199   0.153
75.67  35.81   0.602  12.825     -0.150  -0.765    0.200   0.056
75.67  35.81   2.522  34.468     -1.305  -2.485    0.201   0.176
75.67  35.81   1.295  17.580     -0.596  -1.415    0.200   0.228
75.67  35.81   2.522  46.313     -1.305  -2.675    0.201   0.177
75.67  35.81   8.654  70.063     -24.533  -15.365    1.100   0.199
75.67  35.81   6.478  102.050     -9.905  -15.056    0.510   0.204
75.67  35.81   2.521  110.976     -1.305  -6.676    0.510   0.190
75.67  35.81   4.152  141.518     -3.045  -9.106    0.510   0.314
75.67  35.81   5.008  1229.368     -5.068  -8.988    0.112   0.191
75.67  35.81   5.484  2382.681     -6.421  -11.878    0.112   0.271
75.67  35.81   5.898  2264.281     -8.048  -13.368    0.112   0.276
75.67  35.81   4.551  1300.447     -3.876  -7.908    0.112   0.256
75.67  35.81   3.406  50.798     -2.382  -6.006    0.510   0.177
75.67  35.81   3.921  44.778     -3.045  -6.456    0.510   0.425
75.67  35.81   4.612  1326.578     -3.876  -7.948    0.112   0.231
75.67  35.81   3.487  86.576     -2.382  -7.126    0.510   0.172
75.67  35.81   3.639  108.341     -2.382  -7.676    0.510   0.190
75.67  35.81   4.064  81.843     -3.045  -7.656    0.510   0.231
75.67  35.81   8.595  344.718     -24.533  -34.000    0.510   0.886
75.67  35.81   5.913  978.818     -8.048  -24.000    0.510   0.263
75.67  35.81   1.203  904.260     -0.340  -3.698    0.112   0.137
75.67  35.81   1.534  72.472     -0.596  -4.936    0.510   0.164
75.67  35.81   1.371  1015.406     -0.596  -4.158    0.112   0.164
75.67  35.81   1.376  21.516     -0.596  -2.906    0.510   0.124
75.67  35.81   8.153  11.300     -20.019  -18.380    0.510   0.157
75.67  35.81   6.986   2.076     -12.646  -13.380    0.510   0.172
75.67  35.81   8.623  141.251     -24.533  -18.480    0.510   0.213
75.67  35.81   9.572  294.960     -33.734  -24.980    0.510   0.145
75.67  35.81   6.953  59.771     -12.646  -8.706    0.510   0.204
75.67  35.81   0.387   3.566     -0.150   0.534    0.510   0.085
75.67  35.81   2.553   0.942     -1.305  -1.780    0.510   0.197
75.67  35.81   3.859   6.405     -3.045  -1.780    0.510   0.282
75.67  35.81   6.041  143.981     -8.048  -1.930    0.510   0.271
75.67  35.81   2.356   1.079     -1.305  -1.790    0.510   0.347
76.91  34.64   0.404   2.888     -0.093  -0.355    0.199   0.089
76.91  34.64   0.413   4.299     -0.093  -0.465    0.199   0.096
76.91  34.64   0.832   8.894     -0.205  -0.665    0.199   0.089
76.91  34.64   1.248  29.099     -0.205  -0.965    0.199   0.065
76.91  34.64   3.644   5.540     -1.679  -3.025    0.589   0.257
76.91  34.64   0.585   6.435     -0.093  -0.725    0.249   0.585
76.91  34.64   2.197  27.660     -0.594  -1.905    0.250   0.485
76.91  34.64   1.553  16.552     -0.377  -1.185    0.199   0.136
76.91  34.64   1.056   0.972     -0.205  -0.770    0.581   0.358
76.91  34.64   1.646   2.717     -0.377  -1.270    0.581   0.244
76.91  34.64   1.267   1.564     -0.377  -0.925    0.588   0.279
76.91  34.64   3.647   8.808     -1.679  -3.425    0.600   0.258
76.91  34.64   3.916  11.509     -2.195  -4.225    0.600   0.324
76.91  34.64   4.333  16.754     -2.941  -5.525    0.633   0.488
76.91  34.64   6.539   0.354     -7.670  -8.025    0.599   0.617
76.91  34.64   0.572  12.636     -0.093  -0.800    0.210   0.063
76.91  34.64   0.150   7.859      0.000  -0.550    0.210   0.150
76.91  34.64   0.797  19.635     -0.205  -1.040    0.210   0.104
76.91  34.64   0.862  24.509     -0.205  -1.150    0.210   0.067
76.91  34.64   0.381  372.739     -0.093  -2.248    0.112   0.104
76.91  34.64   1.127  28.937     -0.205  -2.906    0.510   0.136
76.91  34.64  11.669  2971.035     -52.444  -24.640    0.510   0.968
76.91  34.64   3.581   3.127     -1.679  -2.011    0.189   0.701
76.91  34.64   6.535  768.469     -7.670  -2.431    0.189   0.321
79.14  33.45   4.633   0.131     -2.739  -3.020    0.934   0.658
79.14  33.45   4.036   2.166     -2.017  -3.410    0.948   0.398
79.14  33.45   2.660   3.781     -0.838  -2.610    0.948   0.297
79.14  33.45   6.433   0.075     -6.445  -6.600    0.951   0.304
79.14  33.45   6.992   3.779     -8.480  -6.590    0.973   0.437
79.14  33.45   4.955   0.461     -3.463  -4.110    0.955   1.031
79.14  33.45   3.311   2.908     -1.571  -3.010    0.948   0.243
79.14  33.45   3.323   2.539     -1.571  -3.010    0.948   0.364
79.14  33.45   3.598   2.530     -1.571  -3.050    0.934   0.637
79.14  33.45   5.343   0.552     -4.308  -4.810    0.949   0.301
79.14  33.45   5.220   0.508     -3.463  -3.220    0.648   0.363
79.14  33.45   2.174   0.718     -0.605  -0.110    0.629   0.558
79.14  33.45   2.550   1.016     -0.838  -0.210    0.629   0.369
79.14  33.45   3.763   0.411     -2.017  -2.130    0.629   0.385
79.14  33.45   2.404   1.384     -0.838  -0.120    0.629   0.344
79.14  33.45   9.531  1362.330     -24.679  -1.430    0.630   0.741
79.14  33.45  10.293  2367.909     -33.166  -2.510    0.630   0.766
79.14  33.45  10.853  3083.258     -37.552  -2.570    0.630   0.909
80.39  32.68   6.167   1.237     -4.970  -4.100    1.020   0.234
80.39  32.68   6.025   1.009     -4.970  -3.950    1.020   0.272
80.39  32.68   6.384   5.958     -6.042  -3.580    1.018   0.359
80.39  32.68   3.052   1.020     -1.191  -2.200    1.018   0.271
80.39  32.68   3.580   1.316     -1.542  -2.680    1.017   0.315
80.39  32.68   5.077   0.024     -3.276  -3.290    1.038   0.500
80.39  32.68   2.117   0.690     -0.626  -1.280    1.025   0.220
80.39  32.68   0.720   1.724     -0.121  -0.720    1.028   0.187
80.39  32.68   3.278   1.570     -1.542  -2.605    1.109   0.275
80.39  32.68   2.392   2.046     -0.862  -2.405    1.109   0.326
80.39  32.68   2.466   4.666     -0.862  -3.255    1.109   0.310
80.39  32.68   3.316   0.466     -1.542  -1.955    1.115   0.321
80.39  32.68   3.280   1.675     -1.542  -2.500    0.940   0.276
80.39  32.68   5.754   0.696     -4.970  -4.400    0.956   0.421
80.39  32.68   4.906   0.095     -3.276  -3.450    0.947   0.381
80.39  32.68   4.643   0.602     -2.610  -2.850    0.947   0.195
80.39  32.68   2.117   1.323     -0.626  -1.600    0.940   0.235
80.39  32.68   2.376   1.098     -0.862  -1.850    0.998   0.364
80.39  32.68   5.310   2.116     -4.069  -2.800    0.947   0.337
80.39  32.68   3.278   0.546     -1.542  -2.000    0.940   0.400
80.39  32.68   5.423   0.026     -4.069  -3.950    0.947   0.758
80.39  32.68   2.025   0.478     -0.626  -0.200    0.621   0.286
80.39  32.68   2.804   0.333     -1.191  -1.200    0.621   0.340
