-94.73  62.48  33.611
-94.27  58.58  108.498
-83.56  53.47  35.286
-78.17  53.12  110.454
-76.93  56.06  101.841
-78.60  58.91  80.821
-78.04  62.18  73.229
-74.90  62.19  119.698
-72.78  61.97  287.214
-69.73  59.53  87.435
-68.96  58.43  316.281
-63.77  59.21  502.034
-60.99  56.61  232.935
-60.35  53.80  267.211
-57.64  54.15  10.523
-56.66  51.04  22.515
-57.88  49.79  183.640
-58.67  48.39  44.722
-53.72  47.31  178.854
-54.89  49.42  53.375
-63.97  49.79  228.137
-68.37  48.46  103.668
-69.30  48.44  56.500
-71.00  46.88  56.689
-65.61  47.82  23.630
-61.73  47.44   8.637
-62.88  46.12   6.239
-60.77  46.11   3.120
-64.23  45.72   3.034
-63.26  44.70  11.140
-60.01  43.95  32.234
-65.85  43.82   4.844
-65.86  44.55  76.947
-66.62  45.10  36.085
