3.725856609880645465e+01
3.727650847640907017e+01
3.731407902868364346e+01
3.739351624430246090e+01
3.754253762587740795e+01
3.777217898406938446e+01
3.808042952677069337e+01
3.844892468664120599e+01
3.884983205503102965e+01
3.925042991512098922e+01
3.963649980008322871e+01
3.999353355968181489e+01
4.030738576256997163e+01
4.059461201659403429e+01
4.084896405652318663e+01
4.107339971034735981e+01
4.126911349959736697e+01
4.144042777660989429e+01
4.158288255706394665e+01
4.170071797729942631e+01
4.179000955774303350e+01
4.186074947552777559e+01
4.191057743210775044e+01
4.194566802890658863e+01
4.196862173610351476e+01
4.198243093897258404e+01
4.199131258583814486e+01
4.199722858830723027e+01
4.199892034433172938e+01
4.199816446068129494e+01
4.199736337131702868e+01
4.199600109852023877e+01
3.717496079331900205e+01
3.717744941973159456e+01
3.720497494262363603e+01
3.729293942487218771e+01
3.747181343738801473e+01
3.776201746214267274e+01
3.815384869211224839e+01
3.862937970941383981e+01
3.915293045122484727e+01
3.968828841591737699e+01
4.020684538360094251e+01
4.068895778671983976e+01
4.113121674542556150e+01
4.152996957902247033e+01
4.188764754795252543e+01
4.220278239970618728e+01
4.248139866038339107e+01
4.271772129639835214e+01
4.291368128424318940e+01
4.306750986843414353e+01
4.318626101002559636e+01
4.327290712519608462e+01
4.333187085171693553e+01
4.337140630078778969e+01
4.339758517945057292e+01
4.340741404106288570e+01
4.340907444226251499e+01
4.341002279465166680e+01
4.340716194595197663e+01
4.340184246894150277e+01
4.339912042407423343e+01
4.339442485389636772e+01
3.708075047138333247e+01
3.706002377188241326e+01
3.707145124523482593e+01
3.716024165471088736e+01
3.736341980607030422e+01
3.770248686074859279e+01
3.818233435081384641e+01
3.877361211220356552e+01
3.943679060746771370e+01
4.012352228162066581e+01
4.079782244767895349e+01
4.143277538366474744e+01
4.201715697645170167e+01
4.254413048899611738e+01
4.301741938877326277e+01
4.343302307655584116e+01
4.379232548270857706e+01
4.409529446628263116e+01
4.433581922599821468e+01
4.452569375656253214e+01
4.466182158841249361e+01
4.475381155629128926e+01
4.481526583431120514e+01
4.485041467829480411e+01
4.486500133082332553e+01
4.486737447697832692e+01
4.485747493422780252e+01
4.484907342340144254e+01
4.483581588082984126e+01
4.482263153011852097e+01
4.481036392786478473e+01
4.479909808685458472e+01
3.697070662790684992e+01
3.691410358240123912e+01
3.690093136675721297e+01
3.697722860245875154e+01
3.719194421254026395e+01
3.757503463600925642e+01
3.813737581105480956e+01
3.884543201636965648e+01
3.965155824055150191e+01
4.049636680816347223e+01
4.133472198558362010e+01
4.212975765917167337e+01
4.285969582753024554e+01
4.351813677313059259e+01
4.410181123790655988e+01
4.460915625538222429e+01
4.503697627331419540e+01
4.538738713952973569e+01
4.566022432528706787e+01
4.585630604893677287e+01
4.599374030599256713e+01
4.607822348166977378e+01
4.612284309828157802e+01
4.613845338473982594e+01
4.613211209791187883e+01
4.611316213306014333e+01
4.608672389347400156e+01
4.606024719419458080e+01
4.602900437845809023e+01
4.600313787254585662e+01
4.597748745747769306e+01
4.595633462552917337e+01
3.682495319245464316e+01
3.672935004083575450e+01
3.667561329581049279e+01
3.672717586315479821e+01
3.694074491019329542e+01
3.735747672163249433e+01
3.798694449075829738e+01
3.879897640902730416e+01
3.973986040720355817e+01
4.073842998300973761e+01
4.172858401753956770e+01
4.266814368928550749e+01
4.352993844354195119e+01
4.429694975573627147e+01
4.496481909331679816e+01
4.553327460708577945e+01
4.599451627917294161e+01
4.635824289265902109e+01
4.662740961503207160e+01
4.680814341695864300e+01
4.691965759902164734e+01
4.697042207748714304e+01
4.697570801366206439e+01
4.695583371035578324e+01
4.691538842895049299e+01
4.686914108668759837e+01
4.681395690826715850e+01
4.676268415793975919e+01
4.671397374358132737e+01
4.666985945758392518e+01
4.663049289304491651e+01
4.659611927080935345e+01
3.662880215542091378e+01
3.648297228303939477e+01
3.638470903074634322e+01
3.640050843205401776e+01
3.659795229984688092e+01
3.702964619730394702e+01
3.770730776607812373e+01
3.860576253740704544e+01
3.965781863463531920e+01
4.078153311103514511e+01
4.189719040885011481e+01
4.294871844862171173e+01
4.389656734039589026e+01
4.472393864145897879e+01
4.542805932061484953e+01
4.600536803518588869e+01
4.645862085118380236e+01
4.679071233907495042e+01
4.701632812385179960e+01
4.714646792872942882e+01
4.720019875870217874e+01
4.719818860450691034e+01
4.715662855263837372e+01
4.708925070274047187e+01
4.701196452873531939e+01
4.692748634174074596e+01
4.684327556357501265e+01
4.676670006018273540e+01
4.669955961942773826e+01
4.663914286451564095e+01
4.658671333970061568e+01
4.654527874219802897e+01
3.634912802502898188e+01
3.615259692917915402e+01
3.601139653390726636e+01
3.598526657554229757e+01
3.615536020954227325e+01
3.658797430928827055e+01
3.729667494460993282e+01
3.825336650834349683e+01
3.938508283720591407e+01
4.059373271806671113e+01
4.178803208416366743e+01
4.289702296017464533e+01
4.387985749248090883e+01
4.471208452284364654e+01
4.539118056346955399e+01
4.592293522880133594e+01
4.631192997124338717e+01
4.657270909113520219e+01
4.672346383636324418e+01
4.677998225642937768e+01
4.676560822337648915e+01
4.670333263738147878e+01
4.661084679422165067e+01
4.649902085132207219e+01
4.638870837388689239e+01
4.627834498792795159e+01
4.617723196033346511e+01
4.608613997288380659e+01
4.600812103951501086e+01
4.594160613520278247e+01
4.588398146887099216e+01
4.584027161949069296e+01
3.595173532638398228e+01
3.571474394263834284e+01
3.552684543741631273e+01
3.546247444116302461e+01
3.560921707042287920e+01
3.603208578850082233e+01
3.675728104061850843e+01
3.774950144769400140e+01
3.892736822344320302e+01
4.018193715498208718e+01
4.140681327766511544e+01
4.251958368475998640e+01
4.347573113146767554e+01
4.425337314237150110e+01
4.485914557485686771e+01
4.530067648177942630e+01
4.559602679091597821e+01
4.576291131809878721e+01
4.582486875381724900e+01
4.580570256096355308e+01
4.573286538812759261e+01
4.562736489797774908e+01
4.550267038694407518e+01
4.537737399414859851e+01
4.525899586451589585e+01
4.514925659747716935e+01
4.505376950077292975e+01
4.497233712129529692e+01
4.490347036287133875e+01
4.484489579492043987e+01
4.479920079143015954e+01
4.475997439665054145e+01
3.541017404661278789e+01
3.514521601836590747e+01
3.492444829890975200e+01
3.483394227039458713e+01
3.496188420078224368e+01
3.538232381889282152e+01
3.611657187786649104e+01
3.713042157564576939e+01
3.832953505299495589e+01
3.959704817552425737e+01
4.080850036828709193e+01
4.188249183213606130e+01
4.276842455450972835e+01
4.345749340230484847e+01
4.395771309584437603e+01
4.429048025259502452e+01
4.448035068751995169e+01
4.455811268606842646e+01
4.455076830323292825e+01
4.448720329712763544e+01
4.438963266720353573e+01
4.428186894521894601e+01
4.417678784009670068e+01
4.408000780042463873e+01
4.399818073492618709e+01
4.392961949191737148e+01
4.387490026322542036e+01
4.383177003355976353e+01
4.379781173759180035e+01
4.377393836723872056e+01
4.375476866626407713e+01
4.374004966097110980e+01
3.472029551139063130e+01
3.443746204907925090e+01
3.420419780025869727e+01
3.411000827360138743e+01
3.424037614710168498e+01
3.467346154369246136e+01
3.542652012455882016e+01
3.645995470933415561e+01
3.767301773259644904e+01
3.893114473087930349e+01
4.011093986362497787e+01
4.111963856013244367e+01
4.191427899178130900e+01
4.249617015412700738e+01
4.288083513751510623e+01
4.310683776369866393e+01
4.321211357839897005e+01
4.322758940404829531e+01
4.319117033589071042e+01
4.312923316790190853e+01
4.306710748117217946e+01
4.301268693291680023e+01
4.297887667073527496e+01
4.296726266810274097e+01
4.297255751142699154e+01
4.299013273348312225e+01
4.301581730658907077e+01
4.304626824427214871e+01
4.307561863643599054e+01
4.310521800258919001e+01
4.313093052233286073e+01
4.315489606998687577e+01
3.390143432751271035e+01
3.362506074416532442e+01
3.341090013857720464e+01
3.333926527497337844e+01
3.350027733134352559e+01
3.396944685742239045e+01
3.476025960680970428e+01
3.582625966030281006e+01
3.705565374163904835e+01
3.830516252905198371e+01
3.944273767101389438e+01
4.037825348741829856e+01
4.107611519404824207e+01
4.154669393021467982e+01
4.182347853694614059e+01
4.195577942493484613e+01
4.199464175600260063e+01
4.198237778346220495e+01
4.195591785928044004e+01
4.194564104766825352e+01
4.196303001358675289e+01
4.201941976697546721e+01
4.210767246383347384e+01
4.222397520929854409e+01
4.235589687915988577e+01
4.249243543469678741e+01
4.262861740480464334e+01
4.275403123837726582e+01
4.286841985138053701e+01
4.296629287019964494e+01
4.304993877964027860e+01
4.311683387453897609e+01
3.301754590575426107e+01
3.277699520468315342e+01
3.260672636341910646e+01
3.258927277607980955e+01
3.281400715124108558e+01
3.334803818299247524e+01
3.420529845602340657e+01
3.532490773013219609e+01
3.658568932352811487e+01
3.783455470671086118e+01
3.893290653522548439e+01
3.979210697108162265e+01
4.038313513844990865e+01
4.073257020250800053e+01
4.089179099910543869e+01
4.092884531822511462e+01
4.090494928467819591e+01
4.086945786617226872e+01
4.086862086180256171e+01
4.092340473902650189e+01
4.104370435401068562e+01
4.122487166853034779e+01
4.145421523361275007e+01
4.171415365376072515e+01
4.198819577442771589e+01
4.225453767676759043e+01
4.250806367047646717e+01
4.273551642672400419e+01
4.293527059798888956e+01
4.310328346736067573e+01
4.324382616991985628e+01
4.335716424131735636e+01
3.214909622813769374e+01
3.196226883054297829e+01
3.186260635721869861e+01
3.193084637295027406e+01
3.224822984800837844e+01
3.288159587433901265e+01
3.383127036154812117e+01
3.502890703761559621e+01
3.633958202188285469e+01
3.759595193059961105e+01
3.865222191343519142e+01
3.942041899738465816e+01
3.988069950424798549e+01
4.007381889751798809e+01
4.007536140603207286e+01
3.996905293260112302e+01
3.983984846101988353e+01
3.974455092334779494e+01
3.973187651474054860e+01
3.982085466097701243e+01
4.001184068810268712e+01
4.029309448769625845e+01
4.063967455867224743e+01
4.102170161910007096e+01
4.141189305140513710e+01
4.178989829995165195e+01
4.214355676436104403e+01
4.245509232721438764e+01
4.272439973526108759e+01
4.294730701732702016e+01
4.313459065476465781e+01
4.328450324697610085e+01
3.135589024065877695e+01
3.124390997732322361e+01
3.123880379754247727e+01
3.141498833712604366e+01
3.185372635609171255e+01
3.261008303288065946e+01
3.368125246363968728e+01
3.498019480651183244e+01
3.635399732795603001e+01
3.761751025690556816e+01
3.862024380802073864e+01
3.926222259957237526e+01
3.953966246960970210e+01
3.950911000549096030e+01
3.927091876733565101e+01
3.894018290541590943e+01
3.861159074975723371e+01
3.836973941318661474e+01
3.825936446540365665e+01
3.830327467897366489e+01
3.849087998180398529e+01
3.880286873522977231e+01
3.920179788034642598e+01
3.964669842788198650e+01
4.010503768906904298e+01
4.054938173588836037e+01
4.095737628151540122e+01
4.131862063208243541e+01
4.162842286229845001e+01
4.188461651346620584e+01
4.209609231826417641e+01
4.226440802832910748e+01
3.069111974928009445e+01
3.066862943894656723e+01
3.077125291980192401e+01
3.107265593891346356e+01
3.165171411012315872e+01
3.255577515158677215e+01
3.376989367628451078e+01
3.518782992789402897e+01
3.663461680507325013e+01
3.790266952465918138e+01
3.881974779270375109e+01
3.929185219802030815e+01
3.931600853244410843e+01
3.897210868110601467e+01
3.839504245826608297e+01
3.772585209680872254e+01
3.708626616874488491e+01
3.658145756961886974e+01
3.626345545764728939e+01
3.615244846610003293e+01
3.623950981354690981e+01
3.648897936282688192e+01
3.685508660400803649e+01
3.728824116900855756e+01
3.774717193535961712e+01
3.819617401876678997e+01
3.861005870319709032e+01
3.897858645644734565e+01
3.929068053412120776e+01
3.955271595022853859e+01
3.976520991561186946e+01
3.993374793475903317e+01
3.017947103639944118e+01
3.025801359289075521e+01
3.047863220720216049e+01
3.092023349275143929e+01
3.165792341566686119e+01
3.273080139905144392e+01
3.410646141671205811e+01
3.565773201046329888e+01
3.718324522045747926e+01
3.844848524027261760e+01
3.925811196583883600e+01
3.950708499652843386e+01
3.920750574697667190e+01
3.846505078734988814e+01
3.744802111346806583e+01
3.633405912120711889e+01
3.527497109607116954e+01
3.439644519993797189e+01
3.376375233801165621e+01
3.340163216127629653e+01
3.329066752280247243e+01
3.339229728600975733e+01
3.364496408066007405e+01
3.399517855589164128e+01
3.439017475412283886e+01
3.478979706954227424e+01
3.516580034804020727e+01
3.550213635859884675e+01
3.578890377723450911e+01
3.602669690291909177e+01
3.622046307255629216e+01
3.637363790921948237e+01
2.984311006061100002e+01
3.002865394958884693e+01
3.038239458092357026e+01
3.098029405336383846e+01
3.189187352906445838e+01
3.315148703629372307e+01
3.470803680906497135e+01
3.640839639195620236e+01
3.801986422640310082e+01
3.927603453525418331e+01
3.995289941631794761e+01
3.994727914881439546e+01
3.927379206209940321e+01
3.806966868636393997e+01
3.653945304346940048e+01
3.490080229916048182e+01
3.334632206131152543e+01
3.201798786131895014e+01
3.099657976622558664e+01
3.031018141697391499e+01
2.993815897838965867e+01
2.982775578415388296e+01
2.991602432967267333e+01
3.013293829625204978e+01
3.042305574957675773e+01
3.073701592567300267e+01
3.104298372028586073e+01
3.132409931292689720e+01
3.156449370436036261e+01
3.176356225514047793e+01
3.192443877415170661e+01
3.205439908362812673e+01
2.969926662736436285e+01
3.000408859504175041e+01
3.050188050901591197e+01
3.127016642763747001e+01
3.237658946980619845e+01
3.384160074961071984e+01
3.559499019256643493e+01
3.745808157358617763e+01
3.916227330602728074e+01
4.040783669313542248e+01
4.095026366427161690e+01
4.066707788596583129e+01
3.959115125664123269e+01
3.789272712025461942e+01
3.581545817458566461e+01
3.361659827547453716e+01
3.152998534686885179e+01
2.972050211328862446e+01
2.827966444653252864e+01
2.724168971531940286e+01
2.658200394360701679e+01
2.624012930986494396e+01
2.614060637025903233e+01
2.620693930469390409e+01
2.637583530755256334e+01
2.659216988003675297e+01
2.681946622678056613e+01
2.703184113257704624e+01
2.722008693714993655e+01
2.737756910895913975e+01
2.750298824612376691e+01
2.760394957144656303e+01
2.977864100136368108e+01
3.021219384957792897e+01
3.086615192041953648e+01
3.181936582440630090e+01
3.313421584952017440e+01
3.481583053544117945e+01
3.677672265233402982e+01
3.880992697547568326e+01
4.060699761430250021e+01
4.183724874630009793e+01
4.223671094313495900e+01
4.167341407863800384e+01
4.019626725566936898e+01
3.799959135436527191e+01
3.537115093352885964e+01
3.262353787447447928e+01
3.000863712192683153e+01
2.772581267725013632e+01
2.588176343964661186e+01
2.450618563774743208e+01
2.357099311915500195e+01
2.300952171720837569e+01
2.273547269297610640e+01
2.266257518234546708e+01
2.271927897968998877e+01
2.284569339347166661e+01
2.299635880509996610e+01
2.315212913662053396e+01
2.329132129119699002e+01
2.340960480122674525e+01
2.350610890522919050e+01
2.358193887409224843e+01
3.011541713953930710e+01
3.068204373325471934e+01
3.149939313632060234e+01
3.264246217214061829e+01
3.416816796997708394e+01
3.606796594903021713e+01
3.823021215896234537e+01
4.042178246499209138e+01
4.230234628580524259e+01
4.351077440048288736e+01
4.376020052953418826e+01
4.291911926489068208e+01
4.104387882204876092e+01
3.837136640521709552e+01
3.522393808232599355e+01
3.195438912661383668e+01
2.885487149559931197e+01
2.614206691082845069e+01
2.393631911427480574e+01
2.226762603097079207e+01
2.110114907562336128e+01
2.035866594022503406e+01
1.994515577550855312e+01
1.976421325722460764e+01
1.973383926361094254e+01
1.979257576639675875e+01
1.989169143382753902e+01
2.000177216325994323e+01
2.010677900950772568e+01
2.019607682124828685e+01
2.027104812130463074e+01
2.032821670320200980e+01
3.073835320936743187e+01
3.143360073648733888e+01
3.240754044743207629e+01
3.373251818453887552e+01
3.545661917352645531e+01
3.755534718487731993e+01
3.989684515094909756e+01
4.221885962658868863e+01
4.415614520105009433e+01
4.532229832948176096e+01
4.541201348185736464e+01
4.429420926207783538e+01
4.204538163627830016e+01
3.892548191580850414e+01
3.530369499933956945e+01
3.156460875435237057e+01
2.803999282374567770e+01
2.496149546677501263e+01
2.245841009861737092e+01
2.055809908801236219e+01
1.921814078359211919e+01
1.834774537540027239e+01
1.784000648033174485e+01
1.759250640725100112e+01
1.751132421656085469e+01
1.753138596353224798e+01
1.760000876739096398e+01
1.768764391579255957e+01
1.777255413298154352e+01
1.784803229270057656e+01
1.790975453836908571e+01
1.795613497123717650e+01
3.162463380026126814e+01
3.244495030487192366e+01
3.356166498073602611e+01
3.504766039128363531e+01
3.694100063175677917e+01
3.920237996793533597e+01
4.168386749192561069e+01
4.409134915374479391e+01
4.604806701250203815e+01
4.714121028812037650e+01
4.706097926492972761e+01
4.567348480757834039e+01
4.307555721009759964e+01
3.955508431197532815e+01
3.551212385202189381e+01
3.137614012059485091e+01
2.749713985313734099e+01
2.412531120851485511e+01
2.139420739702320873e+01
1.932925262094107310e+01
1.787689484693352782e+01
1.693400448384509716e+01
1.638353587181922677e+01
1.610871021899473021e+01
1.601359194868995317e+01
1.602304685534731377e+01
1.608618400854082608e+01
1.616862637917144596e+01
1.625002505731513125e+01
1.632168689034953601e+01
1.638006636698426277e+01
1.642459623997357454e+01
3.273074552197736153e+01
3.365572097813350894e+01
3.489216056794987963e+01
3.650844149386568915e+01
3.853187833155423903e+01
4.090794483094885692e+01
4.347201256391116431e+01
4.591938228064123706e+01
4.785046226561651395e+01
4.885006568032619612e+01
4.858996531307667510e+01
4.695166218173338990e+01
4.404229751877440435e+01
4.016846229748420427e+01
3.577841488705800543e+01
3.131323760911797294e+01
2.715533743219573992e+01
2.356373561021679564e+01
2.067704098396280088e+01
1.851305324574398981e+01
1.700636507696789224e+01
1.604267627003436658e+01
1.549137785637051046e+01
1.522710655707832572e+01
1.514812631890774419e+01
1.517212670023017473e+01
1.524898125537892035e+01
1.534034975842929605e+01
1.543017959053474009e+01
1.550822193901202262e+01
1.557075495335105408e+01
1.561812299369183066e+01
3.396484439890152629e+01
3.497535139265873738e+01
3.630525276397475665e+01
3.801380387056753563e+01
4.011959347395907827e+01
4.255814679271676937e+01
4.514955233787453182e+01
4.758297949913459490e+01
4.945257391342432385e+01
5.033269511494443549e+01
4.990586960490537649e+01
4.803986860576991802e+01
4.486925562096298137e+01
4.071757373325603169e+01
3.604983915555541785e+01
3.133314709145130550e+01
2.696898777711887618e+01
2.323101598134190127e+01
2.025258029253503622e+01
1.804465891157977708e+01
1.653240800333550453e+01
1.558772870008931477e+01
1.507118619766097112e+01
1.484565757244321382e+01
1.480327095780063118e+01
1.486182111977083409e+01
1.496476060158541799e+01
1.507891756363433622e+01
1.518528776942033076e+01
1.527524004196375351e+01
1.534802313322397360e+01
1.540178782934429691e+01
3.522737870511939917e+01
3.630403388242027063e+01
3.769915005564337918e+01
3.946281337882484053e+01
4.160385086516874509e+01
4.405089612386550613e+01
4.661844303735045258e+01
4.899098378464361758e+01
5.076708930506885764e+01
5.152316090096275047e+01
5.093993898445389590e+01
4.888931360257222991e+01
4.551738668061783244e+01
4.115146238345457874e+01
3.628504504147984733e+01
3.139194040630701821e+01
2.689848928357331559e+01
2.307923415667290357e+01
2.005967949033317765e+01
1.785630023396919341e+01
1.637695460585421969e+01
1.548389229514722665e+01
1.502289390097918442e+01
1.485546854930475824e+01
1.486596687541445050e+01
1.496675722329048241e+01
1.510525864157248321e+01
1.524920823126250369e+01
1.537539536609309287e+01
1.548124288031500306e+01
1.556573327591357625e+01
1.562864644328837471e+01
3.643100658776978662e+01
3.755409035707842946e+01
3.898494779054166059e+01
4.076941345369433378e+01
4.290482916279599124e+01
4.530954860849424648e+01
4.780133633379436731e+01
5.007581332578934052e+01
5.173109875794003187e+01
5.235825288865000715e+01
5.163898370242560532e+01
4.945920165533505752e+01
4.594646653988987595e+01
4.144537414977462930e+01
3.645427601793838335e+01
3.146756035217530112e+01
2.690622963839657089e+01
2.305264493303620910e+01
2.004385875007251983e+01
1.787643168018271567e+01
1.645361889369861785e+01
1.562938339122973730e+01
1.524044879659634688e+01
1.513934311858387893e+01
1.520913398244928239e+01
1.536048010640089245e+01
1.553947444671865519e+01
1.571178229391025916e+01
1.586320665031992050e+01
1.598572643878305755e+01
1.608234521733382394e+01
1.615508132759974558e+01
3.751297923746378160e+01
3.865978475416044091e+01
4.010395340226866523e+01
4.187350838894528238e+01
4.396136575004583591e+01
4.628219897736104116e+01
4.866052452043184218e+01
5.079942747445846862e+01
5.232092730025804173e+01
5.281940132488613671e+01
5.199349159687476885e+01
4.972113870097339117e+01
4.613369950316095469e+01
4.157334662607338771e+01
3.653033337739362452e+01
3.151039074143193375e+01
2.693728017173511802e+01
2.310172398248299075e+01
2.013105527387148541e+01
1.802402661878638312e+01
1.667795211406432898e+01
1.593191018619744348e+01
1.562052093885036719e+01
1.558934836004192270e+01
1.571913055038295504e+01
1.592229182250722808e+01
1.613882293007578284e+01
1.634281295146855228e+01
1.651650262770256106e+01
1.665833553175898274e+01
1.676627612602699102e+01
1.684836270011265213e+01
