210.45  -17.45   7.210   0.000     -0.415  -0.500    5.100   0.000
210.45  -17.45   7.670   0.152     -2.109  -4.100    5.100   0.000
210.45  -17.45   7.780   0.321     -2.708  -5.600    5.100   0.000
210.45  -17.45   8.580   5.063     -7.324  -18.800    5.100   0.000
210.45  -17.45   8.790   1.197     -8.920  -14.500    5.100   0.000
210.45  -17.45   9.330   3.787     -12.875  -22.800    5.100   0.000
210.45  -17.45   9.600   3.871     -15.066  -25.100    5.100   0.000
210.45  -17.45   9.880   3.698     -17.801  -27.800    5.200   0.000
210.45  -17.45   9.980   4.742     -18.777  -30.100    5.200   0.000
210.45  -17.45  10.180   9.181     -20.744  -36.500    5.200   0.000
210.45  -17.45  10.290   5.847     -21.827  -34.400    5.200   0.000
210.45  -17.45  10.310   5.757     -22.023  -34.500    5.200   0.000
210.45  -17.45  10.640  10.602     -25.368  -42.300    5.200   0.000
210.45  -17.45  11.090   5.371     -31.249  -43.300    5.200   0.000
210.45  -17.45  11.350   7.268     -37.281  -51.300    5.200   0.000
210.45  -17.45  11.560   9.306     -41.437  -57.300    5.200   0.000
210.45  -17.45  12.000   0.365     -46.395  -52.500   10.100   0.000
210.45  -17.45  12.770   0.382     -54.161  -60.400   10.100   0.000
210.45  -17.45  12.780   0.442     -54.289  -61.000   10.100   0.000
210.45  -17.45  12.940   0.261     -56.338  -61.500   10.100   0.000
210.45  -17.45  12.950   1.967     -56.466  -63.900    5.300   0.000
210.45  -17.45  12.980   0.371     -56.850  -63.000   10.100   0.000
210.45  -17.45  13.140   0.326     -58.334  -64.100   10.100   0.000
210.45  -17.45  13.600   0.168     -62.960  -67.100   10.100   0.000
210.45  -17.45  13.840   0.440     -66.484  -70.000    5.300   0.000
210.45  -17.45  14.300   0.088     -84.776  -83.200    5.300   0.000
210.45  -17.45  14.350   4.439     -87.433  -98.600    5.300   0.000
210.45  -17.45  14.520   0.018     -95.585  -94.200   10.200   0.000
210.45  -17.45  14.640   0.444     -96.669  -100.200    5.300   0.000
210.45  -17.45  14.990   0.004     -99.833  -99.200   10.200   0.000
210.45  -17.45  15.150   0.012     -101.083  -102.200   10.200   0.000
210.45  -17.45  15.180   0.031     -101.315  -103.100   10.200   0.000
210.45  -17.45  15.510   0.025     -103.885  -105.500   10.200   0.000
210.45  -17.45  16.020   0.384     -108.654  -112.000    5.400   0.000
202.52  1.98   0.090   1.040      0.002  -0.100    0.100   0.000
202.52  1.98   0.090   1.040      0.002  -0.100    0.100   0.000
202.52  1.98   0.119   1.053      0.003  -0.100    0.100   0.000
202.52  1.98   0.184   1.083      0.004  -0.100    0.100   0.000
202.52  1.98   0.591   0.020      0.014   0.000    0.100   0.000
202.52  1.98   0.607   1.311      0.015  -0.100    0.100   0.000
202.52  1.98   0.610   0.021      0.015   0.000    0.100   0.000
202.52  1.98   0.614   0.022      0.015   0.000    0.100   0.000
202.52  1.98   0.644   0.025      0.016   0.000    0.100   0.000
202.52  1.98   0.675   0.028      0.017   0.000    0.100   0.000
202.52  1.98   0.723   0.033      0.018   0.000    0.100   0.000
202.52  1.98   0.749   1.417      0.019  -0.100    0.100   0.000
202.52  1.98   1.059   0.088      0.030   0.000    0.100   0.000
202.52  1.98   1.123   0.456      0.032   0.100    0.100   0.000
202.52  1.98   1.280   1.942      0.039  -0.100    0.100   0.000
202.52  1.98   1.408  11.900      0.045  -0.300    0.100   0.000
202.52  1.98   1.432   0.212      0.046   0.000    0.100   0.000
202.52  1.98   1.467   2.324      0.048   0.200    0.100   0.000
202.52  1.98   1.477   0.271      0.048   0.100    0.100   0.000
202.52  1.98   1.490   0.236      0.049   0.000    0.100   0.000
202.52  1.98   1.496   0.238      0.049   0.000    0.100   0.000
202.52  1.98   1.540   0.212      0.054   0.100    0.100   0.000
202.52  1.98   1.565   0.185      0.057   0.100    0.100   0.000
202.52  1.98   1.571   2.023      0.058   0.200    0.100   0.000
202.52  1.98   1.583   0.351      0.059   0.000    0.100   0.000
202.52  1.98   1.599   0.375      0.061   0.000    0.100   0.000
202.52  1.98   1.599   0.150      0.061   0.100    0.100   0.000
202.52  1.98   1.628   7.013      0.065  -0.200    0.100   0.000
202.52  1.98   1.644   0.446      0.067   0.000    0.100   0.000
202.52  1.98   1.668   0.487      0.070   0.000    0.100   0.000
202.52  1.98   1.717   1.542      0.076   0.200    0.100   0.000
202.52  1.98   1.727   0.594      0.077   0.000    0.100   0.000
202.52  1.98   1.734   0.049      0.078   0.100    0.100   0.000
202.52  1.98   1.740   0.046      0.079   0.100    0.100   0.000
202.52  1.98   1.773   0.685      0.083   0.000    0.100   0.000
202.52  1.98   1.775   3.348      0.083  -0.100    0.100   0.000
202.52  1.98   1.778   3.362      0.083  -0.100    0.100   0.000
202.52  1.98   1.815   1.256      0.088   0.200    0.100   0.000
202.52  1.98   1.832   8.412      0.090  -0.200    0.100   0.000
202.52  1.98   1.836   0.819      0.091   0.000    0.100   0.000
202.52  1.98   1.841   3.653      0.091  -0.100    0.100   0.000
202.52  1.98   1.856   0.865      0.093   0.000    0.100   0.000
202.52  1.98   1.868   0.893      0.094   0.000    0.100   0.000
202.52  1.98   1.880   0.921      0.096   0.000    0.100   0.000
202.52  1.98   1.880   0.002      0.096   0.100    0.100   0.000
202.52  1.98   1.896   0.959      0.098   0.000    0.100   0.000
202.52  1.98   1.898   3.928      0.098  -0.100    0.100   0.000
202.52  1.98   1.919   1.016      0.101   0.000    0.100   0.000
202.52  1.98   1.923   1.026      0.101   0.000    0.100   0.000
202.52  1.98   1.945   0.002      0.104   0.100    0.100   0.000
202.52  1.98   1.951   4.192      0.105  -0.100    0.100   0.000
202.52  1.98   2.004   0.014      0.112   0.100    0.100   0.000
202.52  1.98   2.190   2.449      0.156   0.000    0.100   0.000
202.52  1.98   2.223   2.704      0.164   0.000    0.100   0.000
202.52  1.98   2.351   8.716      0.195  -0.100    0.100   0.000
202.52  1.98   2.486   5.185      0.228   0.000    0.100   0.000
202.52  1.98   2.507   5.357      0.231   0.000    0.100   0.000
202.52  1.98   2.531  11.072      0.233  -0.100    0.100   0.000
202.52  1.98   2.612  11.365      0.237  -0.100    0.100   0.000
202.52  1.98   2.624   1.898      0.238   0.100    0.100   0.000
202.52  1.98   2.734  11.813      0.244  -0.100    0.100   0.000
202.52  1.98   2.749  11.868      0.245  -0.100    0.100   0.000
202.52  1.98   2.749   2.088      0.245   0.100    0.100   0.000
202.52  1.98   2.794  12.036      0.247  -0.100    0.100   0.000
202.52  1.98   2.803   2.173      0.247   0.100    0.100   0.000
202.52  1.98   2.810  12.096      0.248  -0.100    0.100   0.000
202.52  1.98   2.813  12.107      0.248  -0.100    0.100   0.000
202.52  1.98   2.825   2.208      0.249   0.100    0.100   0.000
202.52  1.98   2.837  12.198      0.249  -0.100    0.100   0.000
202.52  1.98   2.936  20.665      0.255  -0.200    0.100   0.000
202.52  1.98   2.985   6.617      0.257   0.000    0.100   0.000
202.52  1.98   3.000  20.980      0.258  -0.200    0.100   0.000
202.52  1.98   3.204  16.168      0.302  -0.100    0.100   0.000
202.52  1.98   3.220   9.336      0.306   0.000    0.100   0.000
202.52  1.98   3.329  10.830      0.329   0.000    0.100   0.000
202.52  1.98   3.550   3.218      0.379   0.200    0.100   0.000
202.52  1.98   3.550  14.394      0.379   0.000    0.100   0.000
202.52  1.98   3.582  23.809      0.388  -0.100    0.100   0.000
202.52  1.98   3.632   9.079      0.401   0.100    0.100   0.000
202.52  1.98   3.685  26.573      0.415  -0.100    0.100   0.000
202.52  1.98   3.704  27.100      0.421  -0.100    0.100   0.000
202.52  1.98   3.797   2.115      0.445   0.300    0.100   0.000
202.52  1.98   3.816  42.318      0.451  -0.200    0.100   0.000
202.52  1.98   3.865  13.222      0.464   0.100    0.100   0.000
202.52  1.98   3.878  32.160      0.467  -0.100    0.100   0.000
202.52  1.98   3.908  45.579      0.475  -0.200    0.100   0.000
202.52  1.98   3.925  14.415      0.480   0.100    0.100   0.000
202.52  1.98   3.932  14.557      0.482   0.100    0.100   0.000
202.52  1.98   4.131  49.245      0.502  -0.200    0.100   0.000
202.52  1.98   4.138   9.112      0.502   0.200    0.100   0.000
202.52  1.98   4.175  49.341      0.502  -0.200    0.100   0.000
202.52  1.98   4.210  36.358      0.503  -0.100    0.100   0.000
202.52  1.98   4.217  36.371      0.503  -0.100    0.100   0.000
202.52  1.98   4.243  36.419      0.503  -0.100    0.100   0.000
202.52  1.98   4.277  16.322      0.504   0.100    0.100   0.000
202.52  1.98   4.303  25.443      0.504   0.000    0.100   0.000
202.52  1.98   4.389  36.692      0.506  -0.100    0.100   0.000
202.52  1.98   4.426  36.762      0.506  -0.100    0.100   0.000
202.52  1.98   4.467  36.839      0.507  -0.100    0.100   0.000
202.52  1.98   4.614  28.493      0.534   0.000    0.100   0.000
202.52  1.98   4.676  30.041      0.548   0.000    0.100   0.000
202.52  1.98   4.682  42.183      0.549  -0.100    0.100   0.000
202.52  1.98   4.703  20.642      0.554   0.100    0.100   0.000
202.52  1.98   4.712  30.959      0.556   0.000    0.100   0.000
202.52  1.98   4.776  13.778      0.571   0.200    0.100   0.000
202.52  1.98   5.137  21.680      0.666   0.200    0.100   0.000
202.52  1.98   5.160  45.265      0.673   0.000    0.100   0.000
202.52  1.98   5.255  49.338      0.702   0.000    0.100   0.000
172.67  -43.50   0.639   0.724      0.351  -0.500    1.000   0.000
172.67  -43.50   4.232  11.786      2.933  -0.500    1.000   0.000
172.67  -43.50   6.636   3.290      4.528   0.900    2.000   0.000
172.67  -43.50   7.027   4.500      4.255  -0.200    2.100   0.000
172.67  -43.50   7.462  12.664      3.597  -5.300    2.500   0.000
172.67  -43.50   7.619   7.339      3.098  -5.300    3.100   0.000
172.67  -43.50   8.240  12.857      0.740  -9.300    2.800   0.000
172.67  -43.50   8.261  18.237      0.657  -11.300    2.800   0.000
172.67  -43.50   8.364  16.928      0.252  -8.800    2.200   0.000
172.67  -43.50   8.385  12.172      0.169  -9.600    2.800   0.000
172.67  -43.50   8.572  40.855     -0.699  -15.400    2.300   0.000
172.67  -43.50   8.729  33.420     -1.604  -14.900    2.300   0.000
172.67  -43.50   8.855  43.727     -2.330  -18.200    2.400   0.000
172.67  -43.50   8.950  19.133     -2.877  -12.500    2.200   0.000
172.67  -43.50   9.111  28.518     -3.751  -15.500    2.200   0.000
172.67  -43.50   9.219  98.895     -4.322  -26.200    2.200   0.000
172.67  -43.50   9.362  39.053     -5.077  -23.200    2.900   0.000
172.67  -43.50   9.495  81.166     -5.780  -25.600    2.200   0.000
172.67  -43.50  10.259  25.572     -11.558  -24.200    2.500   0.000
172.67  -43.50  10.538  31.372     -13.698  -24.900    2.000   0.000
172.67  -43.50  10.695  33.589     -14.970  -28.300    2.300   0.000
172.67  -43.50  11.151   5.886     -20.198  -31.600    4.700   0.000
150.18  -35.70   2.390  12.397      0.744   1.800    0.300   0.000
150.18  -35.70   2.506  11.248      0.794   1.800    0.300   0.000
150.18  -35.70   2.540   2.726      0.805   1.300    0.300   0.000
150.18  -35.70   2.840   8.994      0.900   1.800    0.300   0.000
150.18  -35.70   2.852   8.917      0.904   1.800    0.300   0.000
150.18  -35.70   3.610   0.530      1.218   1.000    0.300   0.000
133.65  -32.11   1.255   3.491      0.547  -0.200    0.400   0.000
133.65  -32.11   1.306   0.184      0.572   0.400    0.400   0.000
133.65  -32.11   3.004   8.114      1.539   0.400    0.400   0.000
133.65  -32.11   3.491  13.544      1.872   0.400    0.400   0.000
133.65  -32.11   3.606  15.170      1.958   0.400    0.400   0.000
133.65  -32.11   5.177  65.551      3.039  -0.200    0.400   0.000
133.65  -32.11   5.502  81.254      3.306  -0.300    0.400   0.000
133.65  -32.11   6.131  123.406      3.844  -0.600    0.400   0.000
133.65  -32.11   6.930  116.707      3.721  -0.600    0.400   0.000
135.94  -34.70   2.056   8.217      1.047  -0.100    0.400   0.000
135.94  -34.70   2.177   0.326      1.128   0.900    0.400   0.000
135.94  -34.70   2.424   0.975      1.295   0.900    0.400   0.000
135.94  -34.70   2.473   3.314      1.328   0.600    0.400   0.000
135.94  -34.70   2.624   6.450      1.416   0.400    0.400   0.000
135.94  -34.70   2.801   7.771      1.515   0.400    0.400   0.000
135.94  -34.70   2.928  13.805      1.586   0.100    0.400   0.000
135.94  -34.70   3.017   9.583      1.638   0.400    0.400   0.000
135.94  -34.70   3.081   2.909      1.682   1.000    0.400   0.000
135.94  -34.70   3.260  14.164      1.805   0.300    0.400   0.000
135.94  -34.70   3.452   1.806      1.937   1.400    0.400   0.000
135.94  -34.70   3.862  14.819      2.240   0.700    0.400   0.000
135.94  -34.70   4.015  37.524      2.350  -0.100    0.400   0.000
135.94  -34.70   4.092  24.756      2.390   0.400    0.400   0.000
135.94  -34.70   4.396   8.237      2.548   1.400    0.400   0.000
135.94  -34.70   4.584  21.628      2.660   0.800    0.400   0.000
135.94  -34.70   5.213  36.342      3.111   0.700    0.400   0.000
135.94  -34.70   5.442  52.064      3.286   0.400    0.400   0.000
136.93  -33.73   1.996   0.516      1.169   1.600    0.600   0.000
136.93  -33.73   3.491   0.453      2.343   1.400    1.400   0.000
136.93  -33.73   3.939   1.226      2.764   2.100    0.600   0.000
136.93  -33.73   4.659  16.721      3.353   0.900    0.600   0.000
136.93  -33.73   5.994  36.719      4.836   1.200    0.600   0.000
136.93  -33.73   6.481  61.633      5.210   0.500    0.600   0.000
137.87  -32.69   1.245   0.110      0.501   0.700    0.600   0.000
137.87  -32.69   1.336   0.069      0.542   0.700    0.600   0.000
137.87  -32.69   1.386   0.051      0.564   0.700    0.600   0.000
137.87  -32.69   1.537   0.109      0.636   0.900    0.800   0.000
137.87  -32.69   1.640   0.001      0.691   0.700    0.300   0.000
137.87  -32.69   1.672  16.317      0.708  -0.100    0.200   0.000
137.87  -32.69   2.202  10.442      1.016  -0.600    0.500   0.000
137.87  -32.69   2.226   1.221      1.032   0.700    0.300   0.000
137.87  -32.69   2.699   0.098      1.325   1.200    0.400   0.000
137.87  -32.69   2.788   0.049      1.376   1.200    0.800   0.000
137.87  -32.69   3.503  17.691      1.862   0.600    0.300   0.000
137.87  -32.69   4.015  31.070      2.272   0.600    0.300   0.000
137.87  -32.69   5.936   4.381      3.965   2.500    0.700   0.000
137.87  -32.69   5.959  35.650      3.991   2.200    0.300   0.000
137.87  -32.69   6.525  16.877      4.354   2.300    0.500   0.000
137.87  -32.69   8.447  35.847      0.590  -4.200    0.800   0.000
138.01  -33.16   0.430   0.065      0.178   0.000    0.700   0.000
138.01  -33.16   0.484   4.001      0.200  -0.400    0.300   0.000
138.01  -33.16   0.923  25.318      0.406  -0.600    0.200   0.000
138.01  -33.16   1.066   4.493      0.476   0.900    0.200   0.000
138.01  -33.16   1.075   0.816      0.481   0.300    0.200   0.000
138.01  -33.16   1.215   0.215      0.551   1.200    1.400   0.000
138.01  -33.16   1.512  18.859      0.703  -0.600    0.300   0.000
138.01  -33.16   1.608  13.706      0.760   1.500    0.200   0.000
138.01  -33.16   1.704   3.680      0.816   1.200    0.200   0.000
138.01  -33.16   1.821  25.731      0.885   1.900    0.200   0.000
138.01  -33.16   2.080   0.549      1.048   0.900    0.200   0.000
138.01  -33.16   2.208   0.092      1.139   1.200    0.200   0.000
138.01  -33.16   2.318   0.345      1.217   1.100    0.200   0.000
138.01  -33.16   2.349   0.487      1.240   1.100    0.200   0.000
138.01  -33.16   2.731  11.989      1.493   0.800    0.200   0.000
138.01  -33.16   3.061   6.500      1.710   1.200    0.200   0.000
138.01  -33.16   3.273  97.647      1.876  -0.100    0.200   0.000
138.01  -33.16   3.548  24.816      2.096   1.100    0.200   0.000
138.01  -33.16   3.638   8.256      2.175   1.600    0.200   0.000
138.01  -33.16   3.913  25.712      2.414   1.400    0.200   0.000
138.01  -33.16   4.270  40.783      2.677   1.400    0.200   0.000
138.01  -33.16   4.377  45.662      2.751   1.400    0.200   0.000
138.01  -33.16   4.478  92.308      2.822   0.900    0.200   0.000
138.01  -33.16   4.572  64.098      2.901   1.300    0.200   0.000
138.01  -33.16   5.370  28.255      3.663   2.600    0.200   0.000
138.01  -33.16   5.472  53.845      3.768   2.300    0.200   0.000
138.01  -33.16   6.177  214.317      4.528   1.600    0.200   0.000
138.01  -33.16   6.430  326.291      4.713   1.100    0.200   0.000
138.01  -33.16   6.641  171.319      4.718   2.100    0.200   0.000
138.01  -33.16   6.984  156.970      4.606   2.100    0.200   0.000
138.01  -33.16   7.561  204.330      3.888  -0.400    0.300   0.000
138.09  -34.13   1.135   4.344      0.642  -0.400    0.500   0.000
138.09  -34.13   1.185   1.110      0.673   1.200    0.500   0.000
138.09  -34.13   1.972  10.286      1.204  -0.400    0.500   0.000
138.09  -34.13   2.449   3.202      1.595   0.700    0.500   0.000
138.09  -34.13   2.966   6.588      1.983   0.700    0.500   0.000
138.09  -34.13   3.145  18.304      2.139   0.000    0.500   0.000
138.09  -34.13   3.414   6.567      2.381   1.100    0.500   0.000
138.09  -34.13   3.606   6.387      2.564   1.300    0.500   0.000
138.09  -34.13   3.709   3.729      2.665   1.700    0.500   0.000
138.09  -34.13   3.862  29.524      2.817   0.100    0.500   0.000
138.09  -34.13   7.951  178.529      3.581  -3.100    0.500   0.000
138.46  -34.64   0.825   1.571      0.473   1.100    0.500   0.000
138.46  -34.64   2.288  11.656      1.507  -0.200    0.500   0.000
138.46  -34.64   4.796  39.213      3.731   0.600    0.500   0.000
138.46  -34.64   7.091  63.342      5.379   1.400    0.500   0.000
138.46  -34.64   7.409  996.518      5.114  -1.200    0.200   0.000
138.46  -34.64   7.556  94.439      4.859   0.000    0.500   0.000
137.88  -33.43   1.456   2.081      0.733   0.300    0.300   0.000
137.88  -33.43   1.772   0.182      0.929   1.100    0.400   0.000
137.88  -33.43   2.008   0.303      1.080   1.300    0.400   0.000
137.88  -33.43   2.104   0.137      1.152   1.300    0.400   0.000
137.88  -33.43   2.473   0.020      1.429   1.500    0.500   0.000
137.88  -33.43   3.004   3.158      1.788   0.900    0.500   0.000
137.88  -33.43   3.273   3.429      2.011   0.900    0.600   0.000
137.88  -33.43   3.465   0.902      2.170   1.600    0.600   0.000
137.88  -33.43   4.054   3.429      2.696   1.400    0.700   0.000
137.88  -33.43   4.219   1.968      2.818   3.800    0.700   0.000
137.88  -33.43   4.497   0.009      3.023   3.100    0.800   0.000
137.88  -33.43   4.821   0.350      3.327   3.800    0.800   0.000
137.80  -32.70   1.772   1.363      0.767   0.300    0.400   0.000
137.80  -32.70   2.436   1.334      1.177   0.600    0.500   0.000
137.80  -32.70   4.345   0.754      2.495   1.800    0.800   0.000
137.80  -32.70   4.672   9.276      2.737   0.300    0.800   0.000
137.80  -32.70   4.957   7.561      2.975   0.500    0.900   0.000
137.80  -32.70   5.104   6.032      3.110   0.900    0.900   0.000
137.86  -33.33   0.369   1.405      0.163   0.400    0.200   0.000
137.86  -33.33   1.215   2.937      0.586   1.100    0.300   0.000
137.86  -33.33   1.588   0.477      0.793   1.000    0.300   0.000
137.86  -33.33   1.872   0.333      0.969   1.200    0.400   0.000
137.86  -33.33   2.263   0.154      1.243   1.400    0.400   0.000
137.86  -33.33   2.712   3.551      1.558   2.500    0.500   0.000
137.86  -33.33   3.952   3.251      2.562   1.300    0.700   0.000
137.86  -33.33   4.534   3.058      2.999   1.600    0.800   0.000
137.86  -33.33   5.561   2.902      4.033   2.500    0.900   0.000
113.83  -28.68   1.058   0.019      0.209   0.500    2.100   0.000
113.83  -28.68   2.335   0.003      0.578   0.700    2.100   0.000
113.83  -28.68   3.226   0.005      0.848   0.700    2.100   0.000
113.83  -28.68   3.831   0.018      1.083   0.800    2.100   0.000
113.83  -28.68   3.867   0.002      1.097   1.000    2.100   0.000
113.83  -28.68   5.825   0.010      1.714   1.500    2.100   0.000
113.83  -28.68   6.323   0.226      1.751   0.800    2.000   0.000
113.83  -28.68   6.832   0.025      1.267   1.600    2.100   0.000
113.83  -28.68   6.919   0.015      1.146   1.400    2.100   0.000
113.83  -28.68   6.309   9.642      1.753   0.200    0.500   0.000
113.83  -28.68   6.714  27.670      1.430  -1.200    0.500   0.000
113.83  -28.68   7.099   9.677      0.811  -2.300    1.000   0.000
113.83  -28.68   7.842  11.224     -1.650  -5.000    1.000   0.000
113.83  -28.68   7.996  69.711     -2.351  -10.700    1.000   0.000
113.83  -28.68   8.119   2.349     -2.902  -7.500    3.000   0.000
113.83  -28.68   8.619   8.681     -5.361  -14.200    3.000   0.000
113.83  -28.68   8.990   9.796     -7.710  -17.100    3.000   0.000
113.83  -28.68   9.345  11.041     -9.832  -19.800    3.000   0.000
113.83  -28.68   9.610  15.875     -11.647  -23.600    3.000   0.000
113.83  -28.68   9.800  13.087     -13.185  -24.400    3.100   0.000
147.43  -18.63   7.740  31.006      2.768  -2.800    1.000   0.000
147.43  -18.63   7.970   8.286      1.957  -3.800    2.000   0.000
147.43  -18.63   8.170   8.532      1.342  -4.500    2.000   0.000
147.43  -18.63   8.400  11.741      0.653  -6.200    2.000   0.000
147.43  -18.63   8.710  16.149     -0.663  -8.700    2.000   0.000
147.43  -18.63   9.180  39.684     -2.901  -15.500    2.000   0.000
147.43  -18.63   9.610  31.674     -5.188  -27.700    4.000   0.000
147.43  -18.63  12.290   9.861     -31.139  -43.700    4.000   0.000
146.90  -19.20   1.922   0.152      1.141  -0.300    3.700   0.000
146.90  -19.20   2.640   0.079      1.696   0.600    3.900   0.000
146.90  -19.20   6.621   0.915      5.431   1.700    3.900   0.000
146.90  -19.20   7.175   0.833      5.169   1.700    3.800   0.000
146.90  -19.20   8.203   2.219      2.760  -2.900    3.800   0.000
146.90  -19.20   8.725   2.363      1.010  -5.600    4.300   0.000
146.90  -19.20   9.025   1.560     -0.305  -5.800    4.400   0.000
146.48  -18.60   2.541  18.571      1.493   0.200    0.300   0.000
146.48  -18.60   2.588  37.379      1.523   0.300    0.200   0.000
146.48  -18.60   3.168  25.795      1.924   0.400    0.300   0.000
146.48  -18.60   3.875  103.419      2.534   0.500    0.200   0.000
146.48  -18.60   3.177  66.511      1.931   0.300    0.200   0.000
146.48  -18.60   3.947  110.094      2.599   0.500    0.200   0.000
146.48  -18.60   4.812  79.272      3.271   0.600    0.300   0.000
146.48  -18.60   5.459  292.747      3.922   0.500    0.200   0.000
146.48  -18.60   5.601  113.262      4.093   0.900    0.300   0.000
146.48  -18.60   5.850  362.466      4.408   0.600    0.200   0.000
146.48  -18.60   5.889  334.348      4.457   0.800    0.200   0.000
146.48  -18.60   5.896  354.549      4.466   0.700    0.200   0.000
146.48  -18.60   5.994  304.478      4.590   1.100    0.200   0.000
146.48  -18.60   6.074  333.443      4.652   1.000    0.200   0.000
146.48  -18.60   6.086  353.617      4.661   0.900    0.200   0.000
146.48  -18.60   6.113  416.339      4.681   0.600    0.200   0.000
146.48  -18.60   6.147  343.357      4.706   1.000    0.200   0.000
146.48  -18.60   6.170  404.606      4.723   0.700    0.200   0.000
146.48  -18.60   6.222  299.524      4.761   1.300    0.200   0.000
146.48  -18.60   6.242  356.477      4.776   1.000    0.200   0.000
146.48  -18.60   6.305  404.540      4.823   0.800    0.200   0.000
146.48  -18.60   6.427  402.546      4.913   0.900    0.200   0.000
146.48  -18.60   6.476  409.837      4.949   0.900    0.200   0.000
146.48  -18.60   6.488  432.171      4.958   0.800    0.200   0.000
146.48  -18.60   6.538  431.074      4.952   0.800    0.200   0.000
146.48  -18.60   6.582  427.681      4.936   0.800    0.200   0.000
146.48  -18.60   6.625  466.580      4.920   0.600    0.200   0.000
146.16  -18.17   0.356   0.018      0.159   0.200    0.300   0.000
146.16  -18.17   3.193  16.320      1.812   0.600    0.300   0.000
146.16  -18.17   5.128  90.084      3.347   0.500    0.300   0.000
146.16  -18.17   5.412  95.131      3.626   0.700    0.300   0.000
146.16  -18.17   5.418  76.968      3.632   1.000    0.300   0.000
146.16  -18.17   5.973  126.665      4.276   0.900    0.300   0.000
146.16  -18.17   6.068  110.504      4.354   1.200    0.300   0.000
146.16  -18.17   6.703  117.136      4.547   1.300    0.300   0.000
146.87  -19.15   0.360   0.004      0.187   0.200    0.200   0.000
146.87  -19.15   3.260  27.376      2.170   0.600    0.300   0.000
146.87  -19.15   5.102  124.894      3.853   0.500    0.300   0.000
146.87  -19.15   5.268  147.462      4.043   0.400    0.300   0.000
146.87  -19.15   5.481  120.067      4.287   1.000    0.300   0.000
146.87  -19.15   5.498  144.540      4.307   0.700    0.300   0.000
146.87  -19.15   5.942  179.056      4.914   0.900    0.300   0.000
146.87  -19.15   6.034  207.613      5.023   0.700    0.300   0.000
146.87  -19.15   6.079  165.622      5.061   1.200    0.300   0.000
146.87  -19.15   6.103  253.999      5.081   0.300    0.300   0.000
146.87  -19.15   6.519  226.354      5.414   0.900    0.300   0.000
146.87  -19.15   6.663  184.806      5.378   1.300    0.300   0.000
147.62  -6.11   7.782   0.432     -0.651  -4.200    5.400   0.000
147.62  -6.11   8.163   0.799     -2.273  -7.100    5.400   0.000
147.62  -6.11   8.300   0.999     -2.904  -8.300    5.400   0.000
147.62  -6.11   8.465   2.327     -3.663  -11.900    5.400   0.000
147.62  -6.11   8.495   4.224     -3.802  -14.900    5.400   0.000
147.62  -6.11   8.516   1.482     -3.926  -10.500    5.400   0.000
147.62  -6.11   8.763   2.367     -5.492  -13.800    5.400   0.000
147.62  -6.11   9.132   4.786     -7.787  -19.600    5.400   0.000
147.62  -6.11   9.513   4.456     -10.101  -21.500    5.400   0.000
147.62  -6.11   9.561   5.887     -10.498  -23.600    5.400   0.000
147.62  -6.11   9.565   9.189     -10.531  -26.900    5.400   0.000
147.62  -6.11   9.843  10.586     -12.831  -30.400    5.400   0.000
147.62  -6.11   9.901   7.501     -13.311  -28.100    5.400   0.000
147.62  -6.11   9.950   8.762     -13.716  -29.700    5.400   0.000
147.62  -6.11  10.035  12.088     -14.426  -33.200    5.400   0.000
147.62  -6.11  10.199  22.452     -15.813  -41.400    5.400   0.000
147.62  -6.11  10.228   9.497     -16.058  -32.700    5.400   0.000
147.62  -6.11  10.325  13.609     -16.879  -36.800    5.400   0.000
147.62  -6.11  10.492  14.005     -18.292  -38.500    5.400   0.000
147.62  -6.11  10.504  17.523     -18.395  -41.000    5.400   0.000
147.62  -6.11  10.630  14.518     -19.525  -40.100    5.400   0.000
147.62  -6.11  10.776  20.360     -20.834  -45.200    5.400   0.000
147.62  -6.11  11.132  16.313     -25.590  -47.400    5.400   0.000
147.62  -6.11  11.406  10.719     -31.293  -49.300    5.500   0.000
147.62  -6.11  12.280   6.473     -39.806  -53.800    5.500   0.000
147.62  -6.11  12.628  11.945     -42.791  -61.800    5.500   0.000
147.62  -6.11  12.651   4.191     -43.041  -54.300    5.500   0.000
147.62  -6.11  12.998   9.549     -46.805  -63.800    5.500   0.000
147.62  -6.11  31.529  139.312     -111.611  -70.300    3.500   0.000
147.62  -6.11  31.997  41.484     -110.936  -76.800    5.300   0.000
147.62  -6.11  32.262  52.772     -110.554  -70.600    5.500   0.000
147.62  -6.11  32.600  125.000     -110.067  -68.700    3.700   0.000
147.62  -6.11  34.100  132.578     -107.906  -63.000    3.900   0.000
147.62  -6.11  34.800  328.467     -106.897  -63.400    2.400   0.000
108.65  4.36  14.350  192.702     -49.955  -91.600    3.000   0.000
108.65  4.36  14.350  228.465     -49.955  -95.300    3.000   0.000
108.65  4.36  14.720  146.741     -56.859  -93.200    3.000   0.000
108.65  4.36  14.730  163.766     -56.909  -95.300    3.000   0.000
108.65  4.36  14.750  162.070     -57.008  -95.200    3.000   0.000
108.65  4.36  14.760  159.957     -57.058  -95.000    3.000   0.000
108.65  4.36  15.290  125.176     -59.535  -93.100    3.000   0.000
103.77  1.21   6.750  200.103      6.858   1.200    0.400   0.000
103.77  1.21   6.910  193.039      6.958   1.400    0.400   0.000
103.77  1.21   7.030  241.030      7.010   0.800    0.400   0.000
103.77  1.21   7.045  225.631      7.008   1.000    0.400   0.000
103.77  1.21   8.256  157.072      5.439  -9.600    1.200   0.000
103.77  1.21   8.556  161.774      4.863  -10.400    1.200   0.000
103.87  1.31   6.106  93.770      6.073   2.200    0.400   0.000
103.87  1.31   6.410  58.688      6.563   1.200    0.700   0.000
103.87  1.31   6.456  60.319      6.637   1.200    0.700   0.000
103.87  1.31   6.705  129.616      6.831   0.000    0.600   0.000
103.87  1.31   6.820  351.586      6.900  -0.600    0.400   0.000
103.87  1.31   6.822  23.373      6.901   1.100    1.200   0.000
103.87  1.31   7.025  152.336      7.005  -0.400    0.600   0.000
103.87  1.31   7.043  297.832      7.003   0.100    0.400   0.000
103.87  1.31   7.092  219.866      6.997  -1.900    0.600   0.000
103.87  1.31   7.100  271.894      6.996   0.400    0.400   0.000
103.87  1.31   7.120  341.609      6.993  -0.400    0.400   0.000
103.87  1.31   7.175  287.802      6.986   0.200    0.400   0.000
103.87  1.31   7.275  249.262      6.973  -2.500    0.600   0.000
103.87  1.31   7.350  304.097      6.963  -3.500    0.600   0.000
103.87  1.31   7.401  582.785      6.956  -2.700    0.400   0.000
103.87  1.31   7.505  521.212      6.932  -2.200    0.400   0.000
103.87  1.31   7.520  637.282      6.898  -3.200    0.400   0.000
103.87  1.31   7.545  499.601      6.841  -2.100    0.400   0.000
103.87  1.31   7.595  498.020      6.727  -2.200    0.400   0.000
103.87  1.31   7.780  272.478      6.304  -3.600    0.600   0.000
103.87  1.31   7.840  658.841      6.167  -4.100    0.400   0.000
103.87  1.31   7.875  418.944      6.087  -2.100    0.400   0.000
103.87  1.31   7.880  223.793      6.076  -2.900    0.600   0.000
103.87  1.31   7.895  593.115      6.042  -3.700    0.400   0.000
103.87  1.31   7.975  524.287      5.859  -3.300    0.400   0.000
103.87  1.31   7.987  338.041      5.832  -5.200    0.600   0.000
103.87  1.31   8.000  191.446      5.802  -2.500    0.600   0.000
103.87  1.31   8.100  326.799      5.647  -5.200    0.600   0.000
103.87  1.31   8.155  595.500      5.561  -4.200    0.400   0.000
103.87  1.31   8.165  708.308      5.546  -5.100    0.400   0.000
103.87  1.31   8.170  315.715      5.538  -6.900    0.700   0.000
103.87  1.31   8.175  464.409      5.530  -7.400    0.600   0.000
103.87  1.31   8.185  453.111      5.515  -3.000    0.400   0.000
103.87  1.31   8.225  327.154      5.452  -5.400    0.600   0.000
103.87  1.31   8.230  522.657      5.445  -3.700    0.400   0.000
103.87  1.31   8.300  300.575      5.336  -6.800    0.700   0.000
103.87  1.31   8.410  310.063      5.165  -5.400    0.600   0.000
103.87  1.31   8.450  427.321      5.103  -7.300    0.600   0.000
103.87  1.31   8.465  482.516      5.080  -8.100    0.600   0.000
103.87  1.31   8.470  1168.270      5.072  -8.600    0.400   0.000
103.87  1.31   8.505  284.475      5.006  -6.800    0.700   0.000
103.87  1.31   8.560  1121.966      4.798  -8.600    0.400   0.000
103.87  1.31   8.610  448.667      4.609  -8.100    0.600   0.000
103.87  1.31   8.795  329.621      3.909  -8.800    0.700   0.000
103.87  1.31   8.795  329.621      3.909  -8.800    0.700   0.000
98.41  7.75   2.224   0.711      0.878   1.300    0.500   0.000
98.41  7.75   2.483   0.962      1.010   1.500    0.500   0.000
98.41  7.75   3.468   0.031      1.512   1.600    0.500   0.000
98.41  7.75   3.582   0.028      1.583   1.500    0.500   0.000
98.41  7.75   4.667   0.591      2.184   1.800    0.500   0.000
98.41  7.75   4.674   0.606      2.189   1.800    0.500   0.000
98.41  7.75   4.714   0.691      2.216   1.800    0.500   0.000
98.41  7.75   5.559   4.333      2.841   1.800    0.500   0.000
98.41  7.75   6.052   7.753      3.292   1.900    0.500   0.000
98.41  7.75   6.673   7.059      3.328   2.000    0.500   0.000
98.41  7.75   6.785   6.202      3.245   2.000    0.500   0.000
108.85  11.33   2.057   9.790      0.823   2.700    0.600   0.000
108.85  11.33   2.075   2.105      0.829   1.700    0.600   0.000
108.85  11.33   3.555   0.484      1.617   1.200    0.600   0.000
108.85  11.33   3.915   0.966      1.890   1.300    0.600   0.000
108.85  11.33   4.110   0.132      2.018   1.800    0.600   0.000
108.85  11.33   5.677   1.939      3.257   2.700    0.400   0.000
108.85  11.33   5.711   2.218      3.293   2.400    0.600   0.000
108.85  11.33   5.948   1.164      3.547   2.900    0.600   0.000
108.85  11.33   6.032   0.205      3.617   3.300    0.700   0.000
108.85  11.33   6.237  10.103      3.707   1.800    0.600   0.000
108.85  11.33   6.409  86.028      3.783   1.000    0.300   0.000
108.85  11.33   7.070   4.498      3.373   2.100    0.600   0.000
117.85  24.40   1.821   0.896      1.341   0.300    1.100   0.000
117.85  24.40   1.936   0.239      1.440   1.000    0.900   0.000
117.85  24.40   2.349   0.261      1.838   2.400    1.100   0.000
117.85  24.40   3.369   0.650      2.851   1.400    1.800   0.000
117.85  24.40   3.624   0.832      3.142   1.500    1.800   0.000
117.85  24.40   4.147   1.721      3.743   2.300    1.100   0.000
117.85  24.40   4.851   5.753      4.599   2.200    1.000   0.000
109.45  18.28   2.461   2.133      0.960  -0.500    1.000   0.000
109.45  18.28   3.701   1.096      1.524   1.000    0.500   0.000
109.45  18.28   4.198   0.565      1.751   1.000    1.000   0.000
109.45  18.28   4.264   0.223      1.773   1.300    1.000   0.000
109.45  18.28   4.527   0.745      1.863   1.000    1.000   0.000
109.45  18.28   4.652   5.427      1.930  -0.400    1.000   0.000
109.45  18.28   4.948   1.182      2.087   1.000    1.000   0.000
109.45  18.28   5.430   8.344      2.389  -0.500    1.000   0.000
109.45  18.28   5.707   5.304      2.603   0.300    1.000   0.000
109.45  18.28   5.761   8.687      2.647  -0.300    1.000   0.000
109.45  18.28   5.952   7.862      2.804   0.000    1.000   0.000
109.45  18.28   6.272  10.806      2.887  -0.400    1.000   0.000
109.45  18.28   6.497   4.618      2.924  -0.300    1.500   0.000
109.45  18.28   7.286   6.970      1.940  -0.700    1.000   0.000
109.45  18.28   8.113  12.698     -1.055  -6.400    1.500   0.000
109.50  18.23   1.289   0.814      0.451   0.000    0.500   0.000
109.50  18.23   2.879   0.642      1.101   0.300    1.000   0.000
109.50  18.23   3.955   0.397      1.630   1.000    1.000   0.000
109.50  18.23   4.121   2.862      1.692   0.000    1.000   0.000
109.50  18.23   4.279   3.028      1.740   0.000    1.000   0.000
109.50  18.23   4.505   2.594      1.811   0.200    1.000   0.000
72.98  4.30   0.445   0.208      0.016   0.700    1.500   0.000
72.98  4.30   1.470   0.394      0.042  -0.900    1.500   0.000
72.98  4.30   1.780   0.249      0.051   0.800    1.500   0.000
72.98  4.30   3.475   0.000      0.105   0.100    1.500   0.000
72.98  4.30   3.815   1.014      0.111  -1.400    1.500   0.000
72.98  4.30   4.115   3.440      0.082  -2.700    1.500   0.000
72.98  4.30   4.595   0.050     -0.037   0.300    1.500   0.000
72.98  4.30   6.125   0.002     -0.326  -0.400    1.500   0.000
72.98  4.30   6.450   0.159     -0.601  -1.200    1.500   0.000
72.98  4.30   7.030   0.229     -1.837  -0.400    3.000   0.000
72.98  4.30   7.205   0.254     -2.412  -0.900    3.000   0.000
72.98  4.30   7.280   0.007     -2.658  -2.400    3.000   0.000
72.98  4.30   7.295   0.053     -2.708  -3.400    3.000   0.000
72.98  4.30   7.520   0.285     -3.502  -1.900    3.000   0.000
72.98  4.30   7.680   0.417     -4.463  -6.400    3.000   0.000
72.98  4.30   7.700   1.222     -4.583  -7.900    3.000   0.000
72.98  4.30   7.725   0.003     -4.733  -4.900    3.000   0.000
72.98  4.30   7.725   0.003     -4.733  -4.900    3.000   0.000
72.98  4.30   8.050   1.965     -6.695  -10.900    3.000   0.000
72.98  4.30   8.060   0.776     -6.757  -9.400    3.000   0.000
72.98  4.30   8.110   0.198     -7.067  -8.400    3.000   0.000
72.98  4.30   8.125   2.291     -7.159  -11.700    3.000   0.000
72.98  4.30   8.235   4.494     -7.840  -14.200    3.000   0.000
72.98  4.30   8.290  10.068     -8.181  -17.700    3.000   0.000
72.98  4.30   8.400   3.787     -8.862  -14.700    3.000   0.000
72.98  4.30   8.405   8.618     -8.893  -17.700    3.000   0.000
72.98  4.30   8.555   5.409     -9.923  -16.900    3.000   0.000
72.98  4.30  21.000   0.006     -124.611  -125.000    5.000   0.000
73.03  5.27   2.095   2.835     -0.005   0.500    0.300   0.000
73.03  5.27   2.104   2.825     -0.004   0.500    0.300   0.000
73.03  5.27   3.445   1.157     -0.023   0.300    0.300   0.000
73.03  5.27   3.930   0.389     -0.035   0.900    1.500   0.000
73.03  5.27   4.368   0.324     -0.154   0.700    1.500   0.000
73.03  5.27   4.600   1.021     -0.216   1.300    1.500   0.000
73.03  5.27   5.026   0.640     -0.300   0.900    1.500   0.000
73.03  5.27   6.060   0.006     -0.516  -0.400    1.500   0.000
73.03  5.27   6.328   0.001     -0.760  -0.800    1.500   0.000
73.03  5.27   6.440   0.258     -0.862  -0.100    1.500   0.000
73.03  5.27   6.589   0.105     -1.115  -1.600    1.500   0.000
73.03  5.27   6.918   0.014     -1.850  -1.500    3.000   0.000
73.03  5.27   6.935   0.053     -1.888  -1.200    3.000   0.000
73.03  5.27   6.973   0.209     -1.973  -0.600    3.000   0.000
73.03  5.27   7.138   0.089     -2.495  -1.600    3.000   0.000
73.03  5.27   7.231   0.005     -2.806  -2.600    3.000   0.000
73.03  5.27   7.244   0.147     -2.849  -1.700    3.000   0.000
73.03  5.27   7.266   0.020     -2.923  -2.500    3.000   0.000
73.03  5.27   7.280   0.012     -2.970  -3.300    3.000   0.000
73.03  5.27   7.424   0.014     -3.451  -3.100    3.000   0.000
73.03  5.27   7.424   0.122     -3.451  -4.500    3.000   0.000
73.03  5.27   7.441   0.070     -3.508  -4.300    3.000   0.000
73.03  5.27   7.793   0.451     -5.484  -7.500    3.000   0.000
73.03  5.27   8.071   0.223     -7.184  -8.600    3.000   0.000
73.03  5.27   8.097   0.564     -7.346  -9.600    3.000   0.000
73.03  5.27   8.136   0.816     -7.590  -10.300    3.000   0.000
96.82  -12.18   0.916   1.075     -0.007   0.200    0.200   0.000
96.82  -12.18   2.611   6.288     -0.002   0.500    0.200   0.000
96.82  -12.18   2.801   6.770     -0.020   0.500    0.200   0.000
96.82  -12.18   2.826   6.834     -0.023   0.500    0.200   0.000
96.82  -12.18   2.851   6.899     -0.025   0.500    0.200   0.000
96.82  -12.18   3.170   4.871     -0.041   0.400    0.200   0.000
96.82  -12.18   3.221   7.338     -0.042   0.500    0.200   0.000
96.82  -12.18   3.439   4.600     -0.043   0.600    0.300   0.000
96.82  -12.18   3.503   6.150     -0.044   0.700    0.300   0.000
55.52  -4.68   3.740   0.000      0.679   0.700    2.500   0.000
55.52  -4.68   4.110   0.938      0.721  -1.700    2.500   0.000
55.52  -4.68   4.289   1.090      0.710  -1.900    2.500   0.000
55.52  -4.68   4.685   0.077      0.707   1.400    2.500   0.000
55.52  -4.68   7.200   7.387     -1.005  -7.800    2.500   0.000
55.52  -4.68   8.200   0.116     -5.848  -6.700    2.500   0.000
45.27  -12.80   9.170  571.675     -16.845  -28.800    0.500   0.000
45.27  -12.80   9.640  48.574     -20.761  -34.700    2.000   0.000
45.27  -12.80   9.725  42.812     -21.614  -34.700    2.000   0.000
45.27  -12.80  11.080  481.845     -36.549  -58.500    1.000   0.000
45.27  -12.80  11.375  1142.155     -43.102  -60.000    0.500   0.000
45.27  -12.80  11.405  964.907     -43.769  -59.300    0.500   0.000
45.27  -12.80  11.635  690.913     -47.357  -60.500    0.500   0.000
45.27  -12.80  12.035  387.377     -51.659  -61.500    0.500   0.000
45.27  -12.80   1.500   1.039     -0.349   2.200    2.500   0.000
45.27  -12.80   2.660  10.489     -0.581  -2.200    0.500   0.000
45.27  -12.80   3.700   0.157     -0.891   0.100    2.500   0.000
45.27  -12.80   6.950  41.243     -3.589  -6.800    0.500   0.000
45.27  -12.80   7.200   0.059     -4.405  -3.800    2.500   0.000
45.27  -12.80   7.305  17.884     -4.771  -9.000    1.000   0.000
45.27  -12.80   7.965   0.689     -8.170  -9.000    1.000   0.000
45.27  -12.80   8.200   2.245     -9.646  -5.900    2.500   0.000
45.27  -12.80   8.200   0.382     -9.646  -8.100    2.500   0.000
45.27  -12.80   8.600   0.115     -12.352  -13.200    2.500   0.000
45.27  -12.80   9.110   0.713     -16.389  -18.500    2.500   0.000
45.27  -12.80  16.900  13.510     -111.973  -123.000    3.000   0.000
45.27  -12.80  17.100  11.758     -112.713  -123.000    3.000   0.000
45.27  -12.80  18.200   4.511     -116.628  -123.000    3.000   0.000
32.40  -28.47   8.993  23.822     -8.238  -18.000    2.000   0.000
32.40  -28.47   9.068  21.616     -8.701  -18.000    2.000   0.000
32.40  -28.47   9.219  17.526     -9.627  -18.000    2.000   0.000
32.40  -28.47   9.373  37.736     -10.571  -29.000    3.000   0.000
32.40  -28.47   9.849  20.849     -14.302  -28.000    3.000   0.000
32.40  -28.47   9.979  17.636     -15.401  -28.000    3.000   0.000
32.40  -28.47  10.793  51.308     -22.511  -44.000    3.000   0.000
32.40  -28.47  10.904  17.324     -23.513  -36.000    3.000   0.000
32.40  -28.47  11.581  18.697     -35.028  -48.000    3.000   0.000
300.45  13.04   0.726   0.237     -0.113   1.200    2.700   0.000
300.45  13.04   8.934   3.909     -17.364  -22.900    2.800   0.000
300.45  13.04   8.936   2.963     -17.380  -22.200    2.800   0.000
300.45  13.04   9.155   6.150     -19.156  -26.100    2.800   0.000
300.45  13.04   9.618   7.190     -23.124  -30.900    2.900   0.000
300.45  13.04   9.922   2.956     -26.214  -31.200    2.900   0.000
300.45  13.04   9.930   5.491     -26.295  -19.500    2.900   0.000
300.45  13.04  10.571   4.405     -32.913  -39.000    2.900   0.000
300.45  13.04  10.808   2.892     -35.468  -40.400    2.900   0.000
300.45  13.04  11.078   0.931     -39.301  -42.100    2.900   0.000
300.45  13.04  11.391  10.780     -46.379  -55.900    2.900   0.000
300.45  13.04  11.392   7.799     -46.401  -54.500    2.900   0.000
300.45  13.04  11.511   6.231     -48.961  -56.200    2.900   0.000
300.45  13.04  11.512   5.544     -48.972  -55.800    2.900   0.000
300.45  13.04  12.002   2.663     -54.205  -59.100    3.000   0.000
300.45  13.04  12.170   1.530     -55.789  -59.500    3.000   0.000
300.45  13.04  12.203   1.210     -56.100  -59.400    3.000   0.000
300.45  13.04  12.798   0.001     -62.499  -62.400    3.000   0.000
300.45  13.04  12.844   0.173     -63.054  -64.300    3.000   0.000
300.45  13.04  12.993   0.100     -64.853  -65.800    3.000   0.000
300.45  13.04  13.088   0.289     -65.786  -67.400    3.000   0.000
300.45  13.04  13.179   0.170     -66.663  -67.900    3.000   0.000
300.45  13.04  13.555   0.069     -70.511  -71.300    3.000   0.000
300.45  13.04  13.574   0.076     -70.770  -71.600    3.000   0.000
300.45  13.04  13.578   0.106     -70.825  -71.800    3.000   0.000
300.45  13.04  13.632   0.032     -71.563  -72.100    3.000   0.000
300.45  13.04  14.082  13.420     -80.010  -91.000    3.000   0.000
300.45  13.04  14.255   3.724     -87.217  -93.200    3.100   0.000
300.45  13.04  14.295   1.010     -88.884  -92.000    3.100   0.000
300.45  13.04  14.396   0.420     -93.092  -95.100    3.100   0.000
300.45  13.04  14.408   0.206     -93.592  -95.000    3.100   0.000
300.45  13.04  14.539   0.155     -97.720  -96.500    3.100   0.000
300.45  13.04  14.573   1.731     -97.978  -93.900    3.100   0.000
300.45  13.04  17.580   2.582     -114.903  -109.600    3.300   0.000
300.45  13.04  18.116   5.514     -116.749  -109.000    3.300   0.000
300.45  13.04  18.174   4.809     -116.937  -109.700    3.300   0.000
300.45  13.04  18.176   4.556     -116.944  -109.900    3.300   0.000
300.45  13.04  18.218   4.867     -117.080  -109.800    3.300   0.000
300.45  13.04  18.408  13.437     -117.697  -105.600    3.300   0.000
300.45  13.04  18.448   5.770     -117.827  -109.900    3.300   0.000
300.45  13.04  18.549   4.756     -118.097  -110.900    3.300   0.000
300.45  13.04  18.716   2.621     -118.442  -113.100    3.300   0.000
300.45  13.04  18.746   4.635     -118.504  -111.400    3.300   0.000
300.45  13.04  18.783   4.475     -118.581  -111.600    3.300   0.000
300.45  13.04  18.806   2.607     -118.629  -113.300    3.300   0.000
300.45  13.04  19.075   0.123     -119.157  -118.000    3.300   0.000
300.45  13.04  19.392  17.215     -119.692  -106.000    3.300   0.000
300.45  13.04  19.518  14.141     -119.909  -107.500    3.300   0.000
300.45  13.04  19.708  13.847     -120.280  -108.000    3.300   0.000
300.45  13.04  30.147  112.991     -129.182  -85.600    4.100   0.000
300.45  13.04  30.225  110.246     -129.049  -86.000    4.100   0.000
300.45  13.04  30.242  107.049     -129.020  -86.600    4.100   0.000
300.45  13.04  30.298  101.554     -128.925  -86.600    4.200   0.000
0.00  0.00   0.000   0.000      0.000   0.000    0.000   0.000
0.00  0.00   0.000   0.000      0.000   0.000    0.000   0.000
0.00  0.00   0.000   0.000      0.000   0.000    0.000   0.000
0.00  0.00   0.000   0.000      0.000   0.000    0.000   0.000
0.00  0.00   0.000   0.000      0.000   0.000    0.000   0.000
0.00  0.00   0.000   0.000      0.000   0.000    0.000   0.000
0.00  0.00   0.000   0.000      0.000   0.000    0.000   0.000
0.00  0.00   0.000   0.000      0.000   0.000    0.000   0.000
0.00  0.00   0.000   0.000      0.000   0.000    0.000   0.000
0.00  0.00   0.000   0.000      0.000   0.000    0.000   0.000
0.00  0.00   0.000   0.000      0.000   0.000    0.000   0.000
0.00  0.00   0.000   0.000      0.000   0.000    0.000   0.000
0.00  0.00   0.000   0.000      0.000   0.000    0.000   0.000
0.00  0.00   0.000   0.000      0.000   0.000    0.000   0.000
0.00  0.00   0.000   0.000      0.000   0.000    0.000   0.000
0.00  0.00   0.000   0.000      0.000   0.000    0.000   0.000
0.00  0.00   0.000   0.000      0.000   0.000    0.000   0.000
0.00  0.00   0.000   0.000      0.000   0.000    0.000   0.000
0.00  0.00   0.000   0.000      0.000   0.000    0.000   0.000
0.00  0.00   0.000   0.000      0.000   0.000    0.000   0.000
0.00  0.00   0.000   0.000      0.000   0.000    0.000   0.000
0.00  0.00   0.000   0.000      0.000   0.000    0.000   0.000
0.00  0.00   0.000   0.000      0.000   0.000    0.000   0.000
0.00  0.00   0.000   0.000      0.000   0.000    0.000   0.000
0.00  0.00   0.000   0.000      0.000   0.000    0.000   0.000
0.00  0.00   0.000   0.000      0.000   0.000    0.000   0.000
0.00  0.00   0.000   0.000      0.000   0.000    0.000   0.000
0.00  0.00   0.000   0.000      0.000   0.000    0.000   0.000
0.00  0.00   0.000   0.000      0.000   0.000    0.000   0.000
0.00  0.00   0.000   0.000      0.000   0.000    0.000   0.000
0.00  0.00   0.000   0.000      0.000   0.000    0.000   0.000
0.00  0.00   0.000   0.000      0.000   0.000    0.000   0.000
0.00  0.00   0.000   0.000      0.000   0.000    0.000   0.000
0.00  0.00   0.000   0.000      0.000   0.000    0.000   0.000
0.00  0.00   0.000   0.000      0.000   0.000    0.000   0.000
0.00  0.00   0.000   0.000      0.000   0.000    0.000   0.000
0.00  0.00   0.000   0.000      0.000   0.000    0.000   0.000
0.00  0.00   0.000   0.000      0.000   0.000    0.000   0.000
0.00  0.00   0.000   0.000      0.000   0.000    0.000   0.000
0.00  0.00   0.000   0.000      0.000   0.000    0.000   0.000
0.00  0.00   0.000   0.000      0.000   0.000    0.000   0.000
0.00  0.00   0.000   0.000      0.000   0.000    0.000   0.000
0.00  0.00   0.000   0.000      0.000   0.000    0.000   0.000
0.00  0.00   0.000   0.000      0.000   0.000    0.000   0.000
0.00  0.00   0.000   0.000      0.000   0.000    0.000   0.000
0.00  0.00   0.000   0.000      0.000   0.000    0.000   0.000
0.00  0.00   0.000   0.000      0.000   0.000    0.000   0.000
0.00  0.00   0.000   0.000      0.000   0.000    0.000   0.000
0.00  0.00   0.000   0.000      0.000   0.000    0.000   0.000
0.00  0.00   0.000   0.000      0.000   0.000    0.000   0.000
0.00  0.00   0.000   0.000      0.000   0.000    0.000   0.000
0.00  0.00   0.000   0.000      0.000   0.000    0.000   0.000
0.00  0.00   0.000   0.000      0.000   0.000    0.000   0.000
0.00  0.00   0.000   0.000      0.000   0.000    0.000   0.000
0.00  0.00   0.000   0.000      0.000   0.000    0.000   0.000
0.00  0.00   0.000   0.000      0.000   0.000    0.000   0.000
0.00  0.00   0.000   0.000      0.000   0.000    0.000   0.000
0.00  0.00   0.000   0.000      0.000   0.000    0.000   0.000
0.00  0.00   0.000   0.000      0.000   0.000    0.000   0.000
0.00  0.00   0.000   0.000      0.000   0.000    0.000   0.000
0.00  0.00   0.000   0.000      0.000   0.000    0.000   0.000
0.00  0.00   0.000   0.000      0.000   0.000    0.000   0.000
0.00  0.00   0.000   0.000      0.000   0.000    0.000   0.000
0.00  0.00   0.000   0.000      0.000   0.000    0.000   0.000
0.00  0.00   0.000   0.000      0.000   0.000    0.000   0.000
0.00  0.00   0.000   0.000      0.000   0.000    0.000   0.000
0.00  0.00   0.000   0.000      0.000   0.000    0.000   0.000
0.00  0.00   0.000   0.000      0.000   0.000    0.000   0.000
0.00  0.00   0.000   0.000      0.000   0.000    0.000   0.000
0.00  0.00   0.000   0.000      0.000   0.000    0.000   0.000
0.00  0.00   0.000   0.000      0.000   0.000    0.000   0.000
0.00  0.00   0.000   0.000      0.000   0.000    0.000   0.000
0.00  0.00   0.000   0.000      0.000   0.000    0.000   0.000
0.00  0.00   0.000   0.000      0.000   0.000    0.000   0.000
0.00  0.00   0.000   0.000      0.000   0.000    0.000   0.000
0.00  0.00   0.000   0.000      0.000   0.000    0.000   0.000
0.00  0.00   0.000   0.000      0.000   0.000    0.000   0.000
0.00  0.00   0.000   0.000      0.000   0.000    0.000   0.000
0.00  0.00   0.000   0.000      0.000   0.000    0.000   0.000
0.00  0.00   0.000   0.000      0.000   0.000    0.000   0.000
0.00  0.00   0.000   0.000      0.000   0.000    0.000   0.000
0.00  0.00   0.000   0.000      0.000   0.000    0.000   0.000
0.00  0.00   0.000   0.000      0.000   0.000    0.000   0.000
0.00  0.00   0.000   0.000      0.000   0.000    0.000   0.000
0.00  0.00   0.000   0.000      0.000   0.000    0.000   0.000
0.00  0.00   0.000   0.000      0.000   0.000    0.000   0.000
0.00  0.00   0.000   0.000      0.000   0.000    0.000   0.000
0.00  0.00   0.000   0.000      0.000   0.000    0.000   0.000
0.00  0.00   0.000   0.000      0.000   0.000    0.000   0.000
0.00  0.00   0.000   0.000      0.000   0.000    0.000   0.000
0.00  0.00   0.000   0.000      0.000   0.000    0.000   0.000
0.00  0.00   0.000   0.000      0.000   0.000    0.000   0.000
0.00  0.00   0.000   0.000      0.000   0.000    0.000   0.000
0.00  0.00   0.000   0.000      0.000   0.000    0.000   0.000
0.00  0.00   0.000   0.000      0.000   0.000    0.000   0.000
0.00  0.00   0.000   0.000      0.000   0.000    0.000   0.000
0.00  0.00   0.000   0.000      0.000   0.000    0.000   0.000
0.00  0.00   0.000   0.000      0.000   0.000    0.000   0.000
0.00  0.00   0.000   0.000      0.000   0.000    0.000   0.000
0.00  0.00   0.000   0.000      0.000   0.000    0.000   0.000
0.00  0.00   0.000   0.000      0.000   0.000    0.000   0.000
0.00  0.00   0.000   0.000      0.000   0.000    0.000   0.000
0.00  0.00   0.000   0.000      0.000   0.000    0.000   0.000
0.00  0.00   0.000   0.000      0.000   0.000    0.000   0.000
0.00  0.00   0.000   0.000      0.000   0.000    0.000   0.000
0.00  0.00   0.000   0.000      0.000   0.000    0.000   0.000
0.00  0.00   0.000   0.000      0.000   0.000    0.000   0.000
0.00  0.00   0.000   0.000      0.000   0.000    0.000   0.000
0.00  0.00   0.000   0.000      0.000   0.000    0.000   0.000
0.00  0.00   0.000   0.000      0.000   0.000    0.000   0.000
0.00  0.00   0.000   0.000      0.000   0.000    0.000   0.000
0.00  0.00   0.000   0.000      0.000   0.000    0.000   0.000
0.00  0.00   0.000   0.000      0.000   0.000    0.000   0.000
0.00  0.00   0.000   0.000      0.000   0.000    0.000   0.000
0.00  0.00   0.000   0.000      0.000   0.000    0.000   0.000
0.00  0.00   0.000   0.000      0.000   0.000    0.000   0.000
0.00  0.00   0.000   0.000      0.000   0.000    0.000   0.000
0.00  0.00   0.000   0.000      0.000   0.000    0.000   0.000
0.00  0.00   0.000   0.000      0.000   0.000    0.000   0.000
0.00  0.00   0.000   0.000      0.000   0.000    0.000   0.000
0.00  0.00   0.000   0.000      0.000   0.000    0.000   0.000
0.00  0.00   0.000   0.000      0.000   0.000    0.000   0.000
0.00  0.00   0.000   0.000      0.000   0.000    0.000   0.000
0.00  0.00   0.000   0.000      0.000   0.000    0.000   0.000
0.00  0.00   0.000   0.000      0.000   0.000    0.000   0.000
0.00  0.00   0.000   0.000      0.000   0.000    0.000   0.000
0.00  0.00   0.000   0.000      0.000   0.000    0.000   0.000
0.00  0.00   0.000   0.000      0.000   0.000    0.000   0.000
0.00  0.00   0.000   0.000      0.000   0.000    0.000   0.000
0.00  0.00   0.000   0.000      0.000   0.000    0.000   0.000
0.00  0.00   0.000   0.000      0.000   0.000    0.000   0.000
0.00  0.00   0.000   0.000      0.000   0.000    0.000   0.000
0.00  0.00   0.000   0.000      0.000   0.000    0.000   0.000
0.00  0.00   0.000   0.000      0.000   0.000    0.000   0.000
0.00  0.00   0.000   0.000      0.000   0.000    0.000   0.000
0.00  0.00   0.000   0.000      0.000   0.000    0.000   0.000
0.00  0.00   0.000   0.000      0.000   0.000    0.000   0.000
0.00  0.00   0.000   0.000      0.000   0.000    0.000   0.000
0.00  0.00   0.000   0.000      0.000   0.000    0.000   0.000
0.00  0.00   0.000   0.000      0.000   0.000    0.000   0.000
0.00  0.00   0.000   0.000      0.000   0.000    0.000   0.000
0.00  0.00   0.000   0.000      0.000   0.000    0.000   0.000
0.00  0.00   0.000   0.000      0.000   0.000    0.000   0.000
0.00  0.00   0.000   0.000      0.000   0.000    0.000   0.000
0.00  0.00   0.000   0.000      0.000   0.000    0.000   0.000
0.00  0.00   0.000   0.000      0.000   0.000    0.000   0.000
0.00  0.00   0.000   0.000      0.000   0.000    0.000   0.000
0.00  0.00   0.000   0.000      0.000   0.000    0.000   0.000
0.00  0.00   0.000   0.000      0.000   0.000    0.000   0.000
0.00  0.00   0.000   0.000      0.000   0.000    0.000   0.000
0.00  0.00   0.000   0.000      0.000   0.000    0.000   0.000
0.00  0.00   0.000   0.000      0.000   0.000    0.000   0.000
0.00  0.00   0.000   0.000      0.000   0.000    0.000   0.000
0.00  0.00   0.000   0.000      0.000   0.000    0.000   0.000
0.00  0.00   0.000   0.000      0.000   0.000    0.000   0.000
0.00  0.00   0.000   0.000      0.000   0.000    0.000   0.000
0.00  0.00   0.000   0.000      0.000   0.000    0.000   0.000
0.00  0.00   0.000   0.000      0.000   0.000    0.000   0.000
0.00  0.00   0.000   0.000      0.000   0.000    0.000   0.000
0.00  0.00   0.000   0.000      0.000   0.000    0.000   0.000
0.00  0.00   0.000   0.000      0.000   0.000    0.000   0.000
0.00  0.00   0.000   0.000      0.000   0.000    0.000   0.000
0.00  0.00   0.000   0.000      0.000   0.000    0.000   0.000
0.00  0.00   0.000   0.000      0.000   0.000    0.000   0.000
0.00  0.00   0.000   0.000      0.000   0.000    0.000   0.000
0.00  0.00   0.000   0.000      0.000   0.000    0.000   0.000
0.00  0.00   0.000   0.000      0.000   0.000    0.000   0.000
0.00  0.00   0.000   0.000      0.000   0.000    0.000   0.000
0.00  0.00   0.000   0.000      0.000   0.000    0.000   0.000
0.00  0.00   0.000   0.000      0.000   0.000    0.000   0.000
0.00  0.00   0.000   0.000      0.000   0.000    0.000   0.000
0.00  0.00   0.000   0.000      0.000   0.000    0.000   0.000
0.00  0.00   0.000   0.000      0.000   0.000    0.000   0.000
0.00  0.00   0.000   0.000      0.000   0.000    0.000   0.000
0.00  0.00   0.000   0.000      0.000   0.000    0.000   0.000
0.00  0.00   0.000   0.000      0.000   0.000    0.000   0.000
0.00  0.00   0.000   0.000      0.000   0.000    0.000   0.000
0.00  0.00   0.000   0.000      0.000   0.000    0.000   0.000
0.00  0.00   0.000   0.000      0.000   0.000    0.000   0.000
0.00  0.00   0.000   0.000      0.000   0.000    0.000   0.000
0.00  0.00   0.000   0.000      0.000   0.000    0.000   0.000
0.00  0.00   0.000   0.000      0.000   0.000    0.000   0.000
0.00  0.00   0.000   0.000      0.000   0.000    0.000   0.000
0.00  0.00   0.000   0.000      0.000   0.000    0.000   0.000
0.00  0.00   0.000   0.000      0.000   0.000    0.000   0.000
0.00  0.00   0.000   0.000      0.000   0.000    0.000   0.000
0.00  0.00   0.000   0.000      0.000   0.000    0.000   0.000
0.00  0.00   0.000   0.000      0.000   0.000    0.000   0.000
0.00  0.00   0.000   0.000      0.000   0.000    0.000   0.000
0.00  0.00   0.000   0.000      0.000   0.000    0.000   0.000
0.00  0.00   0.000   0.000      0.000   0.000    0.000   0.000
0.00  0.00   0.000   0.000      0.000   0.000    0.000   0.000
0.00  0.00   0.000   0.000      0.000   0.000    0.000   0.000
0.00  0.00   0.000   0.000      0.000   0.000    0.000   0.000
0.00  0.00   0.000   0.000      0.000   0.000    0.000   0.000
0.00  0.00   0.000   0.000      0.000   0.000    0.000   0.000
0.00  0.00   0.000   0.000      0.000   0.000    0.000   0.000
0.00  0.00   0.000   0.000      0.000   0.000    0.000   0.000
0.00  0.00   0.000   0.000      0.000   0.000    0.000   0.000
0.00  0.00   0.000   0.000      0.000   0.000    0.000   0.000
0.00  0.00   0.000   0.000      0.000   0.000    0.000   0.000
0.00  0.00   0.000   0.000      0.000   0.000    0.000   0.000
0.00  0.00   0.000   0.000      0.000   0.000    0.000   0.000
0.00  0.00   0.000   0.000      0.000   0.000    0.000   0.000
0.00  0.00   0.000   0.000      0.000   0.000    0.000   0.000
0.00  0.00   0.000   0.000      0.000   0.000    0.000   0.000
0.00  0.00   0.000   0.000      0.000   0.000    0.000   0.000
0.00  0.00   0.000   0.000      0.000   0.000    0.000   0.000
0.00  0.00   0.000   0.000      0.000   0.000    0.000   0.000
0.00  0.00   0.000   0.000      0.000   0.000    0.000   0.000
0.00  0.00   0.000   0.000      0.000   0.000    0.000   0.000
0.00  0.00   0.000   0.000      0.000   0.000    0.000   0.000
0.00  0.00   0.000   0.000      0.000   0.000    0.000   0.000
0.00  0.00   0.000   0.000      0.000   0.000    0.000   0.000
0.00  0.00   0.000   0.000      0.000   0.000    0.000   0.000
0.00  0.00   0.000   0.000      0.000   0.000    0.000   0.000
0.00  0.00   0.000   0.000      0.000   0.000    0.000   0.000
0.00  0.00   0.000   0.000      0.000   0.000    0.000   0.000
0.00  0.00   0.000   0.000      0.000   0.000    0.000   0.000
0.00  0.00   0.000   0.000      0.000   0.000    0.000   0.000
0.00  0.00   0.000   0.000      0.000   0.000    0.000   0.000
0.00  0.00   0.000   0.000      0.000   0.000    0.000   0.000
0.00  0.00   0.000   0.000      0.000   0.000    0.000   0.000
0.00  0.00   0.000   0.000      0.000   0.000    0.000   0.000
0.00  0.00   0.000   0.000      0.000   0.000    0.000   0.000
0.00  0.00   0.000   0.000      0.000   0.000    0.000   0.000
0.00  0.00   0.000   0.000      0.000   0.000    0.000   0.000
0.00  0.00   0.000   0.000      0.000   0.000    0.000   0.000
0.00  0.00   0.000   0.000      0.000   0.000    0.000   0.000
0.00  0.00   0.000   0.000      0.000   0.000    0.000   0.000
0.00  0.00   0.000   0.000      0.000   0.000    0.000   0.000
0.00  0.00   0.000   0.000      0.000   0.000    0.000   0.000
0.00  0.00   0.000   0.000      0.000   0.000    0.000   0.000
0.00  0.00   0.000   0.000      0.000   0.000    0.000   0.000
0.00  0.00   0.000   0.000      0.000   0.000    0.000   0.000
0.00  0.00   0.000   0.000      0.000   0.000    0.000   0.000
0.00  0.00   0.000   0.000      0.000   0.000    0.000   0.000
0.00  0.00   0.000   0.000      0.000   0.000    0.000   0.000
0.00  0.00   0.000   0.000      0.000   0.000    0.000   0.000
0.00  0.00   0.000   0.000      0.000   0.000    0.000   0.000
0.00  0.00   0.000   0.000      0.000   0.000    0.000   0.000
0.00  0.00   0.000   0.000      0.000   0.000    0.000   0.000
0.00  0.00   0.000   0.000      0.000   0.000    0.000   0.000
0.00  0.00   0.000   0.000      0.000   0.000    0.000   0.000
0.00  0.00   0.000   0.000      0.000   0.000    0.000   0.000
0.00  0.00   0.000   0.000      0.000   0.000    0.000   0.000
0.00  0.00   0.000   0.000      0.000   0.000    0.000   0.000
0.00  0.00   0.000   0.000      0.000   0.000    0.000   0.000
0.00  0.00   0.000   0.000      0.000   0.000    0.000   0.000
0.00  0.00   0.000   0.000      0.000   0.000    0.000   0.000
0.00  0.00   0.000   0.000      0.000   0.000    0.000   0.000
0.00  0.00   0.000   0.000      0.000   0.000    0.000   0.000
0.00  0.00   0.000   0.000      0.000   0.000    0.000   0.000
0.00  0.00   0.000   0.000      0.000   0.000    0.000   0.000
0.00  0.00   0.000   0.000      0.000   0.000    0.000   0.000
0.00  0.00   0.000   0.000      0.000   0.000    0.000   0.000
0.00  0.00   0.000   0.000      0.000   0.000    0.000   0.000
0.00  0.00   0.000   0.000      0.000   0.000    0.000   0.000
0.00  0.00   0.000   0.000      0.000   0.000    0.000   0.000
0.00  0.00   0.000   0.000      0.000   0.000    0.000   0.000
0.00  0.00   0.000   0.000      0.000   0.000    0.000   0.000
0.00  0.00   0.000   0.000      0.000   0.000    0.000   0.000
0.00  0.00   0.000   0.000      0.000   0.000    0.000   0.000
0.00  0.00   0.000   0.000      0.000   0.000    0.000   0.000
0.00  0.00   0.000   0.000      0.000   0.000    0.000   0.000
0.00  0.00   0.000   0.000      0.000   0.000    0.000   0.000
0.00  0.00   0.000   0.000      0.000   0.000    0.000   0.000
0.00  0.00   0.000   0.000      0.000   0.000    0.000   0.000
0.00  0.00   0.000   0.000      0.000   0.000    0.000   0.000
0.00  0.00   0.000   0.000      0.000   0.000    0.000   0.000
0.00  0.00   0.000   0.000      0.000   0.000    0.000   0.000
0.00  0.00   0.000   0.000      0.000   0.000    0.000   0.000
0.00  0.00   0.000   0.000      0.000   0.000    0.000   0.000
0.00  0.00   0.000   0.000      0.000   0.000    0.000   0.000
0.00  0.00   0.000   0.000      0.000   0.000    0.000   0.000
0.00  0.00   0.000   0.000      0.000   0.000    0.000   0.000
0.00  0.00   0.000   0.000      0.000   0.000    0.000   0.000
0.00  0.00   0.000   0.000      0.000   0.000    0.000   0.000
0.00  0.00   0.000   0.000      0.000   0.000    0.000   0.000
0.00  0.00   0.000   0.000      0.000   0.000    0.000   0.000
0.00  0.00   0.000   0.000      0.000   0.000    0.000   0.000
0.00  0.00   0.000   0.000      0.000   0.000    0.000   0.000
0.00  0.00   0.000   0.000      0.000   0.000    0.000   0.000
0.00  0.00   0.000   0.000      0.000   0.000    0.000   0.000
0.00  0.00   0.000   0.000      0.000   0.000    0.000   0.000
0.00  0.00   0.000   0.000      0.000   0.000    0.000   0.000
0.00  0.00   0.000   0.000      0.000   0.000    0.000   0.000
0.00  0.00   0.000   0.000      0.000   0.000    0.000   0.000
0.00  0.00   0.000   0.000      0.000   0.000    0.000   0.000
0.00  0.00   0.000   0.000      0.000   0.000    0.000   0.000
0.00  0.00   0.000   0.000      0.000   0.000    0.000   0.000
0.00  0.00   0.000   0.000      0.000   0.000    0.000   0.000
0.00  0.00   0.000   0.000      0.000   0.000    0.000   0.000
0.00  0.00   0.000   0.000      0.000   0.000    0.000   0.000
0.00  0.00   0.000   0.000      0.000   0.000    0.000   0.000
0.00  0.00   0.000   0.000      0.000   0.000    0.000   0.000
