2.849224614153537871e+01
2.880464965370801167e+01
2.924461083771013392e+01
2.984662266186801460e+01
3.064641093344168965e+01
3.163432070722935663e+01
3.276425232899359230e+01
3.397315311659633608e+01
3.518030779428931965e+01
3.632422174481911981e+01
3.737671312828522474e+01
3.831389282152954223e+01
3.913213759910755840e+01
3.986137665893986792e+01
4.050702873246184765e+01
4.107026391528403053e+01
4.156515434205829962e+01
4.199181570982823786e+01
4.234941175259734081e+01
4.264332786134403364e+01
4.287198633872856135e+01
4.305046206015995125e+01
4.318307047482647221e+01
4.327616620814347215e+01
4.333914871351596787e+01
4.337839354976728856e+01
4.340535880439983174e+01
4.342839491157906906e+01
4.343517181198506449e+01
4.343433996567673461e+01
4.343764150067119800e+01
4.343479381345125034e+01
2.805575330831634062e+01
2.841628059959571928e+01
2.891037018669966940e+01
2.960413780472514489e+01
3.052815473864094642e+01
3.167950578244886017e+01
3.301099230733677103e+01
3.445422421656669343e+01
3.591913084472727036e+01
3.732966161032178576e+01
3.863767875263518192e+01
3.981920562759339077e+01
4.087485124335790942e+01
4.181649836585521740e+01
4.264907294124442672e+01
4.338044002311150393e+01
4.401760018400575802e+01
4.455582182312466699e+01
4.500378328242221215e+01
4.535071772861223849e+01
4.561989461679401359e+01
4.581727697007963229e+01
4.595510950003321682e+01
4.604410569550627486e+01
4.610901763939576625e+01
4.613262653472456520e+01
4.614221429085389303e+01
4.614698930955524503e+01
4.614397891275942953e+01
4.613476942064565378e+01
4.612781251660928916e+01
4.611933243897896517e+01
2.755214395596438237e+01
2.793388977075496626e+01
2.846893870356375089e+01
2.923023772977450108e+01
3.025797948134450976e+01
3.155649377256964172e+01
3.308927668266926503e+01
3.477046622939707987e+01
3.650010515725420390e+01
3.819088541689303185e+01
3.978116392422586500e+01
4.123001199053714316e+01
4.253455148987247725e+01
4.369288827328798419e+01
4.471692928684591806e+01
4.560446136075396595e+01
4.636365955626546764e+01
4.699659658893332903e+01
4.749927720365355555e+01
4.788883681114153035e+01
4.816570929979994986e+01
4.835492595878703526e+01
4.847922196146330265e+01
4.854544543029902570e+01
4.857248512605283963e+01
4.857500828658708514e+01
4.855495504139810237e+01
4.853655977825963674e+01
4.850592091313417598e+01
4.847979229750926322e+01
4.845289472487269222e+01
4.842745599923485145e+01
2.700737010908590463e+01
2.738296037303260633e+01
2.792983987859940953e+01
2.872040157149331208e+01
2.981401685899724896e+01
3.122988274726452929e+01
3.292855487534350800e+01
3.482302340870597845e+01
3.680355001093021627e+01
3.875569959110030283e+01
4.060686831357758564e+01
4.230612105188946970e+01
4.382762473807877512e+01
4.517347275013424479e+01
4.634862262725485493e+01
4.735244766940785155e+01
4.819036904537788502e+01
4.886103245211757695e+01
4.937442448679487228e+01
4.973594001513312435e+01
4.998285980492171632e+01
5.012775897052276264e+01
5.019332112551880698e+01
5.021058913390707801e+01
5.018229087455311799e+01
5.013232350189876030e+01
5.006549564821961695e+01
5.000559427691196390e+01
4.993681967770147168e+01
4.987920207995107802e+01
4.982728117349585517e+01
4.977928290149282020e+01
2.644087665403326781e+01
2.677817694697683848e+01
2.728923088476317105e+01
2.806043728654900349e+01
2.916720892711724744e+01
3.063888432791992145e+01
3.244621216868295477e+01
3.449000742763082883e+01
3.665730824784310471e+01
3.881820707530235381e+01
4.086439298597355219e+01
4.274240932609156829e+01
4.441614784862383658e+01
4.587067826799044212e+01
4.711812082275466906e+01
4.815200723226337942e+01
4.897266382616525249e+01
4.960248685361607102e+01
5.004994538979744334e+01
5.033461731055238175e+01
5.049197068510612496e+01
5.053505711866478123e+01
5.050297414433339327e+01
5.042524046752221523e+01
5.031361964959958044e+01
5.019891236235034881e+01
5.007079699332298617e+01
4.995292151679036863e+01
4.984312465277998427e+01
4.974461601970688207e+01
4.966092415195871013e+01
4.959059072895269082e+01
2.587956666008104989e+01
2.613720172467082392e+01
2.656296303900646549e+01
2.725529019345793813e+01
2.829892800064423497e+01
2.974569942918748922e+01
3.156377213314878105e+01
3.366646095347570622e+01
3.591700848858836537e+01
3.817685579370230187e+01
4.031785209926689362e+01
4.226698029252502664e+01
4.397076672564261202e+01
4.541765467838454384e+01
4.661416473405347460e+01
4.756248936356194434e+01
4.827667949235978284e+01
4.876881451290560676e+01
4.906754688027628930e+01
4.920202074886692145e+01
4.920735265478922571e+01
4.911465640904837926e+01
4.896390264792410818e+01
4.877295000991558993e+01
4.857433964791120928e+01
4.837188988924170019e+01
4.817299893545605727e+01
4.800069381892247122e+01
4.784904399167380262e+01
4.771030994560350535e+01
4.759721290601267896e+01
4.750645550748485135e+01
2.533911960490430459e+01
2.548025691128573911e+01
2.577123969882175558e+01
2.631729261608979087e+01
2.721901341801364183e+01
2.853880277097412588e+01
3.025940743389375598e+01
3.229613949342728318e+01
3.450690822103175748e+01
3.672861711573158061e+01
3.882865839557632626e+01
4.070305830940913694e+01
4.230860242093239520e+01
4.361774622732775697e+01
4.463645323153569677e+01
4.538522088015880485e+01
4.588514354019348218e+01
4.616345715858992094e+01
4.625983701876929644e+01
4.620081968574568521e+01
4.603419924864115131e+01
4.579839358000450744e+01
4.551906259911962138e+01
4.522260007525821379e+01
4.493932551910646822e+01
4.466812288809932596e+01
4.442461776438307197e+01
4.420824405815697844e+01
4.402157621793829634e+01
4.386776389471906157e+01
4.373647264446132255e+01
4.363487869116862328e+01
2.481782478494823252e+01
2.481284813328965200e+01
2.492481617693695028e+01
2.526299947346925379e+01
2.594655369307341530e+01
2.703773964456909340e+01
2.855057957460613238e+01
3.039373902733193233e+01
3.242565519482467096e+01
3.447908642765336396e+01
3.639865268288634326e+01
3.807006722988109004e+01
3.944390240061874664e+01
4.049699923349739095e+01
4.124545920902130547e+01
4.171649246615245943e+01
4.195140774061965061e+01
4.197993586169970115e+01
4.185075945942077169e+01
4.160477561493073040e+01
4.128718420747777174e+01
4.093306167148915620e+01
4.056419836510906407e+01
4.021471493868318703e+01
3.989063324427392132e+01
3.959408250936919416e+01
3.933998809142185848e+01
3.912314284715525048e+01
3.894140511694535434e+01
3.878716606995133986e+01
3.866530829720360884e+01
3.856641322658287407e+01
2.427922357996143532e+01
2.410848629608012317e+01
2.400608034601347995e+01
2.409416483926607100e+01
2.449122521323977253e+01
2.528401787339666029e+01
2.648590211917960957e+01
2.802604730322958204e+01
2.976438521763639855e+01
3.153524786150383719e+01
3.315975559636077463e+01
3.453716058124158650e+01
3.559406529666014762e+01
3.632973725623133276e+01
3.676567330156085234e+01
3.694033054273605643e+01
3.690193488194506699e+01
3.670469957833918784e+01
3.639755331642469116e+01
3.602726040776334315e+01
3.562688559344545780e+01
3.523107612290030488e+01
3.486479070512707068e+01
3.453411363150822666e+01
3.424383550139558707e+01
3.399464994614459101e+01
3.379001068104284400e+01
3.362179298562566032e+01
3.348140771148516848e+01
3.337553068880172447e+01
3.329141654509457027e+01
3.322062871413152862e+01
2.366233423258530522e+01
2.331382488231113825e+01
2.298890231088415703e+01
2.280155573775520139e+01
2.287629728170584542e+01
2.331308307190831641e+01
2.414269966947085422e+01
2.530902725836283551e+01
2.668673481804025727e+01
2.809859164590554670e+01
2.938315251637732928e+01
3.041642534009444887e+01
3.114130510857004452e+01
3.155689052897294644e+01
3.169317506043406851e+01
3.161157580598134942e+01
3.137243710324121437e+01
3.103284818313257531e+01
3.064405835439865911e+01
3.025329519697973879e+01
2.989075500092402748e+01
2.956719962630042176e+01
2.930089111226762100e+01
2.909098641968190435e+01
2.892963155195916158e+01
2.880774234558933244e+01
2.872184422493093692e+01
2.866245691613482194e+01
2.861820358569787714e+01
2.859076935658803720e+01
2.857512588916524976e+01
2.856184118876913658e+01
2.292469706368356341e+01
2.240764691304261191e+01
2.186320972928838913e+01
2.140121628496589423e+01
2.115221353309716790e+01
2.122045434682332754e+01
2.165763164821307640e+01
2.242775203124370265e+01
2.341725017619413052e+01
2.446826956717913504e+01
2.541286165836488564e+01
2.613139363994826070e+01
2.656572972124304144e+01
2.672605193868198725e+01
2.665079389788914810e+01
2.641097128120221171e+01
2.608268151532862689e+01
2.572448791891117637e+01
2.538566504774622601e+01
2.511278173022747140e+01
2.491050049941758360e+01
2.478956266085040028e+01
2.474178079956652709e+01
2.475394831084328473e+01
2.480832282306418435e+01
2.488918343102171704e+01
2.498302250171101591e+01
2.508227405134475063e+01
2.517729734995307567e+01
2.526194805442266755e+01
2.533882548692550429e+01
2.540361887273815356e+01
2.207945029400948300e+01
2.141667979317686488e+01
2.068340060976154149e+01
1.998157326742268225e+01
1.943746484805808805e+01
1.916721803226558407e+01
1.923634501727110901e+01
1.963699727130830652e+01
2.027787780178556076e+01
2.101147546180939329e+01
2.168270620087889711e+01
2.216746625017697525e+01
2.241014546948974839e+01
2.241998009511313938e+01
2.225217076080845757e+01
2.198777537223752887e+01
2.170341442452911807e+01
2.146263100186685335e+01
2.131610163558627846e+01
2.128614890038495489e+01
2.137148688232200300e+01
2.156042603294692839e+01
2.182912274001713371e+01
2.214886799318760779e+01
2.248898750939834201e+01
2.283075468281671760e+01
2.315116381063086237e+01
2.344404348694819973e+01
2.370086319911847283e+01
2.391852828963568101e+01
2.410445795268500291e+01
2.425352315927337443e+01
2.119826884058450389e+01
2.043243538589399222e+01
1.956626271903750691e+01
1.868523417566616018e+01
1.791355397561173390e+01
1.736776882904011288e+01
1.713491600711099849e+01
1.722841868135706989e+01
1.759228641964691064e+01
1.809382712609196275e+01
1.858218280778558551e+01
1.893873349240927695e+01
1.910038602540396369e+01
1.908023303988992581e+01
1.894063269827093521e+01
1.876631844788112957e+01
1.864463933591967759e+01
1.863916339285025003e+01
1.879040918576660957e+01
1.910530177143091635e+01
1.956718409786544655e+01
2.014364868185188584e+01
2.079341992714563503e+01
2.146998296729335465e+01
2.213772181514009318e+01
2.276883869719638653e+01
2.333530566727838362e+01
2.383525310782945894e+01
2.426303971075327581e+01
2.462076297663019986e+01
2.491289009799325882e+01
2.514933173624083906e+01
2.038643878304463186e+01
1.958124137569610568e+01
1.865047544315073580e+01
1.767000116468769022e+01
1.675003460435742753e+01
1.601015310075368703e+01
1.554948759144089188e+01
1.541647473605456398e+01
1.558093373835757056e+01
1.593198130980552207e+01
1.633067711763791152e+01
1.664195801269924502e+01
1.680850072107782367e+01
1.683449893012945964e+01
1.679137114373873274e+01
1.677624888992078311e+01
1.687716193477473325e+01
1.716166404746150320e+01
1.765654265842033865e+01
1.835804161277265933e+01
1.922918014671802567e+01
2.021420847449978098e+01
2.125616064451434539e+01
2.229759623564066828e+01
2.329010702989367232e+01
2.419907626977055770e+01
2.500732911551553883e+01
2.570219005260071654e+01
2.628882884434620237e+01
2.677297444248459968e+01
2.716287561260283567e+01
2.747772281694464169e+01
1.976876510718034652e+01
1.897574302946838998e+01
1.804679238910249239e+01
1.703836465458225646e+01
1.604250788618547929e+01
1.517740858643831992e+01
1.455523006137670983e+01
1.425456903509058293e+01
1.427877801739227692e+01
1.453924170038606256e+01
1.489141176361375862e+01
1.519935622935109976e+01
1.538670584706973088e+01
1.546302907431190476e+01
1.550713320097607273e+01
1.562887555098979320e+01
1.592493850895614216e+01
1.646515718643658488e+01
1.726737744022836551e+01
1.831272927446543974e+01
1.954568411057771371e+01
2.089351549149915144e+01
2.227781756993025652e+01
2.363665585711624573e+01
2.490728799954599992e+01
2.604924038233410499e+01
2.705261715951938228e+01
2.790830016829831806e+01
2.861675489658062332e+01
2.919962181747199637e+01
2.966395770519137542e+01
3.003086143670310548e+01
1.943603243454815654e+01
1.869764897891997535e+01
1.780981311585459892e+01
1.681231645967152488e+01
1.578244276212767971e+01
1.482784211178507050e+01
1.408045005431481655e+01
1.365079812677516280e+01
1.357198338190883291e+01
1.377044705438042094e+01
1.409191069086496917e+01
1.438037868517043805e+01
1.454708352378558978e+01
1.460180595407173421e+01
1.463875936176986592e+01
1.478466716655270297e+01
1.515381032942309680e+01
1.582212114199549369e+01
1.680493869084093461e+01
1.806842884753537248e+01
1.954494473662253995e+01
2.113348881093836340e+01
2.275710628562559279e+01
2.432590255767266640e+01
2.577911306407065339e+01
2.707738251199769763e+01
2.820890376863497195e+01
2.916335514440528698e+01
2.994552305409851556e+01
3.057870983181913616e+01
3.108739751319530242e+01
3.148268706070233591e+01
1.945263188836708679e+01
1.876959934677341479e+01
1.792412087186037795e+01
1.694199720615974769e+01
1.588342762165834543e+01
1.485641241627740960e+01
1.401191212272502895e+01
1.349163786381671137e+01
1.335306932700549076e+01
1.352289020761615213e+01
1.382397420947933497e+01
1.407042132588089345e+01
1.414829311685630486e+01
1.407248420757551521e+01
1.395685872473781330e+01
1.395879745621737733e+01
1.421788757300482864e+01
1.482521369728085503e+01
1.579731100433727242e+01
1.709562725960440943e+01
1.863452634552436749e+01
2.030884799582919342e+01
2.201441136727925851e+01
2.366167833878475335e+01
2.518062037031139511e+01
2.653391748619676349e+01
2.770197047375800281e+01
2.868229636686263007e+01
2.948188201870246772e+01
3.012686764173209752e+01
3.063604540969857837e+01
3.103383336232801071e+01
1.980534173089720440e+01
1.915310493414077797e+01
1.832734333439579544e+01
1.734396815881233778e+01
1.625707026764747098e+01
1.518472770118074600e+01
1.429756909232504292e+01
1.376504392150069478e+01
1.365734894029001367e+01
1.388294063979818205e+01
1.421929925165321507e+01
1.443049266894668570e+01
1.437554112073062740e+01
1.407128163929721332e+01
1.366484482652382404e+01
1.334593882166036849e+01
1.330287292874721850e+01
1.364427479148834799e+01
1.440302012984047053e+01
1.554086417054512204e+01
1.695898556423848191e+01
1.854073521197748420e+01
2.017572591691733663e+01
2.176161071486495402e+01
2.323396921160862050e+01
2.454162437213013703e+01
2.566222982280861942e+01
2.659990864648753117e+01
2.736593562660434031e+01
2.797516824989944695e+01
2.845399260500945360e+01
2.882921024413986544e+01
2.041681353661579834e+01
1.976598258622601989e+01
1.894098364477352092e+01
1.795209090727284718e+01
1.686874811137760588e+01
1.582039257924953546e+01
1.500422373510217255e+01
1.460592997461705700e+01
1.468272421884912404e+01
1.510399811422946570e+01
1.558404562572148677e+01
1.581897177661797116e+01
1.563482950560977613e+01
1.504780251222962129e+01
1.424099116803730070e+01
1.347276170482187396e+01
1.296713286069881477e+01
1.287246012624436275e+01
1.324643968289785789e+01
1.405307567850019623e+01
1.519148872978864695e+01
1.653891318854972425e+01
1.797707068064259417e+01
1.939864629448670641e+01
2.072277303463918585e+01
2.190386488185872338e+01
2.291740899839677326e+01
2.376379638521493121e+01
2.445376763025750932e+01
2.500040506753150638e+01
2.542872406580219291e+01
2.576171855228469809e+01
2.117945331899825945e+01
2.052476880297860617e+01
1.970753737671457273e+01
1.876144835824732837e+01
1.776631356439105502e+01
1.687410764883216530e+01
1.629653673664291347e+01
1.621837354458548575e+01
1.667263744979315732e+01
1.745653721516450219e+01
1.820392501546614383e+01
1.854148655991714634e+01
1.824863755242589036e+01
1.736027468534573970e+01
1.609839521787912631e+01
1.478567659851151816e+01
1.370935593317506473e+01
1.306619213537124402e+01
1.293752674249406454e+01
1.329764075173693350e+01
1.405408160570205389e+01
1.507964410193292082e+01
1.623360610515459612e+01
1.741882135656298658e+01
1.854070820767271499e+01
1.955405910460491015e+01
2.042613817367448803e+01
2.115696404623478344e+01
2.174911313055641315e+01
2.221711517449632467e+01
2.258509712154110360e+01
2.286398418450739101e+01
2.199021461635859609e+01
2.140437434797792093e+01
2.066155912479830192e+01
1.985215136212809028e+01
1.907585461438758045e+01
1.850343151414330833e+01
1.834937000144714148e+01
1.877944550808126323e+01
1.977301007339223204e+01
2.104995595234581529e+01
2.215222301659524717e+01
2.263173479751656458e+01
2.224358303113039526e+01
2.102897042064359567e+01
1.927098581807084798e+01
1.735978290344093011e+01
1.565128806310502796e+01
1.439378551923164906e+01
1.370282405252395819e+01
1.356568841579866636e+01
1.389098515915614307e+01
1.454668141733460551e+01
1.539211663464575075e+01
1.630957764612972483e+01
1.721205936981747797e+01
1.804233461443660502e+01
1.876268342958755397e+01
1.937070454052020096e+01
1.986161524085869345e+01
2.025415743962390991e+01
2.055921824357109529e+01
2.079226127646555611e+01
2.304087946992703095e+01
2.250765028432863346e+01
2.193456607505116196e+01
2.138157011437000676e+01
2.096907420936772581e+01
2.087123452791142952e+01
2.129324636960637918e+01
2.235353880488569445e+01
2.397219483842400223e+01
2.578254565650656716e+01
2.724224628426521022e+01
2.784395232463878145e+01
2.731613099581831250e+01
2.574153715851769064e+01
2.344526014982361417e+01
2.090296853887005568e+01
1.853553020518483763e+01
1.664281982267917570e+01
1.537235764839943819e+01
1.472690195158890347e+01
1.461456241407755918e+01
1.490434354362211344e+01
1.544373959924025641e+01
1.610627964715086335e+01
1.679803053825250103e+01
1.745161954117609682e+01
1.803197145256304168e+01
1.852497539167659113e+01
1.892688885893855044e+01
1.924687811535601156e+01
1.949772111997900481e+01
1.968858796692742885e+01
2.435104707144814640e+01
2.401016516006266599e+01
2.370668741340782759e+01
2.352649552067630623e+01
2.359357652402520600e+01
2.407800020376866357e+01
2.514798063046253773e+01
2.687518810063422592e+01
2.910214371453087168e+01
3.139016663637086779e+01
3.312378048404520570e+01
3.375686705256192965e+01
3.302756076851892431e+01
3.101383833566424642e+01
2.814978145688558087e+01
2.495469560097072304e+01
2.192444117307501728e+01
1.940770425259448473e+01
1.757684796678705652e+01
1.644754249365245258e+01
1.593232059920246257e+01
1.588105521063409853e+01
1.614240500345336216e+01
1.658093305922177052e+01
1.708408173477991454e+01
1.758865996054390735e+01
1.804880755030918493e+01
1.844491074132473329e+01
1.877069778351409113e+01
1.903543381250191402e+01
1.923984535560217779e+01
1.939611354640392804e+01
2.614851405996050104e+01
2.607421518377973157e+01
2.612487966401950246e+01
2.639471719143432793e+01
2.700458121751795559e+01
2.809871720957567831e+01
2.980757571287807295e+01
3.214016741400757837e+01
3.487382517613313127e+01
3.750711253191546035e+01
3.938149080814888947e+01
3.992081853541762371e+01
3.888181417314549293e+01
3.639609253575288506e+01
3.292689271360347902e+01
2.908111608013965110e+01
2.541177229972992180e+01
2.230711678238894180e+01
1.996260427526940617e+01
1.839989408516811409e+01
1.752482083150560044e+01
1.718450036811181647e+01
1.721159974425169281e+01
1.746128532679914613e+01
1.781806058451334351e+01
1.820085872499343438e+01
1.856568664979306149e+01
1.888928429815717891e+01
1.915718419890996316e+01
1.937381482895703400e+01
1.954699497946680609e+01
1.967801919818198897e+01
2.850402952920621757e+01
2.875275978531422183e+01
2.920797842511769815e+01
2.995633661466271036e+01
3.110892010509257233e+01
3.277633428217594513e+01
3.504051370723333036e+01
3.785274786669712199e+01
4.093805732655707885e+01
4.374919497376944832e+01
4.560835435649649838e+01
4.593233938150277851e+01
4.450618492753260114e+01
4.148727507323916797e+01
3.742157607171655087e+01
3.294531499212291692e+01
2.868741549759394260e+01
2.506067196116333307e+01
2.226220770649263159e+01
2.033321333722699720e+01
1.916435854971793873e+01
1.859104274792002442e+01
1.843705779893156915e+01
1.854121244131627222e+01
1.878484354797470601e+01
1.907962674233845135e+01
1.937440608973731671e+01
1.964362226214408835e+01
1.987084970213894763e+01
2.005696246391620363e+01
2.020523001105124195e+01
2.032058407057980887e+01
3.135982399821683941e+01
3.195157097282078595e+01
3.281604265778924656e+01
3.402973806482231112e+01
3.567510221026147121e+01
3.782302129103037913e+01
4.051076528604062332e+01
4.364845517376078732e+01
4.690284449297983116e+01
4.972560310347709844e+01
5.141568541723682984e+01
5.143842656490431153e+01
4.956700251088660991e+01
4.601662376968396728e+01
4.138613308186970841e+01
3.635463999496802501e+01
3.157510479129846814e+01
2.748625178124911272e+01
2.432063617455904492e+01
2.209468974884649484e+01
2.069399583642557872e+01
1.994570173244268219e+01
1.965651758727636889e+01
1.966176433554750602e+01
1.982852695345998839e+01
2.006519850642870750e+01
2.031427248872272529e+01
2.054909781970353322e+01
2.075013535372990248e+01
2.091803977002448178e+01
2.104959232603755837e+01
2.115390353974372672e+01
3.453111016296605129e+01
3.545754908693087515e+01
3.670462588921215996e+01
3.832756841645493040e+01
4.037836287698797832e+01
4.289113877951621845e+01
4.586159028097934254e+01
4.914824011861779951e+01
5.241997257900978013e+01
5.509820592236718539e+01
5.652663214292098104e+01
5.616745840859258010e+01
5.384689823296812961e+01
4.981333704490082681e+01
4.467085559774422876e+01
3.916528888183539436e+01
3.395258282807163397e+01
2.950456658596261406e+01
2.604194877094362681e+01
2.358999621567280869e+01
2.202753851416885311e+01
2.115743474067229357e+01
2.078178461510840336e+01
2.072346465314821984e+01
2.084190294531097720e+01
2.104391022948273005e+01
2.126748998945698688e+01
2.148050191732390246e+01
2.166682151893830621e+01
2.182508710982359901e+01
2.194882401356325374e+01
2.204673107262778942e+01
