5.935633717980617341e+00
5.736059653907825684e+00
5.579629737487720398e+00
5.544889230936373536e+00
5.658949209232742028e+00
5.925921189969703740e+00
6.318313345412327031e+00
6.796458396022182491e+00
7.319019928321349511e+00
7.849658747144859561e+00
8.382195871629742001e+00
8.839035155490329032e+00
9.187940922191934590e+00
9.571518415844622041e+00
9.956705022071442812e+00
1.035523756807789653e+01
1.071831277055993858e+01
1.108455717977178523e+01
1.140785848107508293e+01
1.170437753802215397e+01
1.196221436004109151e+01
1.217440824924604925e+01
1.235288341467241935e+01
1.250360745426257125e+01
1.262480844532594482e+01
1.271427263079338310e+01
1.278770105890949083e+01
1.285705918351047927e+01
1.288588873228678722e+01
1.292987443381672819e+01
1.295083469135590803e+01
1.297945912793632139e+01
6.098098472114767077e+00
5.952250725295366252e+00
5.904785951898495533e+00
5.988149856471773447e+00
6.259898961564926978e+00
6.731022887088930595e+00
7.318600242139543077e+00
8.033355958962841825e+00
8.766308705267084278e+00
9.502558028666211243e+00
1.018119151294630242e+01
1.082198227253878287e+01
1.143924676957163555e+01
1.202440219237045049e+01
1.259211579055575392e+01
1.313029616790410614e+01
1.367353468644142822e+01
1.415926263340081626e+01
1.461027365567529301e+01
1.498166390721680408e+01
1.531596287890623209e+01
1.559316626397773931e+01
1.580823737971156540e+01
1.598535780693150521e+01
1.614035610166882861e+01
1.624344429559818082e+01
1.632483784357729917e+01
1.639570333152616044e+01
1.645200362832148144e+01
1.649387725927234527e+01
1.652471552897101503e+01
1.654859409248467017e+01
6.036156477705476142e+00
5.964269964592014972e+00
6.037435541077310397e+00
6.274343502185382171e+00
6.736410290684877289e+00
7.414459207137582553e+00
8.280207384758309530e+00
9.243351978254400692e+00
1.025997882659465077e+01
1.126032928212423911e+01
1.220712827616376828e+01
1.310782596738384420e+01
1.395695333201321553e+01
1.475110730717370444e+01
1.553192799257042367e+01
1.627240344441370823e+01
1.695950304367122641e+01
1.760044994080235625e+01
1.815930459630212113e+01
1.864846375906272158e+01
1.905249299742631663e+01
1.937386553983879622e+01
1.965750464327397751e+01
1.986857639498369110e+01
2.002560680205074206e+01
2.015657910025945654e+01
2.024258965507949171e+01
2.032699404318232794e+01
2.038548548880903155e+01
2.043416828618673975e+01
2.046473936088830570e+01
2.047586907313644389e+01
5.760637282236691803e+00
5.770343896701080055e+00
5.940250392719554462e+00
6.358209844613274875e+00
7.032837611519046739e+00
7.954419212304671305e+00
9.097290783098854305e+00
1.036511609855811678e+01
1.168907413034921028e+01
1.297690257687045090e+01
1.422309314946015668e+01
1.541385045053854341e+01
1.651560797821110782e+01
1.757679036548560703e+01
1.857676235094335127e+01
1.953405661797548021e+01
2.039542105200038336e+01
2.118251345812543107e+01
2.187266653421427876e+01
2.243113979786689072e+01
2.291051200071910188e+01
2.329126141851873655e+01
2.359077781962397680e+01
2.382949741003375621e+01
2.400045956648088108e+01
2.415185817547304126e+01
2.424175911384347870e+01
2.432144741999593762e+01
2.437140275264391676e+01
2.441737171256939121e+01
2.445052340235045207e+01
2.447057941309423512e+01
5.343754333128381440e+00
5.425123017069264364e+00
5.700741320518832644e+00
6.242364845611188429e+00
7.121010888160167696e+00
8.293240328130364603e+00
9.712504715633905050e+00
1.126761814921721516e+01
1.290425555917038913e+01
1.451672685925209727e+01
1.608128647004264877e+01
1.755501078010665594e+01
1.895968945927891980e+01
2.028050592283036124e+01
2.151101122281463063e+01
2.266500948355878720e+01
2.369412151375557585e+01
2.461281441722431751e+01
2.538385343434761410e+01
2.603225959971162951e+01
2.656212916322628814e+01
2.698133533765253134e+01
2.728153471052898738e+01
2.752862740128158237e+01
2.769951403202232498e+01
2.783782395552724864e+01
2.793289701813951709e+01
2.799828731948511518e+01
2.804304255084962350e+01
2.807968806424899100e+01
2.811065856408660935e+01
2.811298024966484732e+01
4.877705236615472728e+00
4.988596840175054226e+00
5.321511505270407838e+00
5.985159080804124621e+00
6.998617047726900076e+00
8.386834670543088066e+00
1.003608154159139509e+01
1.187453604250822181e+01
1.380426436822615521e+01
1.572643913693853257e+01
1.758805008924771940e+01
1.935178761264684510e+01
2.102372962220782782e+01
2.257842528955712424e+01
2.402965249046203766e+01
2.535418751673104509e+01
2.652452000167924595e+01
2.753652898106834712e+01
2.838720297238334922e+01
2.907179583026076841e+01
2.961070746575921220e+01
3.002494155299973499e+01
3.033699163992461578e+01
3.056186568406870308e+01
3.073446008136414775e+01
3.083932255311443882e+01
3.091311798175265935e+01
3.096201719347242687e+01
3.099609729068789932e+01
3.101211139252886184e+01
3.101181040134632028e+01
3.102140627047863930e+01
4.441085274028721663e+00
4.557703799361650709e+00
4.898869817846212449e+00
5.580717392407976263e+00
6.687213620156859051e+00
8.194920569785534070e+00
1.003479603005025211e+01
1.208857383899869298e+01
1.426296491766488650e+01
1.644756153106868624e+01
1.858741019332065747e+01
2.061653482737738941e+01
2.252694661604246562e+01
2.429718604232717283e+01
2.590808548010034329e+01
2.735678808411671525e+01
2.862193958739642596e+01
2.969005493870283274e+01
3.056338971165837393e+01
3.124064862625582961e+01
3.177088808556409560e+01
3.216048767835306421e+01
3.243120844759262411e+01
3.260497518845151887e+01
3.273634086476961613e+01
3.280639605396861214e+01
3.285525847151477308e+01
3.286648589082800243e+01
3.287087740077839726e+01
3.285619460520553048e+01
3.284744033018603204e+01
3.284744663829987843e+01
4.121891716579813014e+00
4.190239237090024105e+00
4.451589661654548280e+00
5.073798815927808015e+00
6.165644037725087401e+00
7.712598585231186910e+00
9.649587316013183980e+00
1.184465929936636464e+01
1.420306115779908041e+01
1.661150656707414797e+01
1.897436230411869573e+01
2.121077389376544531e+01
2.332302572922454686e+01
2.523739448558378129e+01
2.698003041132735547e+01
2.850335642199478769e+01
2.980634262995839023e+01
3.087222472554303110e+01
3.171957923883836017e+01
3.235372502479819445e+01
3.282074948381395529e+01
3.314700029166517936e+01
3.334859215393173315e+01
3.348145728973021562e+01
3.355063261422284171e+01
3.358273360199270030e+01
3.358265284713927912e+01
3.356196523525161979e+01
3.353303335228038407e+01
3.349998405867059859e+01
3.347944674616557137e+01
3.345058329972368938e+01
3.925022782857966241e+00
3.947611001805742870e+00
4.102411518072703878e+00
4.530692179450761969e+00
5.446829009797885313e+00
6.919047173189768252e+00
8.841182045801177836e+00
1.112659518157181182e+01
1.360594182974909572e+01
1.620148821803798356e+01
1.876140795216848289e+01
2.122937841656278479e+01
2.348982367172282792e+01
2.555756660639702105e+01
2.736517110536119901e+01
2.891787295824733306e+01
3.018465095280955879e+01
3.119314899430932897e+01
3.194358316603843662e+01
3.248191309187532028e+01
3.282911698831117064e+01
3.304653514218892951e+01
3.316108183557118139e+01
3.320919848878262570e+01
3.318056817152518789e+01
3.312872847663151532e+01
3.306494303550682190e+01
3.299523442133524753e+01
3.291478355429348568e+01
3.284862520139253661e+01
3.280128708639357171e+01
3.274972589312150006e+01
3.874794725732408018e+00
3.841758454396510203e+00
3.873107611797435013e+00
4.075841102771836866e+00
4.646616292867902231e+00
5.846581335384819056e+00
7.683322399177198392e+00
9.998044295457251707e+00
1.260684909153220801e+01
1.535190754144184666e+01
1.810141695803355333e+01
2.069844750823753898e+01
2.306375865656035273e+01
2.516910815603939611e+01
2.695456845181679739e+01
2.843789704367121018e+01
2.959540598865705263e+01
3.045699841588524848e+01
3.104602291241248224e+01
3.140428423893178689e+01
3.161106436351824911e+01
3.165307172014972537e+01
3.161533664175837899e+01
3.153098133629435296e+01
3.139909354798910712e+01
3.124748159051691587e+01
3.109658903981313216e+01
3.096670648841090312e+01
3.083121618933310870e+01
3.071815439131549041e+01
3.063262365406643539e+01
3.054692267388319848e+01
4.008525761903961815e+00
3.901514962498701777e+00
3.809154869733844428e+00
3.814916151031532365e+00
4.018378053330058819e+00
4.712422695783088145e+00
6.251686823678389793e+00
8.536095062120459431e+00
1.122012974521544315e+01
1.411611498924811592e+01
1.698296094816858570e+01
1.968585865257232825e+01
2.211195704332413214e+01
2.419490937525313257e+01
2.590303535642918575e+01
2.723340113828145093e+01
2.821213691560778969e+01
2.884958518887769330e+01
2.920841298802647756e+01
2.935473983478131288e+01
2.932198947803065892e+01
2.917852849306651208e+01
2.896528669982993520e+01
2.871153978457364886e+01
2.845188442583123134e+01
2.818378829133200014e+01
2.794639891008757360e+01
2.772632632527104946e+01
2.753234708787902463e+01
2.736831387392011550e+01
2.722409387693294036e+01
2.711169518009648272e+01
4.839797697772976193e+00
4.392095642671034916e+00
3.917691779876119273e+00
3.755141318610747625e+00
3.771766055479192747e+00
4.083837357585560213e+00
5.025337826404761898e+00
6.968683560364824281e+00
9.700015347165207302e+00
1.271238857327423233e+01
1.571922095607690295e+01
1.850937849436255433e+01
2.095383252534973906e+01
2.297679207988711525e+01
2.454535676670860767e+01
2.568539365926301699e+01
2.640904409150219223e+01
2.678061972974163396e+01
2.686008040130747787e+01
2.672563610144981894e+01
2.643319569964794624e+01
2.605357492572829514e+01
2.563741907010022203e+01
2.521653816059805919e+01
2.480679805424334461e+01
2.443583741964230782e+01
2.409306102495271062e+01
2.379252734855008100e+01
2.354723038459762208e+01
2.333508883457540861e+01
2.315158061360332908e+01
2.301382356496100101e+01
6.160355390625046113e+00
5.696209891538223324e+00
5.087668431701950489e+00
4.235123072685728296e+00
3.663643297353989414e+00
3.820062956444634228e+00
4.322122593161724424e+00
5.712065163258742473e+00
8.275540619004850384e+00
1.141872090023214525e+01
1.456831714987210624e+01
1.746863572556786082e+01
1.993025970795593338e+01
2.186778273170362041e+01
2.328080496731104532e+01
2.416497668734065840e+01
2.460071786191116061e+01
2.466808260457584367e+01
2.444643892134408247e+01
2.403484873542219802e+01
2.347725171587812909e+01
2.286578453376169406e+01
2.224153897499728672e+01
2.163630438864891303e+01
2.108416962085871305e+01
2.059148963631623275e+01
2.015234133734357513e+01
1.977043522978017265e+01
1.946191508867281073e+01
1.919338849756611864e+01
1.897830616546544391e+01
1.880294235782752565e+01
7.461963058724306208e+00
7.066222418309353159e+00
6.533153534000810225e+00
5.708016610202743202e+00
4.464798620964504750e+00
3.525473665835221482e+00
3.807831358857290738e+00
4.498253983020896740e+00
7.175840993314563931e+00
1.047804640781285457e+01
1.380206916566127262e+01
1.680182367380158226e+01
1.928427580517989526e+01
2.114723028262740812e+01
2.236692492421913414e+01
2.302401887346090348e+01
2.318290001794509081e+01
2.293657409204200448e+01
2.239810333616933491e+01
2.166737045267264250e+01
2.083096971939276898e+01
1.996183680864924526e+01
1.912457966494491401e+01
1.833772409408027926e+01
1.764174724482567314e+01
1.701869804933821229e+01
1.648539122079491293e+01
1.604708472524880136e+01
1.566315975207217193e+01
1.536135131158459899e+01
1.511685276405794198e+01
1.490390709098830158e+01
8.776739689538093359e+00
8.516478679253728146e+00
8.080859348931685560e+00
7.277648253924319910e+00
5.940408054216248956e+00
4.081598622815248767e+00
3.238968202047959100e+00
3.724979319223567398e+00
6.687766510007688403e+00
1.016915317884942915e+01
1.356180305563529132e+01
1.665973134107064624e+01
1.915799564968795465e+01
2.094058227471470346e+01
2.200762460058503223e+01
2.242378869587655288e+01
2.226629607771713992e+01
2.170211630375800738e+01
2.082137280188601380e+01
1.976642453405366240e+01
1.865840103640056924e+01
1.754778189405892164e+01
1.650442257896976628e+01
1.555538609347694212e+01
1.472755344388535370e+01
1.402342546859313721e+01
1.341733289470147561e+01
1.291673617541120755e+01
1.249901288421188106e+01
1.215028938763477839e+01
1.186615676796652252e+01
1.164844198095825156e+01
1.006529534155027505e+01
9.909728440706983221e+00
9.526395379127004404e+00
8.718797883028019058e+00
7.316544373085188901e+00
5.305712987118787360e+00
2.862973823140801510e+00
3.521177923097679852e+00
6.657185996984313014e+00
1.033630243825606421e+01
1.388935170576646527e+01
1.702316433610246449e+01
1.953046758835694874e+01
2.124289663531944328e+01
2.214069465043576912e+01
2.230016074601597609e+01
2.183978879314223320e+01
2.093987580451955210e+01
1.974336908443052607e+01
1.839764037075738301e+01
1.699492394438414422e+01
1.566157646311948071e+01
1.442054809589311937e+01
1.333775935309759397e+01
1.240308229386383587e+01
1.160543802420303194e+01
1.091293290784786407e+01
1.033732663346823344e+01
9.871998490016530070e+00
9.485500417084235636e+00
9.168341969457378227e+00
8.921002497357367389e+00
1.115171927147006059e+01
1.104109340473920753e+01
1.066118205934592211e+01
9.800033222200688954e+00
8.294080571750754416e+00
6.151130373400466311e+00
3.546399961278311252e+00
3.414990393381910128e+00
6.838293233288391448e+00
1.072393529511164090e+01
1.443472741453969199e+01
1.767851058744667370e+01
2.022451838201152796e+01
2.186157263776376070e+01
2.259825924831626054e+01
2.251196404576864651e+01
2.177924201699458351e+01
2.057022979151874154e+01
1.906172322039232370e+01
1.743149246082032278e+01
1.579214324178429685e+01
1.423615541813958529e+01
1.281182500316456796e+01
1.157189870191061942e+01
1.051040196611491773e+01
9.619289667928816456e+00
8.867118220991024202e+00
8.244966292000105668e+00
7.742284932379059903e+00
7.398809950843319605e+00
7.241367995831303084e+00
7.147888000140532050e+00
1.187951029426161753e+01
1.174832581086004879e+01
1.131510039692509828e+01
1.035704484699881256e+01
8.740468250222379609e+00
6.609830656907707436e+00
4.247143423639986537e+00
3.741441372555405209e+00
7.105294780932273291e+00
1.119104263816296374e+01
1.510330439094948929e+01
1.857895977551041611e+01
2.115216378990481161e+01
2.270404599698987624e+01
2.327081879258724939e+01
2.293359013138016422e+01
2.192879649089699967e+01
2.043665569827063422e+01
1.866325817080311467e+01
1.677877249927862024e+01
1.491643808805143401e+01
1.317975843161585026e+01
1.160632736804088516e+01
1.020564098721533597e+01
9.102338826664059468e+00
8.677933239935970988e+00
8.352552151911858402e+00
8.089489283718377166e+00
7.876530537091383621e+00
7.715713669197167945e+00
7.594271331713681406e+00
7.504297612231728642e+00
1.217951913490844440e+01
1.198535167392960155e+01
1.144170982090041910e+01
1.038175169707669987e+01
8.868738939100722973e+00
7.121695445895865006e+00
5.353082925527575142e+00
5.026571643783094068e+00
7.634696049718160182e+00
1.182532835918324210e+01
1.611227127699713435e+01
1.972808135727175127e+01
2.234562973063354718e+01
2.380148378541154131e+01
2.416155230284268995e+01
2.361716806343077479e+01
2.232949655351506024e+01
2.056397422482642412e+01
1.853842903132479236e+01
1.641709461859501573e+01
1.436305073043028990e+01
1.245823008156942890e+01
1.073958475928246692e+01
9.279544002232324118e+00
8.702803616262848152e+00
8.253074790500264157e+00
7.875072827278227550e+00
7.557346719666949042e+00
7.302910218199388126e+00
7.114947347134696010e+00
6.973273891153279891e+00
6.857660400268233758e+00
1.206710915735781775e+01
1.178012092051913484e+01
1.117472737479586264e+01
1.025902128180109329e+01
9.146482201835075543e+00
7.868692634250412432e+00
6.902170058879844916e+00
6.704986187153622268e+00
9.443773603223133861e+00
1.304857964817231419e+01
1.753298239775589806e+01
2.126783602086529967e+01
2.388453281257214655e+01
2.524792217524038307e+01
2.542215880205116818e+01
2.461766784967908350e+01
2.306857292758661870e+01
2.103608706659644412e+01
1.875206806504588997e+01
1.641964207866412195e+01
1.417962301596496211e+01
1.211947210214285775e+01
1.029816861139042672e+01
8.707542349975808449e+00
7.696593526651938078e+00
7.198407758121319944e+00
6.770188548889545466e+00
6.422655024768647358e+00
6.155678369066009736e+00
5.946844500055705751e+00
5.781532273427981927e+00
5.673912779317120680e+00
1.166314225221633016e+01
1.141658129742109828e+01
1.094508635177320599e+01
1.032176163157411075e+01
9.669659011005848015e+00
9.220996681634105130e+00
8.541878122652198257e+00
8.759269269135060654e+00
1.180220721726652400e+01
1.484063839395676965e+01
1.942312441062453843e+01
2.322773692018539293e+01
2.584636979584917782e+01
2.710566575678704382e+01
2.710599537431576422e+01
2.606104428495258674e+01
2.423336038235665058e+01
2.193203667365874310e+01
1.940780484852791332e+01
1.685461861546884066e+01
1.444030947873451609e+01
1.223675410743820891e+01
1.028691790613081380e+01
8.632709579341163675e+00
7.230779346474071723e+00
6.076467745829920553e+00
5.444626483593157928e+00
5.059145914781733921e+00
4.766243459158477691e+00
4.528061582340475510e+00
4.360694730603277947e+00
4.235384029118603344e+00
1.139438387250981322e+01
1.118944777579463157e+01
1.099070039501911289e+01
1.091940365117920564e+01
1.099131089307971898e+01
1.085510919477662028e+01
1.018637894040105074e+01
1.106657758561027549e+01
1.424747437280128359e+01
1.714713119208439096e+01
2.177558857127174008e+01
2.561663033659842625e+01
2.818194554081338055e+01
2.935015142230297869e+01
2.917983665721785869e+01
2.791147855702224234e+01
2.584008965825621829e+01
2.324959186700955271e+01
2.046824178075882017e+01
1.769966413322889309e+01
1.511296242267726164e+01
1.276359885716365739e+01
1.071506269016632551e+01
8.976130998185942289e+00
7.530002211468663553e+00
6.333498137915776205e+00
5.379367182354177324e+00
4.610367925882980167e+00
4.007930189565676926e+00
3.537479269629271617e+00
3.183452113975993925e+00
2.955434557391213524e+00
1.151849548671265921e+01
1.174132732095004172e+01
1.207016986404960512e+01
1.241964128528275779e+01
1.260578602094220635e+01
1.237231629129253285e+01
1.145692052725383547e+01
1.329260358453752922e+01
1.662634084742440166e+01
1.973391411992101041e+01
2.445246119512691507e+01
2.829569606237710744e+01
3.080345625612382321e+01
3.183599589663772633e+01
3.149392534303749969e+01
2.999898220592991294e+01
2.767904261821841416e+01
2.484485144015400238e+01
2.181931140494713617e+01
1.884329339242231427e+01
1.607348646606516240e+01
1.359389849516036541e+01
1.145147024735024921e+01
9.636181653363230737e+00
8.142981812796044494e+00
6.916843920251194433e+00
5.940465059736622422e+00
5.169955261699305638e+00
4.563973972342781238e+00
4.094791386973417602e+00
3.743373410608826113e+00
3.464992094845114945e+00
1.285326148136501345e+01
1.324484609521974754e+01
1.358770552542662102e+01
1.382368031967275890e+01
1.378954331168609748e+01
1.327208635150947025e+01
1.211278304564693364e+01
1.545306603844176152e+01
1.881962123772837714e+01
2.250755277044889624e+01
2.727947020375596310e+01
3.107003886650293012e+01
3.348405254614171866e+01
3.437995944789824421e+01
3.383434048019331186e+01
3.211226275877408654e+01
2.954935386992828228e+01
2.650033954602568542e+01
2.326410059009113240e+01
2.008713756194934774e+01
1.714349208003701719e+01
1.452176743695277672e+01
1.229258002954808404e+01
1.041478782108367263e+01
8.859520773784096193e+00
7.620991140500631644e+00
6.627073262816426613e+00
5.845537319955073308e+00
5.240403077546662125e+00
4.781312199347622638e+00
4.419443877074024307e+00
4.147327854005045111e+00
1.403749714920900793e+01
1.432268787095218521e+01
1.450173369362328479e+01
1.451520291788551731e+01
1.422806867531502029e+01
1.345656723918003017e+01
1.369039293414589942e+01
1.744167278487250883e+01
2.077003219716008076e+01
2.531808156766823714e+01
3.004567555527271239e+01
3.373924233118519567e+01
3.602748799896181708e+01
3.673391987750144949e+01
3.599133321129600205e+01
3.404586611917734729e+01
3.125645959677370911e+01
2.799250038006315933e+01
2.455836903361502976e+01
2.122374971425809065e+01
1.814082721413894461e+01
1.541019908624904566e+01
1.306511173998721809e+01
1.113529268518642645e+01
9.543726356555835011e+00
8.272826435400876477e+00
7.269912465451974448e+00
6.485102309298646617e+00
5.875622408925698537e+00
5.413143084017601581e+00
5.060209555702775752e+00
4.788616415656172798e+00
1.445859100087535687e+01
1.459381563586959807e+01
1.460450256522629964e+01
1.439727523777234097e+01
1.388730885946447557e+01
1.300750030225399456e+01
1.548764226104676034e+01
1.913766063595755185e+01
2.288550360281724139e+01
2.794006281616081822e+01
3.255587641039104341e+01
3.613001429155762168e+01
3.824975120398892869e+01
3.876161849418476635e+01
3.781847914707084612e+01
3.566358452937416956e+01
3.267057554727753654e+01
2.920163754317978544e+01
2.560168567094437009e+01
2.211337571161923066e+01
1.890967232818477228e+01
1.608708922460892410e+01
1.367794486626720385e+01
1.167987741880912722e+01
1.006299011379087105e+01
8.769654582272007559e+00
7.755584511645892576e+00
6.963342979941136157e+00
6.355479745912283818e+00
5.892609501752448686e+00
5.543589490452372814e+00
5.270580846426422994e+00
1.404355888311151013e+01
1.407911668719210851e+01
1.393977088631261729e+01
1.359398928657996386e+01
1.302436201688472472e+01
1.350206098549289990e+01
1.699165611252762886e+01
2.057414610001035271e+01
2.527933341529790567e+01
3.023020945639376578e+01
3.468409034928712487e+01
3.809150805735792744e+01
4.002461234340773899e+01
4.036184383204976456e+01
3.922731829327157271e+01
3.688645980222731424e+01
3.370985894878029399e+01
3.006926129599266062e+01
2.632154514365164744e+01
2.269706715612493753e+01
1.940208144550503278e+01
1.649617696536163081e+01
1.404395792948848154e+01
1.200349219734842166e+01
1.035016753186599558e+01
9.050558167321506531e+00
8.029762776433347682e+00
7.239721444115512661e+00
6.637221771997104725e+00
6.175007657786229842e+00
5.821644425490716479e+00
5.557501824131390045e+00
