-94.73  62.48  66.412
-94.27  58.58  94.776
-83.56  53.47  40.447
-78.17  53.12  151.057
-76.93  56.06  1826.558
-78.60  58.91  184.272
-78.04  62.18  98.708
-74.90  62.19  294.087
-72.78  61.97  396.154
-69.73  59.53  64.960
-68.96  58.43  211.589
-63.77  59.21  478.750
-60.99  56.61  137.169
-60.35  53.80  270.344
-57.64  54.15  807.697
-56.66  51.04  136.336
-57.88  49.79  2286.030
-58.67  48.39  872.302
-53.72  47.31  400.847
-54.89  49.42  1382.340
-63.97  49.79  3355.810
-68.37  48.46  164.761
-69.30  48.44  1214.861
-71.00  46.88  497.598
-65.61  47.82  1210.357
-61.73  47.44  1005.074
-62.88  46.12  564.413
-60.77  46.11  1055.115
-64.23  45.72  452.834
-63.26  44.70  128.018
-60.01  43.95  40.041
-65.85  43.82  24.917
-65.86  44.55  532.742
-66.62  45.10  638.422
