7.140695910877083463e+01
7.068597823254175694e+01
6.970327468899031942e+01
6.849505248855028583e+01
6.716838186045545456e+01
6.583846699424726978e+01
6.460597007998033803e+01
6.353136901008806348e+01
6.263183443633320024e+01
6.189998070454657864e+01
6.130994685538983191e+01
6.083200624061012718e+01
6.043876343384359018e+01
6.011633352634117244e+01
5.984700434347003295e+01
5.962200218811499752e+01
5.943459363495345826e+01
5.928138354603652971e+01
5.915652848099173156e+01
5.905646824002976558e+01
5.897335594011136095e+01
5.890703142479237187e+01
5.885404353212878448e+01
5.880950617751970100e+01
5.877293541680428746e+01
5.874426915058667475e+01
5.872037117912313420e+01
5.870212356015405675e+01
5.868707191522827316e+01
5.867418280509927797e+01
5.866401775246504968e+01
5.865676384837769319e+01
7.137690505672487973e+01
7.045290598402779381e+01
6.923386878868312522e+01
6.779905264829794476e+01
6.625884405817210165e+01
6.475380867831221110e+01
6.337708982704127436e+01
6.220121461245712879e+01
6.124111640397033796e+01
6.048156578925645732e+01
5.988916557774751226e+01
5.942715621917003688e+01
5.906558925968820972e+01
5.878332880168074581e+01
5.856376212913747281e+01
5.839137176163320220e+01
5.826141547275002353e+01
5.816089110375017412e+01
5.808466449097736017e+01
5.802504978800785551e+01
5.797630111708533462e+01
5.793652002164775183e+01
5.790187973544642119e+01
5.787115296199544190e+01
5.784516891416793527e+01
5.782066985428043182e+01
5.779886229762416860e+01
5.778245016822674529e+01
5.776777639664894082e+01
5.775601480298115575e+01
5.774609843480374138e+01
5.773682284178742208e+01
7.148791663812536967e+01
7.034679379272792232e+01
6.889394228401998532e+01
6.721997792420886242e+01
6.545227674938482210e+01
6.374348315951776556e+01
6.222069301333986857e+01
6.094956212979122512e+01
5.994878084969963083e+01
5.919243082916393917e+01
5.864031034949320542e+01
5.824138554541340085e+01
5.796177895490332332e+01
5.776818793452640932e+01
5.764286227306691046e+01
5.756591974963387059e+01
5.752579635244443779e+01
5.750753853736850374e+01
5.750050166391880424e+01
5.749721824584860030e+01
5.749027579128163268e+01
5.747975012154920904e+01
5.746608118004611754e+01
5.744784927085905224e+01
5.742939137529197779e+01
5.740828717204807674e+01
5.738623471958250377e+01
5.736757442328865864e+01
5.735039791215768901e+01
5.733573991603867626e+01
5.732306971149915142e+01
5.731282905719253051e+01
7.170164709825563421e+01
7.033380476568181905e+01
6.863911261577489142e+01
6.670796601526095060e+01
6.469939113424300103e+01
6.278494102504328822e+01
6.111451652099341203e+01
5.976423371810627572e+01
5.874711968312269761e+01
5.803717659425303310e+01
5.757189833803492718e+01
5.729281239045283058e+01
5.714615912317531610e+01
5.709329863027777918e+01
5.710653801001515006e+01
5.716143700958925677e+01
5.723569817265994430e+01
5.731558344954806472e+01
5.738540690326147597e+01
5.744044137696069185e+01
5.747443771519759537e+01
5.749020942651370092e+01
5.748984830808802116e+01
5.747604074221079884e+01
5.745609991196845101e+01
5.743090863773456789e+01
5.740596651274563555e+01
5.738151382089679942e+01
5.735728424275494319e+01
5.733508592413016913e+01
5.731649110858341345e+01
5.730220792794506224e+01
7.192250619827281355e+01
7.033349494514537525e+01
6.838418680955503248e+01
6.619544849436346112e+01
6.393981729787179091e+01
6.182691589550689315e+01
6.001355523169159056e+01
5.860390707806946864e+01
5.761413650602602132e+01
5.699605717727935428e+01
5.667204590643043360e+01
5.656432604870254721e+01
5.660079170655438929e+01
5.672774473628570036e+01
5.690421553372895147e+01
5.710563492138197716e+01
5.729849358870865217e+01
5.747264529362126950e+01
5.761143877482514597e+01
5.770878048987738396e+01
5.776836448741946839e+01
5.779471211848230894e+01
5.779326598937176129e+01
5.777603382909078533e+01
5.774628659590016611e+01
5.771240822156396888e+01
5.767342936847251877e+01
5.763851382002791013e+01
5.760482757339855908e+01
5.757578904847194678e+01
5.754925196694891554e+01
5.752710389518221490e+01
7.206429873998709468e+01
7.025028455969577124e+01
6.805441328918614374e+01
6.560399560324381696e+01
6.310873164581096262e+01
6.079978637876443770e+01
5.887362423846956005e+01
5.743973280906271128e+01
5.651844400051532347e+01
5.604601545726448109e+01
5.591536460464682534e+01
5.601985598971544533e+01
5.626604183229161293e+01
5.658493387814284858e+01
5.692745317404699534e+01
5.725962448452557396e+01
5.755484630675397995e+01
5.779403915616817500e+01
5.797060531635774083e+01
5.808643508075356010e+01
5.814732337880969482e+01
5.816810512962814528e+01
5.815398039956733101e+01
5.812337649765370173e+01
5.807930876093238481e+01
5.802946546053194510e+01
5.798137153354577578e+01
5.793446159411001162e+01
5.789503669859172419e+01
5.786199751057549889e+01
5.783102736093383811e+01
5.780598314117841596e+01
7.199683773647834073e+01
6.995776796712371493e+01
6.752788663509225842e+01
6.483379124765090751e+01
6.211471315127569426e+01
5.964813146499924557e+01
5.764427182812522688e+01
5.624012421575139342e+01
5.544019048781059666e+01
5.515802321913381689e+01
5.525829904937681647e+01
5.559781921477126332e+01
5.606064219620414235e+01
5.655951375353256338e+01
5.703939873272082650e+01
5.746716257101081737e+01
5.781649739200971538e+01
5.808152523842982617e+01
5.826420290254198875e+01
5.837178382009774680e+01
5.841700341050236744e+01
5.841890366259428902e+01
5.839294562213571993e+01
5.834673520080484366e+01
5.829729583444293439e+01
5.824771696670444499e+01
5.820014395074626634e+01
5.815972150593033518e+01
5.812578154249813167e+01
5.809676295156489090e+01
5.807323889963149099e+01
5.805556675444685055e+01
7.157309798482958740e+01
6.932675812841615937e+01
6.667113699283626715e+01
6.376481374899166354e+01
6.086879208136759445e+01
5.828757948552083690e+01
5.626763744925062838e+01
5.494989676348036056e+01
5.433159395111059808e+01
5.428866504421497297e+01
5.464652392703727202e+01
5.522322188341315297e+01
5.587959581372459184e+01
5.651908781932370118e+01
5.708687852282271535e+01
5.755620984186643341e+01
5.791400600406448262e+01
5.816534317016724032e+01
5.832201101589019032e+01
5.840189694499370177e+01
5.843044497790367586e+01
5.842684785186776963e+01
5.840234701685759688e+01
5.837454362640513494e+01
5.834930474844001935e+01
5.832730358645238056e+01
5.831298078219885639e+01
5.830190830578708017e+01
5.829971159690445859e+01
5.829670716500787364e+01
5.829967628780602951e+01
5.830257117494358710e+01
7.066082979721583968e+01
6.823756564922952350e+01
6.538509445498920059e+01
6.230593114372744168e+01
5.928883372043536326e+01
5.666344381657197715e+01
5.469796049359285917e+01
5.353645834096487732e+01
5.314883943338649175e+01
5.337689464928865846e+01
5.399258744395626053e+01
5.478552984960612093e+01
5.559150722493191665e+01
5.631176062463842413e+01
5.690458439663487411e+01
5.735129807883610908e+01
5.766320571737850287e+01
5.786486358025602073e+01
5.798202313987104617e+01
5.804095898371866724e+01
5.807024347558248678e+01
5.809099104013736792e+01
5.811682809231771785e+01
5.815111999058176906e+01
5.819708671932843203e+01
5.824921195625471881e+01
5.830993219094181512e+01
5.836843470962423908e+01
5.842754172132106305e+01
5.848391681418395649e+01
5.853396094645005832e+01
5.857852563204511398e+01
6.919132915848047105e+01
6.659832048851839659e+01
6.359982697163052023e+01
6.041307828994144558e+01
5.734344094637463485e+01
5.475429207248757280e+01
5.292048593297607795e+01
5.197784020708966324e+01
5.186192143534115928e+01
5.236844804210415560e+01
5.322370228132532333e+01
5.418020477863103679e+01
5.505996289787308484e+01
5.577742314547345615e+01
5.630367583394346553e+01
5.665458976840869809e+01
5.686734272162534154e+01
5.698498368650519552e+01
5.704812997037102917e+01
5.709713747001064377e+01
5.716099796704590119e+01
5.724865113987154785e+01
5.737006126732343603e+01
5.752065353115389001e+01
5.769200095677062023e+01
5.787004564164844567e+01
5.804896989754949033e+01
5.821708846088721145e+01
5.837215949244737345e+01
5.851105093565158910e+01
5.863019890617395902e+01
5.873351575664103308e+01
6.714623575927473098e+01
6.443502161499404224e+01
6.136106751675357174e+01
5.813982077242207680e+01
5.510207029619778041e+01
5.262975233480436543e+01
5.100053007988967835e+01
5.032931363834158844e+01
5.051140457428295605e+01
5.128306655998648722e+01
5.232339419663255597e+01
5.335676524070282056e+01
5.420918880309091037e+01
5.480789602631441682e+01
5.515937914915734552e+01
5.531493873456846444e+01
5.535037012985069538e+01
5.532957163833026470e+01
5.531676802110009561e+01
5.535577603040938754e+01
5.546167253049351586e+01
5.565129219564828844e+01
5.590232142800400084e+01
5.620467150220981978e+01
5.653513750496621526e+01
5.686962233978888293e+01
5.719603155861943833e+01
5.749708542049322091e+01
5.777007758582640662e+01
5.800477262142336343e+01
5.820687331718237800e+01
5.837231957930868731e+01
6.464059482516415756e+01
6.188638894358465592e+01
5.881131957115075437e+01
5.564316608247192164e+01
5.273709436536817918e+01
5.047005232072091019e+01
4.912477019934155464e+01
4.877704286577048265e+01
4.927108551384449697e+01
5.028210603915336208e+01
5.144257419321009905e+01
5.245290405738876416e+01
5.314200574895836837e+01
5.347699175101590896e+01
5.351047546957438072e+01
5.334383901118996363e+01
5.309117059980932396e+01
5.284741860541983272e+01
5.269588523517606404e+01
5.267610005380263516e+01
5.280533143195241763e+01
5.307433512280939425e+01
5.345320665196896925e+01
5.390396247755706582e+01
5.439475747551617957e+01
5.488645961675941720e+01
5.535650191364917561e+01
5.578858510165143514e+01
5.617247819682849297e+01
5.649998118352412746e+01
5.677860369142305785e+01
5.700472165681782144e+01
6.188339067133118476e+01
5.916372144910837250e+01
5.618253242764780708e+01
5.318179350159079632e+01
5.051410795892817163e+01
4.856359000846919116e+01
4.759399483631035821e+01
4.763703527792876002e+01
4.847491278312543272e+01
4.971280985633428173e+01
5.093134393509895830e+01
5.181492041187353692e+01
5.221085776555570845e+01
5.212625785542329737e+01
5.167946340257260829e+01
5.102815362476796679e+01
5.034337470100537359e+01
4.975231226421501418e+01
4.935264508017642271e+01
4.918898576727846716e+01
4.926169641027227897e+01
4.954787134441891538e+01
4.999714734011316608e+01
5.055263549857575356e+01
5.115366980628580507e+01
5.176201946893378647e+01
5.234964957982303702e+01
5.287901084885992020e+01
5.334512782356860328e+01
5.373825094167424510e+01
5.407329916195767794e+01
5.434521399708135903e+01
5.911944706107303915e+01
5.653919925511511479e+01
5.377075921342304810e+01
5.105890543848786223e+01
4.876787902530796970e+01
4.726388534193581847e+01
4.679134790523699650e+01
4.732616391872252848e+01
4.857037385507053528e+01
5.005227246526580842e+01
5.130604998610244394e+01
5.198573346081981583e+01
5.197349872136390303e+01
5.132696586765895574e+01
5.023833198688776491e+01
4.894588719618062811e+01
4.766775398436359978e+01
4.658503300683170067e+01
4.580287459196691913e+01
4.537594041081688800e+01
4.528499218347823074e+01
4.548970322999332438e+01
4.592143296747303083e+01
4.649283399896647495e+01
4.714108089558388315e+01
4.780666420067966982e+01
4.844138894890652836e+01
4.902035691455225930e+01
4.952751414736453484e+01
4.995638788723083934e+01
5.031528687584678039e+01
5.060523407342802926e+01
5.663914891313319799e+01
5.431323845178604159e+01
5.188008012457783735e+01
4.959012404234841398e+01
4.781391242910241601e+01
4.691268181905360990e+01
4.708190480223758101e+01
4.823171801262900260e+01
4.997578946181004511e+01
5.175882329201395038e+01
5.304430997112364565e+01
5.348599662647179542e+01
5.298192947972293609e+01
5.166086056292542850e+01
4.980543889776890865e+01
4.773277294037719543e+01
4.572771249292451046e+01
4.402036642851878412e+01
4.273571440355687656e+01
4.192189032317217112e+01
4.156280592965095622e+01
4.158645414441049581e+01
4.190397537151039842e+01
4.241369796140322990e+01
4.302926248489112737e+01
4.367898070832451651e+01
4.430647008210726057e+01
4.488424592835289673e+01
4.538654467219153332e+01
4.581825988548516904e+01
4.617203331689352552e+01
4.646124911554783665e+01
5.467970811093891825e+01
5.272005431683651722e+01
5.073395798186683692e+01
4.900210700259919605e+01
4.788566528698510893e+01
4.772695785428263804e+01
4.867249025029656195e+01
5.055387166083001205e+01
5.289004374666624386e+01
5.502955648791191123e+01
5.636970409470006160e+01
5.654188919385021705e+01
5.548865758831824735e+01
5.341416948093754513e+01
5.069759966382303418e+01
4.774743005464242174e+01
4.492158871373174378e+01
4.249721231810262623e+01
4.062260210221212020e+01
3.935049907593990071e+01
3.864308726933494142e+01
3.841889965784544358e+01
3.855649903765610986e+01
3.894189269483591431e+01
3.947105533414316625e+01
4.005458099752029710e+01
4.063878612602741924e+01
4.117925934292888712e+01
4.165241049211800117e+01
4.205436734482999839e+01
4.238958542307330646e+01
4.266084228744819029e+01
5.341430195086905286e+01
5.189423896878204800e+01
5.045629478971160609e+01
4.938019383465305623e+01
4.902565596642867973e+01
4.970907382458346291e+01
5.152054879018201916e+01
5.420399825240157554e+01
5.717317677070938231e+01
5.968224780579548394e+01
6.105352882865561526e+01
6.092596673486187342e+01
5.926342078204588404e+01
5.637331927486386007e+01
5.272773586333781992e+01
4.883938381986375532e+01
4.514504508791522142e+01
4.196470327121750188e+01
3.946657417936843615e+01
3.770661302589160613e+01
3.663141946405560390e+01
3.613221090612923803e+01
3.607467444661567413e+01
3.631455331550660759e+01
3.673800072449647303e+01
3.724332303614878725e+01
3.776209030715668291e+01
3.825714541213660169e+01
3.869115283724499221e+01
3.906102715273109283e+01
3.936702092329428382e+01
3.961776839797252592e+01
5.288407833133182123e+01
5.185871676544672937e+01
5.101829504801666104e+01
5.065031721477868132e+01
5.110576036381937115e+01
5.266147517850729542e+01
5.534666534792869896e+01
5.881773903594363873e+01
6.238404119278013127e+01
6.520094222637823123e+01
6.654494085664036618e+01
6.602950856866011975e+01
6.368532595787385731e+01
5.991320134929874541e+01
5.529436261342365100e+01
5.043626231461996667e+01
4.586593150348961956e+01
4.193858736575202073e+01
3.883770828043717671e+01
3.661626894188997738e+01
3.520117972784173332e+01
3.445934398672677901e+01
3.422913858924079022e+01
3.434769887201829164e+01
3.468465855680887699e+01
3.512580420246201385e+01
3.559887338809225099e+01
3.604953583520223503e+01
3.645466932974147767e+01
3.680004595566975212e+01
3.708430946405613327e+01
3.731741753249242066e+01
5.308303740409977678e+01
5.255550537247006559e+01
5.231466775179656992e+01
5.264902265417980232e+01
5.389025984557863325e+01
5.627090120537117457e+01
5.975780225515384814e+01
6.391920846814561941e+01
6.795789033630153142e+01
7.095388969123843026e+01
7.214425261244556964e+01
7.113417411548920199e+01
6.803374721470230213e+01
6.332129810560131489e+01
5.769540143782383979e+01
5.188863883975589175e+01
4.646807752703384153e+01
4.184477800040515660e+01
3.821538376815746574e+01
3.560601449446654243e+01
3.392776965593024840e+01
3.301388851756887277e+01
3.267680403950047463e+01
3.273336835952355983e+01
3.303078517141121750e+01
3.345030478763081305e+01
3.390024545703049341e+01
3.434232304701112071e+01
3.473597548463370543e+01
3.507207765761577889e+01
3.535020587696198646e+01
3.557493852555231939e+01
5.395387998579567324e+01
5.389240665966291033e+01
5.420736498141106097e+01
5.518303120725034461e+01
5.712756147403097629e+01
6.022532331146356199e+01
6.437225502057107462e+01
6.905792641268257626e+01
7.340624112568067972e+01
7.642207882860198254e+01
7.731076159882721299e+01
7.570617784322935506e+01
7.176608541400388219e+01
6.609083506714694067e+01
5.948429277951578342e+01
5.276526545264108847e+01
4.657915565885638642e+01
4.135859222033204929e+01
3.730634899335004206e+01
3.442557460393971525e+01
3.259471748322824425e+01
3.161336989540659559e+01
3.126103368091424528e+01
3.133373285696484345e+01
3.165730115669617462e+01
3.210787105377512773e+01
3.259076693201686226e+01
3.305261134096687670e+01
3.346478215181548421e+01
3.381264870117117738e+01
3.410167963629569243e+01
3.432883788200146569e+01
5.544969874052203807e+01
5.576462018126879627e+01
5.655880784933742689e+01
5.808091237248884653e+01
6.060569344912625667e+01
6.426768222245715378e+01
6.890178539147927950e+01
7.392726870148680973e+01
7.840117517270438441e+01
8.128356561042228634e+01
8.175066972196971449e+01
7.947221615999004030e+01
7.468141028115606161e+01
6.806382276663386222e+01
6.053937701287860307e+01
5.300587726924151610e+01
4.617426077844160659e+01
4.049779833265793627e+01
3.616514789491301940e+01
3.315316009533214014e+01
3.130097398646189788e+01
3.037021921830925564e+01
3.010716613127636521e+01
3.028284274462339098e+01
3.070808502408145912e+01
3.124990289571661251e+01
3.180657519216488538e+01
3.233148115121718291e+01
3.278669932627916950e+01
3.317085821891799924e+01
3.348277326416335598e+01
3.372678803167121941e+01
5.737207253680605135e+01
5.804392672847895795e+01
5.922531143088023242e+01
6.117493858358405134e+01
6.413682835397682425e+01
6.819921862605380625e+01
7.314508427083505637e+01
7.832604085857899179e+01
8.276869714574119996e+01
8.538690785341107414e+01
8.536628744443045491e+01
8.240184657153744752e+01
7.679615712390577187e+01
6.932685850050269494e+01
6.100050807195388103e+01
5.280772205635609851e+01
4.549547481907966073e+01
3.952307393939176450e+01
3.506790436007975842e+01
3.207431671273513274e+01
3.033559245905859925e+01
2.957376525684414048e+01
2.950342594909129090e+01
2.986654041043291841e+01
3.046395391188124435e+01
3.114790577628620127e+01
3.182492535432345093e+01
3.244059085242525953e+01
3.296696233847607971e+01
3.340272959389342589e+01
3.375254804482548820e+01
3.402587931079963823e+01
5.965236083622531282e+01
6.057202724425958706e+01
6.203559802610305951e+01
6.429024284956676638e+01
6.754432163765996222e+01
7.184318161897840582e+01
7.692550859506442862e+01
8.211258220495574278e+01
8.639562500116652188e+01
8.868934406235925394e+01
8.816556387169860898e+01
8.456555927562611430e+01
7.825084518655391719e+01
7.006488452875811390e+01
6.111884231723632865e+01
5.243935955634130863e+01
4.482450362502225971e+01
3.873266494164165863e+01
3.431984285019252212e+01
3.148855643493122614e+01
2.998943895544590887e+01
2.950199160347351679e+01
2.970774560017775556e+01
3.033016533166660977e+01
3.115307677647449935e+01
3.202424469359081627e+01
3.285368600911237280e+01
3.358211722126336696e+01
3.419838597598705832e+01
3.470045091414291960e+01
3.509861268343756535e+01
3.540587922457686432e+01
6.206650375528255381e+01
6.315116385485207928e+01
6.479947790290006537e+01
6.723832576082384094e+01
7.064269869805400504e+01
7.502570977616242942e+01
8.009505161035096421e+01
8.515784921262506657e+01
8.920070832317649945e+01
9.113503912690939046e+01
9.016482372142222346e+01
8.602752572411316123e+01
7.915949584510657644e+01
7.045623203986021110e+01
6.108557535222048074e+01
5.212179985947819461e+01
4.438624665834994687e+01
3.834428013841614558e+01
3.411879887054277560e+01
3.157129793395215600e+01
3.041026638481725186e+01
3.027746706593199022e+01
3.082376160987848834e+01
3.175244878198196119e+01
3.283633049271644921e+01
3.392296837875221627e+01
3.491785582405948674e+01
3.578078474179896773e+01
3.649545731147452443e+01
3.706844112675645420e+01
3.752069203816679988e+01
3.786488398957305179e+01
6.441135699184341945e+01
6.558489379610116998e+01
6.732606864649108047e+01
6.983359376494453841e+01
7.325619054898922400e+01
7.758777970307139071e+01
8.251585368612910543e+01
8.735342414042146686e+01
9.110617992758746198e+01
9.270192817728083412e+01
9.135667192358334887e+01
8.683097970862279169e+01
7.959421098376694204e+01
7.057031439054205180e+01
6.098426249407283706e+01
5.192851364491720290e+01
4.425676296795844422e+01
3.841358053379326520e+01
3.448790501195809810e+01
3.231848978770171499e+01
3.156626687726880576e+01
3.183863768832224395e+01
3.275680891221564650e+01
3.401361608641451539e+01
3.537723686513103871e+01
3.668314424508367466e+01
3.785459404022530805e+01
3.885512615861443919e+01
3.966604015208697831e+01
4.031215316594599329e+01
4.081571028778347454e+01
4.119810499015868288e+01
6.651276031623531537e+01
6.770930372631180205e+01
6.945201479198897232e+01
7.192543060304210201e+01
7.525571469883392695e+01
7.940932646520884930e+01
8.408563354872254081e+01
8.862497808249307241e+01
9.205399171090166988e+01
9.334199032094448967e+01
9.171405445468191431e+01
8.697068075486690475e+01
7.955306195177593054e+01
7.042332842675467930e+01
6.081838443094631685e+01
5.186673559526828825e+01
4.440041685426280793e+01
3.886327052332335796e+01
3.533054043372774089e+01
3.359261926128594666e+01
3.327935361622552080e+01
3.397413438226527660e+01
3.527790001688418897e+01
3.686168652712098037e+01
3.849736685889241983e+01
4.002387191947239842e+01
4.136639488245725715e+01
4.248775707199809659e+01
4.339626893095633164e+01
4.410982953737732259e+01
4.466025283255397227e+01
4.507751475924943918e+01
6.824438387839846598e+01
6.939782129510318498e+01
7.107210369296610963e+01
7.341789804617167192e+01
7.654923038383915923e+01
8.042712724471529384e+01
8.477174797388190086e+01
8.894869847487311176e+01
9.205051096831641644e+01
9.306907273045028717e+01
9.127062226843051462e+01
8.644283167862306527e+01
7.903145396093508168e+01
6.999211383291546440e+01
6.055093944784309201e+01
5.184443443663390383e+01
4.470333886731506112e+01
3.956237010783008401e+01
3.646661876018813331e+01
3.518579396922174851e+01
3.532377465387322957e+01
3.643173982525006238e+01
3.810347183618571876e+01
3.999975188253174707e+01
4.188677860366465922e+01
4.361740204492731010e+01
4.510695228128224699e+01
4.634484806446195648e+01
4.733599152829572887e+01
4.811287245116446343e+01
4.870204102329972073e+01
4.914834174671417344e+01
