210.45  -17.45   7.210   0.528     -4.207  -0.500    5.100   0.000
210.45  -17.45   7.670   0.383     -7.254  -4.100    5.100   0.000
210.45  -17.45   7.780   0.229     -8.042  -5.600    5.100   0.000
210.45  -17.45   8.580   0.139     -16.896  -18.800    5.100   0.000
210.45  -17.45   8.790   1.624     -21.000  -14.500    5.100   0.000
210.45  -17.45   9.330   1.561     -29.173  -22.800    5.100   0.000
210.45  -17.45   9.600   2.124     -32.533  -25.100    5.100   0.000
210.45  -17.45   9.880   2.529     -36.070  -27.800    5.200   0.000
210.45  -17.45   9.980   1.935     -37.333  -30.100    5.200   0.000
210.45  -17.45  10.180   0.377     -39.691  -36.500    5.200   0.000
210.45  -17.45  10.290   1.600     -40.978  -34.400    5.200   0.000
210.45  -17.45  10.310   1.666     -41.212  -34.500    5.200   0.000
210.45  -17.45  10.640   0.295     -45.123  -42.300    5.200   0.000
210.45  -17.45  11.090   2.065     -50.773  -43.300    5.200   0.000
210.45  -17.45  11.350   0.390     -54.547  -51.300    5.200   0.000
210.45  -17.45  11.560   0.003     -57.576  -57.300    5.200   0.000
210.45  -17.45  12.000   1.256     -63.821  -52.500   10.100   0.000
210.45  -17.45  12.770   1.724     -73.661  -60.400   10.100   0.000
210.45  -17.45  12.780   1.609     -73.812  -61.000   10.100   0.000
210.45  -17.45  12.940   2.126     -76.225  -61.500   10.100   0.000
210.45  -17.45  12.950   5.541     -76.376  -63.900    5.300   0.000
210.45  -17.45  12.980   1.875     -76.828  -63.000   10.100   0.000
210.45  -17.45  13.140   2.038     -78.520  -64.100   10.100   0.000
210.45  -17.45  13.600   2.692     -83.672  -67.100   10.100   0.000
210.45  -17.45  13.840  10.854     -87.461  -70.000    5.300   0.000
210.45  -17.45  14.300  17.294     -105.241  -83.200    5.300   0.000
210.45  -17.45  14.350   3.002     -107.783  -98.600    5.300   0.000
210.45  -17.45  14.520   4.402     -115.601  -94.200   10.200   0.000
210.45  -17.45  14.640   9.745     -116.745  -100.200    5.300   0.000
210.45  -17.45  14.990   4.191     -120.082  -99.200   10.200   0.000
210.45  -17.45  15.150   3.546     -121.408  -102.200   10.200   0.000
210.45  -17.45  15.180   3.309     -121.654  -103.100   10.200   0.000
210.45  -17.45  15.510   3.425     -124.378  -105.500   10.200   0.000
210.45  -17.45  16.020  10.312     -129.341  -112.000    5.400   0.000
202.52  1.98   0.090   1.341      0.016  -0.100    0.100   0.000
202.52  1.98   0.090   1.341      0.016  -0.100    0.100   0.000
202.52  1.98   0.119   1.461      0.021  -0.100    0.100   0.000
202.52  1.98   0.184   1.750      0.032  -0.100    0.100   0.000
202.52  1.98   0.591   1.487      0.122   0.000    0.100   0.000
202.52  1.98   0.607   5.197      0.128  -0.100    0.100   0.000
202.52  1.98   0.610   1.667      0.129   0.000    0.100   0.000
202.52  1.98   0.614   1.706      0.131   0.000    0.100   0.000
202.52  1.98   0.644   2.014      0.142   0.000    0.100   0.000
202.52  1.98   0.675   2.359      0.154   0.000    0.100   0.000
202.52  1.98   0.723   2.946      0.172   0.000    0.100   0.000
202.52  1.98   0.749   7.920      0.181  -0.100    0.100   0.000
202.52  1.98   1.059   8.906      0.298   0.000    0.100   0.000
202.52  1.98   1.123   4.966      0.323   0.100    0.100   0.000
202.52  1.98   1.280  23.304      0.383  -0.100    0.100   0.000
202.52  1.98   1.408  53.521      0.432  -0.300    0.100   0.000
202.52  1.98   1.432  19.425      0.441   0.000    0.100   0.000
202.52  1.98   1.467   6.456      0.454   0.200    0.100   0.000
202.52  1.98   1.477  12.810      0.458   0.100    0.100   0.000
202.52  1.98   1.490  21.425      0.463   0.000    0.100   0.000
202.52  1.98   1.496  21.637      0.465   0.000    0.100   0.000
202.52  1.98   1.540  14.778      0.484   0.100    0.100   0.000
202.52  1.98   1.565  15.643      0.496   0.100    0.100   0.000
202.52  1.98   1.571   8.891      0.498   0.200    0.100   0.000
202.52  1.98   1.583  25.351      0.503   0.000    0.100   0.000
202.52  1.98   1.599  26.071      0.511   0.000    0.100   0.000
202.52  1.98   1.599  16.859      0.511   0.100    0.100   0.000
202.52  1.98   1.628  52.339      0.523  -0.200    0.100   0.000
202.52  1.98   1.644  28.149      0.531   0.000    0.100   0.000
202.52  1.98   1.668  29.289      0.541   0.000    0.100   0.000
202.52  1.98   1.717  13.172      0.563   0.200    0.100   0.000
202.52  1.98   1.727  32.190      0.567   0.000    0.100   0.000
202.52  1.98   1.734  22.134      0.570   0.100    0.100   0.000
202.52  1.98   1.740  22.385      0.573   0.100    0.100   0.000
202.52  1.98   1.773  34.547      0.588   0.000    0.100   0.000
202.52  1.98   1.775  47.425      0.589  -0.100    0.100   0.000
202.52  1.98   1.778  47.608      0.590  -0.100    0.100   0.000
202.52  1.98   1.815  16.516      0.606   0.200    0.100   0.000
202.52  1.98   1.832  66.249      0.614  -0.200    0.100   0.000
202.52  1.98   1.836  37.910      0.616   0.000    0.100   0.000
202.52  1.98   1.841  51.542      0.618  -0.100    0.100   0.000
202.52  1.98   1.856  39.010      0.625   0.000    0.100   0.000
202.52  1.98   1.868  39.678      0.630   0.000    0.100   0.000
202.52  1.98   1.880  40.351      0.635   0.000    0.100   0.000
202.52  1.98   1.880  28.647      0.635   0.100    0.100   0.000
202.52  1.98   1.896  41.258      0.642   0.000    0.100   0.000
202.52  1.98   1.898  55.236      0.643  -0.100    0.100   0.000
202.52  1.98   1.919  42.579      0.653   0.000    0.100   0.000
202.52  1.98   1.923  42.810      0.654   0.000    0.100   0.000
202.52  1.98   1.945  31.816      0.664   0.100    0.100   0.000
202.52  1.98   1.951  58.785      0.667  -0.100    0.100   0.000
202.52  1.98   2.004  34.778      0.690   0.100    0.100   0.000
202.52  1.98   2.190  56.146      0.749   0.000    0.100   0.000
202.52  1.98   2.223  57.741      0.760   0.000    0.100   0.000
202.52  1.98   2.351  81.157      0.801  -0.100    0.100   0.000
202.52  1.98   2.486  71.253      0.844   0.000    0.100   0.000
202.52  1.98   2.507  71.791      0.847   0.000    0.100   0.000
202.52  1.98   2.531  88.895      0.843  -0.100    0.100   0.000
202.52  1.98   2.612  86.083      0.828  -0.100    0.100   0.000
202.52  1.98   2.624  52.647      0.826   0.100    0.100   0.000
202.52  1.98   2.734  81.933      0.805  -0.100    0.100   0.000
202.52  1.98   2.749  81.430      0.802  -0.100    0.100   0.000
202.52  1.98   2.749  49.334      0.802   0.100    0.100   0.000
202.52  1.98   2.794  79.929      0.794  -0.100    0.100   0.000
202.52  1.98   2.803  47.937      0.792   0.100    0.100   0.000
202.52  1.98   2.810  79.399      0.791  -0.100    0.100   0.000
202.52  1.98   2.813  79.300      0.791  -0.100    0.100   0.000
202.52  1.98   2.825  47.373      0.788   0.100    0.100   0.000
202.52  1.98   2.837  78.509      0.786  -0.100    0.100   0.000
202.52  1.98   2.936  93.640      0.768  -0.200    0.100   0.000
202.52  1.98   2.985  57.545      0.759   0.000    0.100   0.000
202.52  1.98   3.000  91.355      0.756  -0.200    0.100   0.000
202.52  1.98   3.204  68.629      0.728  -0.100    0.100   0.000
202.52  1.98   3.220  52.748      0.726   0.000    0.100   0.000
202.52  1.98   3.329  50.645      0.712   0.000    0.100   0.000
202.52  1.98   3.550  21.240      0.661   0.200    0.100   0.000
202.52  1.98   3.550  43.675      0.661   0.000    0.100   0.000
202.52  1.98   3.582  55.213      0.643  -0.100    0.100   0.000
202.52  1.98   3.632  26.545      0.615   0.100    0.100   0.000
202.52  1.98   3.685  47.019      0.586  -0.100    0.100   0.000
202.52  1.98   3.704  45.580      0.575  -0.100    0.100   0.000
202.52  1.98   3.797   4.988      0.523   0.300    0.100   0.000
202.52  1.98   3.816  50.804      0.513  -0.200    0.100   0.000
202.52  1.98   3.865  14.860      0.485   0.100    0.100   0.000
202.52  1.98   3.878  33.437      0.478  -0.100    0.100   0.000
202.52  1.98   3.908  43.764      0.462  -0.200    0.100   0.000
202.52  1.98   3.925  12.396      0.452   0.100    0.100   0.000
202.52  1.98   3.932  12.123      0.448   0.100    0.100   0.000
202.52  1.98   4.131  27.548      0.325  -0.200    0.100   0.000
202.52  1.98   4.138   1.447      0.320   0.200    0.100   0.000
202.52  1.98   4.175  24.617      0.296  -0.200    0.100   0.000
202.52  1.98   4.210  13.937      0.273  -0.100    0.100   0.000
202.52  1.98   4.217  13.598      0.269  -0.100    0.100   0.000
202.52  1.98   4.243  12.376      0.252  -0.100    0.100   0.000
202.52  1.98   4.277   1.680      0.230   0.100    0.100   0.000
202.52  1.98   4.303   4.522      0.213   0.000    0.100   0.000
202.52  1.98   4.389   6.581      0.157  -0.100    0.100   0.000
202.52  1.98   4.426   5.401      0.132  -0.100    0.100   0.000
202.52  1.98   4.467   4.229      0.106  -0.100    0.100   0.000
202.52  1.98   4.614   0.000      0.001   0.000    0.100   0.000
202.52  1.98   4.676   0.199     -0.045   0.000    0.100   0.000
202.52  1.98   4.682   0.260     -0.049  -0.100    0.100   0.000
202.52  1.98   4.703   2.700     -0.064   0.100    0.100   0.000
202.52  1.98   4.712   0.503     -0.071   0.000    0.100   0.000
202.52  1.98   4.776  10.094     -0.118   0.200    0.100   0.000
202.52  1.98   5.137  32.625     -0.371   0.200    0.100   0.000
202.52  1.98   5.160  14.918     -0.386   0.000    0.100   0.000
202.52  1.98   5.255  20.107     -0.448   0.000    0.100   0.000
172.67  -43.50   0.639   0.619      0.287  -0.500    1.000   0.000
172.67  -43.50   4.232   6.573      2.064  -0.500    1.000   0.000
172.67  -43.50   6.636   0.386      2.143   0.900    2.000   0.000
172.67  -43.50   7.027   0.622      1.456  -0.200    2.100   0.000
172.67  -43.50   7.462   4.089     -0.245  -5.300    2.500   0.000
172.67  -43.50   7.619   1.991     -0.926  -5.300    3.100   0.000
172.67  -43.50   8.240   2.897     -4.534  -9.300    2.800   0.000
172.67  -43.50   8.261   5.555     -4.700  -11.300    2.800   0.000
172.67  -43.50   8.364   2.227     -5.517  -8.800    2.200   0.000
172.67  -43.50   8.385   1.956     -5.684  -9.600    2.800   0.000
172.67  -43.50   8.572  11.365     -7.646  -15.400    2.300   0.000
172.67  -43.50   8.729   4.655     -9.937  -14.900    2.300   0.000
172.67  -43.50   8.855   7.164     -11.776  -18.200    2.400   0.000
172.67  -43.50   8.950   0.091     -13.163  -12.500    2.200   0.000
172.67  -43.50   9.111   0.080     -14.877  -15.500    2.200   0.000
172.67  -43.50   9.219  22.194     -15.836  -26.200    2.200   0.000
172.67  -43.50   9.362   4.418     -17.105  -23.200    2.900   0.000
172.67  -43.50   9.495  11.055     -18.285  -25.600    2.200   0.000
172.67  -43.50  10.259   0.182     -25.267  -24.200    2.500   0.000
172.67  -43.50  10.538   1.954     -27.696  -24.900    2.000   0.000
172.67  -43.50  10.695   0.125     -29.114  -28.300    2.300   0.000
172.67  -43.50  11.151   0.173     -33.552  -31.600    4.700   0.000
150.18  -35.70   2.390   8.541      0.923   1.800    0.300   0.000
150.18  -35.70   2.506   7.745      0.965   1.800    0.300   0.000
150.18  -35.70   2.540   1.241      0.966   1.300    0.300   0.000
150.18  -35.70   2.840   7.614      0.972   1.800    0.300   0.000
150.18  -35.70   2.852   7.610      0.972   1.800    0.300   0.000
150.18  -35.70   3.610   0.000      0.999   1.000    0.300   0.000
133.65  -32.11   1.255   4.238      0.623  -0.200    0.400   0.000
133.65  -32.11   1.306   0.400      0.653   0.400    0.400   0.000
133.65  -32.11   3.004   7.124      1.468   0.400    0.400   0.000
133.65  -32.11   3.491   9.087      1.606   0.400    0.400   0.000
133.65  -32.11   3.606   9.096      1.606   0.400    0.400   0.000
133.65  -32.11   5.177  19.353      1.560  -0.200    0.400   0.000
133.65  -32.11   5.502  22.093      1.580  -0.300    0.400   0.000
133.65  -32.11   6.131  29.175      1.561  -0.600    0.400   0.000
133.65  -32.11   6.930   5.168      0.309  -0.600    0.400   0.000
135.94  -34.70   2.056   6.347      0.908  -0.100    0.400   0.000
135.94  -34.70   2.177   0.023      0.961   0.900    0.400   0.000
135.94  -34.70   2.424   0.177      1.068   0.900    0.400   0.000
135.94  -34.70   2.473   1.499      1.090   0.600    0.400   0.000
135.94  -34.70   2.624   3.158      1.111   0.400    0.400   0.000
135.94  -34.70   2.801   3.278      1.124   0.400    0.400   0.000
135.94  -34.70   2.928   6.680      1.134   0.100    0.400   0.000
135.94  -34.70   3.017   3.440      1.142   0.400    0.400   0.000
135.94  -34.70   3.081   0.144      1.152   1.000    0.400   0.000
135.94  -34.70   3.260   4.838      1.180   0.300    0.400   0.000
135.94  -34.70   3.452   0.226      1.210   1.400    0.400   0.000
135.94  -34.70   3.862   1.349      1.165   0.700    0.400   0.000
135.94  -34.70   4.015   9.638      1.142  -0.100    0.400   0.000
135.94  -34.70   4.092   3.318      1.129   0.400    0.400   0.000
135.94  -34.70   4.396   0.655      1.076   1.400    0.400   0.000
135.94  -34.70   4.584   0.366      1.042   0.800    0.400   0.000
135.94  -34.70   5.213   0.379      0.946   0.700    0.400   0.000
135.94  -34.70   5.442   1.768      0.932   0.400    0.400   0.000
136.93  -33.73   1.996   0.112      1.399   1.600    0.600   0.000
136.93  -33.73   3.491   0.352      2.230   1.400    1.400   0.000
136.93  -33.73   3.939   0.158      2.338   2.100    0.600   0.000
136.93  -33.73   4.659   7.209      2.511   0.900    0.600   0.000
136.93  -33.73   5.994   9.687      3.067   1.200    0.600   0.000
136.93  -33.73   6.481  14.907      2.817   0.500    0.600   0.000
137.87  -32.69   1.245   0.070      0.858   0.700    0.600   0.000
137.87  -32.69   1.336   0.147      0.930   0.700    0.600   0.000
137.87  -32.69   1.386   0.201      0.969   0.700    0.600   0.000
137.87  -32.69   1.537   0.057      1.091   0.900    0.800   0.000
137.87  -32.69   1.640   2.574      1.181   0.700    0.300   0.000
137.87  -32.69   1.672  42.856      1.209  -0.100    0.200   0.000
137.87  -32.69   2.202  20.337      1.655  -0.600    0.500   0.000
137.87  -32.69   2.226  10.535      1.674   0.700    0.300   0.000
137.87  -32.69   2.699   3.808      1.981   1.200    0.400   0.000
137.87  -32.69   2.788   1.054      2.021   1.200    0.800   0.000
137.87  -32.69   3.503  35.897      2.397   0.600    0.300   0.000
137.87  -32.69   4.015  41.600      2.535   0.600    0.300   0.000
137.87  -32.69   5.936   1.065      3.222   2.500    0.700   0.000
137.87  -32.69   5.959  11.904      3.235   2.200    0.300   0.000
137.87  -32.69   6.525   1.620      2.936   2.300    0.500   0.000
137.87  -32.69   8.447   3.336     -5.661  -4.200    0.800   0.000
138.01  -33.16   0.430   0.125      0.247   0.000    0.700   0.000
138.01  -33.16   0.484   5.109      0.278  -0.400    0.300   0.000
138.01  -33.16   0.923  37.001      0.617  -0.600    0.200   0.000
138.01  -33.16   1.066   0.728      0.729   0.900    0.200   0.000
138.01  -33.16   1.075   4.766      0.737   0.300    0.200   0.000
138.01  -33.16   1.215   0.063      0.849   1.200    1.400   0.000
138.01  -33.16   1.512  31.653      1.088  -0.600    0.300   0.000
138.01  -33.16   1.608   2.669      1.173   1.500    0.200   0.000
138.01  -33.16   1.704   0.086      1.259   1.200    0.200   0.000
138.01  -33.16   1.821   7.214      1.363   1.900    0.200   0.000
138.01  -33.16   2.080  11.782      1.587   0.900    0.200   0.000
138.01  -33.16   2.208   5.990      1.690   1.200    0.200   0.000
138.01  -33.16   2.318  11.493      1.778   1.100    0.200   0.000
138.01  -33.16   2.349  12.354      1.803   1.100    0.200   0.000
138.01  -33.16   2.731  38.129      2.035   0.800    0.200   0.000
138.01  -33.16   3.061  24.958      2.199   1.200    0.200   0.000
138.01  -33.16   3.273  146.722      2.323  -0.100    0.200   0.000
138.01  -33.16   3.548  46.862      2.469   1.100    0.200   0.000
138.01  -33.16   3.638  20.075      2.496   1.600    0.200   0.000
138.01  -33.16   3.913  34.726      2.579   1.400    0.200   0.000
138.01  -33.16   4.270  41.267      2.685   1.400    0.200   0.000
138.01  -33.16   4.377  43.331      2.717   1.400    0.200   0.000
138.01  -33.16   4.478  85.239      2.747   0.900    0.200   0.000
138.01  -33.16   4.572  54.289      2.774   1.300    0.200   0.000
138.01  -33.16   5.370   5.263      3.059   2.600    0.200   0.000
138.01  -33.16   5.472  16.149      3.104   2.300    0.200   0.000
138.01  -33.16   6.177  75.169      3.334   1.600    0.200   0.000
138.01  -33.16   6.430  111.341      3.210   1.100    0.200   0.000
138.01  -33.16   6.641  17.907      2.946   2.100    0.200   0.000
138.01  -33.16   6.984   2.063      2.387   2.100    0.200   0.000
138.01  -33.16   7.561   3.055      0.124  -0.400    0.300   0.000
138.09  -34.13   1.135   5.422      0.764  -0.400    0.500   0.000
138.09  -34.13   1.185   0.629      0.804   1.200    0.500   0.000
138.09  -34.13   1.972  13.910      1.465  -0.400    0.500   0.000
138.09  -34.13   2.449   5.255      1.846   0.700    0.500   0.000
138.09  -34.13   2.966   7.882      2.104   0.700    0.500   0.000
138.09  -34.13   3.145  19.409      2.203   0.000    0.500   0.000
138.09  -34.13   3.414   6.321      2.357   1.100    0.500   0.000
138.09  -34.13   3.606   5.182      2.438   1.300    0.500   0.000
138.09  -34.13   3.709   2.366      2.469   1.700    0.500   0.000
138.09  -34.13   3.862  23.327      2.515   0.100    0.500   0.000
138.09  -34.13   7.951  11.516     -1.403  -3.100    0.500   0.000
138.46  -34.64   0.825   1.423      0.504   1.100    0.500   0.000
138.46  -34.64   2.288  13.779      1.656  -0.200    0.500   0.000
138.46  -34.64   4.796  16.897      2.655   0.600    0.500   0.000
138.46  -34.64   7.091   0.782      1.842   1.400    0.500   0.000
138.46  -34.64   7.409  85.197      0.646  -1.200    0.200   0.000
138.46  -34.64   7.556   0.013      0.057   0.000    0.500   0.000
137.88  -33.43   1.456   6.084      1.040   0.300    0.300   0.000
137.88  -33.43   1.772   0.296      1.317   1.100    0.400   0.000
137.88  -33.43   2.008   0.322      1.527   1.300    0.400   0.000
137.88  -33.43   2.104   0.579      1.604   1.300    0.400   0.000
137.88  -33.43   2.473   0.646      1.902   1.500    0.500   0.000
137.88  -33.43   3.004   6.411      2.166   0.900    0.500   0.000
137.88  -33.43   3.273   5.631      2.324   0.900    0.600   0.000
137.88  -33.43   3.465   1.943      2.436   1.600    0.600   0.000
137.88  -33.43   4.054   3.075      2.628   1.400    0.700   0.000
137.88  -33.43   4.219   2.566      2.679   3.800    0.700   0.000
137.88  -33.43   4.497   0.176      2.765   3.100    0.800   0.000
137.88  -33.43   4.821   1.373      2.863   3.800    0.800   0.000
137.80  -32.70   1.772   6.203      1.296   0.300    0.400   0.000
137.80  -32.70   2.436   6.138      1.839   0.600    0.500   0.000
137.80  -32.70   4.345   1.053      2.621   1.800    0.800   0.000
137.80  -32.70   4.672   9.031      2.704   0.300    0.800   0.000
137.80  -32.70   4.957   6.391      2.775   0.500    0.900   0.000
137.80  -32.70   5.104   4.584      2.827   0.900    0.900   0.000
137.86  -33.33   0.369   0.891      0.211   0.400    0.200   0.000
137.86  -33.33   1.215   0.712      0.847   1.100    0.300   0.000
137.86  -33.33   1.588   0.261      1.153   1.000    0.300   0.000
137.86  -33.33   1.872   0.266      1.406   1.200    0.400   0.000
137.86  -33.33   2.263   0.688      1.732   1.400    0.400   0.000
137.86  -33.33   2.712   0.906      2.024   2.500    0.500   0.000
137.86  -33.33   3.952   3.406      2.592   1.300    0.700   0.000
137.86  -33.33   4.534   2.137      2.769   1.600    0.800   0.000
137.86  -33.33   5.561   0.558      3.172   2.500    0.900   0.000
113.83  -28.68   1.058   0.008      0.316   0.500    2.100   0.000
113.83  -28.68   2.335   0.003      0.808   0.700    2.100   0.000
113.83  -28.68   3.226   0.004      0.827   0.700    2.100   0.000
113.83  -28.68   3.831   0.002      0.704   0.800    2.100   0.000
113.83  -28.68   3.867   0.022      0.690   1.000    2.100   0.000
113.83  -28.68   5.825   0.581     -0.101   1.500    2.100   0.000
113.83  -28.68   6.323   0.517     -0.639   0.800    2.000   0.000
113.83  -28.68   6.832   2.682     -1.839   1.600    2.100   0.000
113.83  -28.68   6.919   2.752     -2.083   1.400    2.100   0.000
113.83  -28.68   6.309   2.673     -0.617   0.200    0.500   0.000
113.83  -28.68   6.714   0.379     -1.508  -1.200    0.500   0.000
113.83  -28.68   7.099   0.291     -2.840  -2.300    1.000   0.000
113.83  -28.68   7.842   3.853     -6.963  -5.000    1.000   0.000
113.83  -28.68   7.996   8.093     -7.855  -10.700    1.000   0.000
113.83  -28.68   8.119   0.245     -8.986  -7.500    3.000   0.000
113.83  -28.68   8.619   0.011     -14.520  -14.200    3.000   0.000
113.83  -28.68   8.990   1.450     -20.713  -17.100    3.000   0.000
113.83  -28.68   9.345   2.359     -24.408  -19.800    3.000   0.000
113.83  -28.68   9.610   1.378     -27.121  -23.600    3.000   0.000
113.83  -28.68   9.800   2.270     -29.071  -24.400    3.100   0.000
147.43  -18.63   7.740   0.089     -3.099  -2.800    1.000   0.000
147.43  -18.63   7.970   0.066     -4.314  -3.800    2.000   0.000
147.43  -18.63   8.170   0.514     -5.933  -4.500    2.000   0.000
147.43  -18.63   8.400   0.731     -7.910  -6.200    2.000   0.000
147.43  -18.63   8.710   2.965     -12.144  -8.700    2.000   0.000
147.43  -18.63   9.180   2.272     -18.514  -15.500    2.000   0.000
147.43  -18.63   9.610   1.588     -22.659  -27.700    4.000   0.000
147.43  -18.63  12.290   2.209     -49.645  -43.700    4.000   0.000
146.90  -19.20   1.922   0.251      1.554  -0.300    3.700   0.000
146.90  -19.20   2.640   0.154      2.131   0.600    3.900   0.000
146.90  -19.20   6.621   0.112      3.005   1.700    3.900   0.000
146.90  -19.20   7.175   0.002      1.517   1.700    3.800   0.000
146.90  -19.20   8.203   0.078     -3.964  -2.900    3.800   0.000
146.90  -19.20   8.725   0.965     -9.824  -5.600    4.300   0.000
146.90  -19.20   9.025   3.731     -14.298  -5.800    4.400   0.000
146.48  -18.60   2.541  32.964      1.922   0.200    0.300   0.000
146.48  -18.60   2.588  67.410      1.942   0.300    0.200   0.000
146.48  -18.60   3.168  36.123      2.203   0.400    0.300   0.000
146.48  -18.60   3.875  95.801      2.458   0.500    0.200   0.000
146.48  -18.60   3.177  90.995      2.208   0.300    0.200   0.000
146.48  -18.60   3.947  97.290      2.473   0.500    0.200   0.000
146.48  -18.60   4.812  45.315      2.619   0.600    0.300   0.000
146.48  -18.60   5.459  131.683      2.795   0.500    0.200   0.000
146.48  -18.60   5.601  42.550      2.857   0.900    0.300   0.000
146.48  -18.60   5.850  141.279      2.977   0.600    0.200   0.000
146.48  -18.60   5.889  120.567      2.996   0.800    0.200   0.000
146.48  -18.60   5.896  132.186      2.999   0.700    0.200   0.000
146.48  -18.60   5.994  94.750      3.047   1.100    0.200   0.000
146.48  -18.60   6.074  99.315      2.993   1.000    0.200   0.000
146.48  -18.60   6.086  108.573      2.984   0.900    0.200   0.000
146.48  -18.60   6.113  139.633      2.963   0.600    0.200   0.000
146.48  -18.60   6.147  93.833      2.937   1.000    0.200   0.000
146.48  -18.60   6.170  123.184      2.920   0.700    0.200   0.000
146.48  -18.60   6.222  62.412      2.880   1.300    0.200   0.000
146.48  -18.60   6.242  86.932      2.865   1.000    0.200   0.000
146.48  -18.60   6.305  101.666      2.817   0.800    0.200   0.000
146.48  -18.60   6.427  83.116      2.723   0.900    0.200   0.000
146.48  -18.60   6.476  79.737      2.686   0.900    0.200   0.000
146.48  -18.60   6.488  88.054      2.677   0.800    0.200   0.000
146.48  -18.60   6.538  80.136      2.590   0.800    0.200   0.000
146.48  -18.60   6.582  72.335      2.501   0.800    0.200   0.000
146.48  -18.60   6.625  82.234      2.414   0.600    0.200   0.000
146.16  -18.17   0.356   0.002      0.187   0.200    0.300   0.000
146.16  -18.17   3.193  24.857      2.096   0.600    0.300   0.000
146.16  -18.17   5.128  43.647      2.482   0.500    0.300   0.000
146.16  -18.17   5.412  38.199      2.554   0.700    0.300   0.000
146.16  -18.17   5.418  26.891      2.556   1.000    0.300   0.000
146.16  -18.17   5.973  38.943      2.772   0.900    0.300   0.000
146.16  -18.17   6.068  25.886      2.726   1.200    0.300   0.000
146.16  -18.17   6.703   4.468      1.934   1.300    0.300   0.000
146.87  -19.15   0.360   0.008      0.218   0.200    0.200   0.000
146.87  -19.15   3.260  37.987      2.449   0.600    0.300   0.000
146.87  -19.15   5.102  71.061      3.029   0.500    0.300   0.000
146.87  -19.15   5.268  80.979      3.100   0.400    0.300   0.000
146.87  -19.15   5.481  53.309      3.190   1.000    0.300   0.000
146.87  -19.15   5.498  69.313      3.198   0.700    0.300   0.000
146.87  -19.15   5.942  73.007      3.463   0.900    0.300   0.000
146.87  -19.15   6.034  85.642      3.476   0.700    0.300   0.000
146.87  -19.15   6.079  56.122      3.447   1.200    0.300   0.000
146.87  -19.15   6.103  108.998      3.432   0.300    0.300   0.000
146.87  -19.15   6.519  55.840      3.142   0.900    0.300   0.000
146.87  -19.15   6.663  27.400      2.870   1.300    0.300   0.000
147.62  -6.11   7.782   0.004     -4.560  -4.200    5.400   0.000
147.62  -6.11   8.163   0.003     -7.417  -7.100    5.400   0.000
147.62  -6.11   8.300   0.009     -8.800  -8.300    5.400   0.000
147.62  -6.11   8.465   0.071     -10.466  -11.900    5.400   0.000
147.62  -6.11   8.495   0.585     -10.769  -14.900    5.400   0.000
147.62  -6.11   8.516   0.013     -11.105  -10.500    5.400   0.000
147.62  -6.11   8.763   0.102     -15.521  -13.800    5.400   0.000
147.62  -6.11   9.132   0.088     -21.204  -19.600    5.400   0.000
147.62  -6.11   9.513   0.515     -25.376  -21.500    5.400   0.000
147.62  -6.11   9.561   0.182     -25.904  -23.600    5.400   0.000
147.62  -6.11   9.565   0.031     -25.948  -26.900    5.400   0.000
147.62  -6.11   9.843   0.067     -29.003  -30.400    5.400   0.000
147.62  -6.11   9.901   0.081     -29.640  -28.100    5.400   0.000
147.62  -6.11   9.950   0.008     -30.179  -29.700    5.400   0.000
147.62  -6.11  10.035   0.153     -31.086  -33.200    5.400   0.000
147.62  -6.11  10.199   2.559     -32.762  -41.400    5.400   0.000
147.62  -6.11  10.228   0.004     -33.058  -32.700    5.400   0.000
147.62  -6.11  10.325   0.260     -34.049  -36.800    5.400   0.000
147.62  -6.11  10.492   0.258     -35.756  -38.500    5.400   0.000
147.62  -6.11  10.504   0.899     -35.879  -41.000    5.400   0.000
147.62  -6.11  10.630   0.288     -37.200  -40.100    5.400   0.000
147.62  -6.11  10.776   1.435     -38.730  -45.200    5.400   0.000
147.62  -6.11  11.132   0.752     -42.718  -47.400    5.400   0.000
147.62  -6.11  11.406   0.334     -46.122  -49.300    5.500   0.000
147.62  -6.11  12.280   0.156     -55.974  -53.800    5.500   0.000
147.62  -6.11  12.628   0.125     -59.858  -61.800    5.500   0.000
147.62  -6.11  12.651   1.135     -60.159  -54.300    5.500   0.000
147.62  -6.11  12.998   0.027     -64.700  -63.800    5.500   0.000
147.62  -6.11  31.529  319.841     -132.894  -70.300    3.500   0.000
147.62  -6.11  31.997  109.100     -132.159  -76.800    5.300   0.000
147.62  -6.11  32.262  123.584     -131.743  -70.600    5.500   0.000
147.62  -6.11  32.600  285.440     -131.211  -68.700    3.700   0.000
147.62  -6.11  34.100  285.127     -128.854  -63.000    3.900   0.000
147.62  -6.11  34.800  719.006     -127.754  -63.400    2.400   0.000
108.65  4.36  14.350  31.331     -74.808  -91.600    3.000   0.000
108.65  4.36  14.350  46.659     -74.808  -95.300    3.000   0.000
108.65  4.36  14.720  14.617     -81.730  -93.200    3.000   0.000
108.65  4.36  14.730  20.281     -81.790  -95.300    3.000   0.000
108.65  4.36  14.750  19.628     -81.909  -95.200    3.000   0.000
108.65  4.36  14.760  18.868     -81.969  -95.000    3.000   0.000
108.65  4.36  15.290   7.349     -84.967  -93.100    3.000   0.000
103.77  1.21   6.750  162.048      6.292   1.200    0.400   0.000
103.77  1.21   6.910  138.078      6.100   1.400    0.400   0.000
103.77  1.21   7.030  160.961      5.875   0.800    0.400   0.000
103.77  1.21   7.045  144.962      5.816   1.000    0.400   0.000
103.77  1.21   8.256  63.298     -0.053  -9.600    1.200   0.000
103.77  1.21   8.556  40.404     -2.772  -10.400    1.200   0.000
103.87  1.31   6.106  117.845      6.542   2.200    0.400   0.000
103.87  1.31   6.410  58.439      6.551   1.200    0.700   0.000
103.87  1.31   6.456  58.468      6.553   1.200    0.700   0.000
103.87  1.31   6.705  110.318      6.302   0.000    0.600   0.000
103.87  1.31   6.820  285.666      6.161  -0.600    0.400   0.000
103.87  1.31   6.822  17.768      6.158   1.100    1.200   0.000
103.87  1.31   7.025  108.181      5.841  -0.400    0.600   0.000
103.87  1.31   7.043  200.886      5.769   0.100    0.400   0.000
103.87  1.31   7.092  155.231      5.576  -1.900    0.600   0.000
103.87  1.31   7.100  165.370      5.544   0.400    0.400   0.000
103.87  1.31   7.120  214.968      5.465  -0.400    0.400   0.000
103.87  1.31   7.175  159.208      5.247   0.200    0.400   0.000
103.87  1.31   7.275  150.121      4.851  -2.500    0.600   0.000
103.87  1.31   7.350  180.217      4.555  -3.500    0.600   0.000
103.87  1.31   7.401  310.897      4.353  -2.700    0.400   0.000
103.87  1.31   7.505  235.583      3.939  -2.200    0.400   0.000
103.87  1.31   7.520  312.787      3.874  -3.200    0.400   0.000
103.87  1.31   7.545  215.042      3.766  -2.100    0.400   0.000
103.87  1.31   7.595  206.534      3.549  -2.200    0.400   0.000
103.87  1.31   7.780  111.826      2.745  -3.600    0.600   0.000
103.87  1.31   7.840  270.950      2.484  -4.100    0.400   0.000
103.87  1.31   7.875  122.777      2.332  -2.100    0.400   0.000
103.87  1.31   7.880  75.414      2.310  -2.900    0.600   0.000
103.87  1.31   7.895  220.916      2.245  -3.700    0.400   0.000
103.87  1.31   7.975  168.856      1.898  -3.300    0.400   0.000
103.87  1.31   7.987  137.892      1.846  -5.200    0.600   0.000
103.87  1.31   8.000  51.103      1.789  -2.500    0.600   0.000
103.87  1.31   8.100  107.777      1.029  -5.200    0.600   0.000
103.87  1.31   8.155  144.649      0.611  -4.200    0.400   0.000
103.87  1.31   8.165  198.442      0.535  -5.100    0.400   0.000
103.87  1.31   8.170  111.657      0.497  -6.900    0.700   0.000
103.87  1.31   8.175  171.555      0.459  -7.400    0.600   0.000
103.87  1.31   8.185  71.518      0.383  -3.000    0.400   0.000
103.87  1.31   8.225  83.376      0.079  -5.400    0.600   0.000
103.87  1.31   8.230  87.451      0.041  -3.700    0.400   0.000
103.87  1.31   8.300  81.217     -0.492  -6.800    0.700   0.000
103.87  1.31   8.410  46.063     -1.328  -5.400    0.600   0.000
103.87  1.31   8.450  89.242     -1.632  -7.300    0.600   0.000
103.87  1.31   8.465  112.149     -1.746  -8.100    0.600   0.000
103.87  1.31   8.470  290.364     -1.784  -8.600    0.400   0.000
103.87  1.31   8.505  45.251     -2.091  -6.800    0.700   0.000
103.87  1.31   8.560  198.703     -2.962  -8.600    0.400   0.000
103.87  1.31   8.610  52.496     -3.753  -8.100    0.600   0.000
103.87  1.31   8.795   9.170     -6.680  -8.800    0.700   0.000
103.87  1.31   8.795   9.170     -6.680  -8.800    0.700   0.000
98.41  7.75   2.224   0.928      1.782   1.300    0.500   0.000
98.41  7.75   2.483   0.933      1.983   1.500    0.500   0.000
98.41  7.75   3.468   2.876      2.448   1.600    0.500   0.000
98.41  7.75   3.582   3.815      2.477   1.500    0.500   0.000
98.41  7.75   4.667   2.613      2.608   1.800    0.500   0.000
98.41  7.75   4.674   2.617      2.609   1.800    0.500   0.000
98.41  7.75   4.714   2.636      2.612   1.800    0.500   0.000
98.41  7.75   5.559   3.541      2.741   1.800    0.500   0.000
98.41  7.75   6.052   3.445      2.828   1.900    0.500   0.000
98.41  7.75   6.673   0.014      1.942   2.000    0.500   0.000
98.41  7.75   6.785   0.421      1.676   2.000    0.500   0.000
108.85  11.33   2.057   5.883      1.245   2.700    0.600   0.000
108.85  11.33   2.075   0.555      1.253   1.700    0.600   0.000
108.85  11.33   3.555   0.942      1.782   1.200    0.600   0.000
108.85  11.33   3.915   0.709      1.805   1.300    0.600   0.000
108.85  11.33   4.110   0.001      1.818   1.800    0.600   0.000
108.85  11.33   5.677   3.315      1.972   2.700    0.400   0.000
108.85  11.33   5.711   0.489      1.981   2.400    0.600   0.000
108.85  11.33   5.948   2.046      2.042   2.900    0.600   0.000
108.85  11.33   6.032   3.348      2.019   3.300    0.700   0.000
108.85  11.33   6.237   0.000      1.788   1.800    0.600   0.000
108.85  11.33   6.409   3.910      1.593   1.000    0.300   0.000
108.85  11.33   7.070  13.392     -0.096   2.100    0.600   0.000
117.85  24.40   1.821   2.481      2.033   0.300    1.100   0.000
117.85  24.40   1.936   1.728      2.183   1.000    0.900   0.000
117.85  24.40   2.349   0.077      2.705   2.400    1.100   0.000
117.85  24.40   3.369   1.687      3.738   1.400    1.800   0.000
117.85  24.40   3.624   1.872      3.963   1.500    1.800   0.000
117.85  24.40   4.147   3.437      4.339   2.300    1.100   0.000
117.85  24.40   4.851   7.204      4.884   2.200    1.000   0.000
109.45  18.28   2.461   2.717      1.148  -0.500    1.000   0.000
109.45  18.28   3.701   0.181      1.213   1.000    0.500   0.000
109.45  18.28   4.198   0.007      1.085   1.000    1.000   0.000
109.45  18.28   4.264   0.055      1.066   1.300    1.000   0.000
109.45  18.28   4.527   0.000      0.989   1.000    1.000   0.000
109.45  18.28   4.652   1.818      0.948  -0.400    1.000   0.000
109.45  18.28   4.948   0.022      0.852   1.000    1.000   0.000
109.45  18.28   5.430   1.546      0.743  -0.500    1.000   0.000
109.45  18.28   5.707   0.165      0.707   0.300    1.000   0.000
109.45  18.28   5.761   1.002      0.701  -0.300    1.000   0.000
109.45  18.28   5.952   0.464      0.681   0.000    1.000   0.000
109.45  18.28   6.272   0.442      0.265  -0.400    1.000   0.000
109.45  18.28   6.497   0.022     -0.075  -0.300    1.500   0.000
109.45  18.28   7.286   5.614     -3.069  -0.700    1.000   0.000
109.45  18.28   8.113   1.904     -8.470  -6.400    1.500   0.000
109.50  18.23   1.289   1.161      0.539   0.000    0.500   0.000
109.50  18.23   2.879   0.730      1.154   0.300    1.000   0.000
109.50  18.23   3.955   0.010      1.101   1.000    1.000   0.000
109.50  18.23   4.121   1.109      1.053   0.000    1.000   0.000
109.50  18.23   4.279   1.009      1.004   0.000    1.000   0.000
109.50  18.23   4.505   0.540      0.935   0.200    1.000   0.000
72.98  4.30   0.445   0.242     -0.037   0.700    1.500   0.000
72.98  4.30   1.470   0.395      0.043  -0.900    1.500   0.000
72.98  4.30   1.780   0.233      0.077   0.800    1.500   0.000
72.98  4.30   3.475   0.085     -0.337   0.100    1.500   0.000
72.98  4.30   3.815   0.278     -0.609  -1.400    1.500   0.000
72.98  4.30   4.115   1.492     -0.868  -2.700    1.500   0.000
72.98  4.30   4.595   1.163     -1.318   0.300    1.500   0.000
72.98  4.30   6.125   2.847     -2.931  -0.400    1.500   0.000
72.98  4.30   6.450   2.752     -3.688  -1.200    1.500   0.000
72.98  4.30   7.030   3.343     -5.885  -0.400    3.000   0.000
72.98  4.30   7.205   4.205     -7.052  -0.900    3.000   0.000
72.98  4.30   7.280   2.950     -7.552  -2.400    3.000   0.000
72.98  4.30   7.295   2.009     -7.652  -3.400    3.000   0.000
72.98  4.30   7.520   5.868     -9.167  -1.900    3.000   0.000
72.98  4.30   7.680   1.735     -10.351  -6.400    3.000   0.000
72.98  4.30   7.700   0.751     -10.499  -7.900    3.000   0.000
72.98  4.30   7.725   3.717     -10.684  -4.900    3.000   0.000
72.98  4.30   7.725   3.717     -10.684  -4.900    3.000   0.000
72.98  4.30   8.050   0.635     -13.291  -10.900    3.000   0.000
72.98  4.30   8.060   1.783     -13.406  -9.400    3.000   0.000
72.98  4.30   8.110   3.458     -13.979  -8.400    3.000   0.000
72.98  4.30   8.125   0.667     -14.151  -11.700    3.000   0.000
72.98  4.30   8.235   0.163     -15.411  -14.200    3.000   0.000
72.98  4.30   8.290   0.306     -16.041  -17.700    3.000   0.000
72.98  4.30   8.400   0.752     -17.302  -14.700    3.000   0.000
72.98  4.30   8.405   0.013     -17.359  -17.700    3.000   0.000
72.98  4.30   8.555   0.755     -19.506  -16.900    3.000   0.000
72.98  4.30  21.000  12.255     -142.503  -125.000    5.000   0.000
73.03  5.27   2.095   2.268      0.048   0.500    0.300   0.000
73.03  5.27   2.104   2.271      0.048   0.500    0.300   0.000
73.03  5.27   3.445   5.609     -0.411   0.300    0.300   0.000
73.03  5.27   3.930   1.296     -0.807   0.900    1.500   0.000
73.03  5.27   4.368   1.640     -1.221   0.700    1.500   0.000
73.03  5.27   4.600   3.369     -1.453   1.300    1.500   0.000
73.03  5.27   5.026   3.486     -1.901   0.900    1.500   0.000
73.03  5.27   6.060   2.948     -2.976  -0.400    1.500   0.000
73.03  5.27   6.328   3.528     -3.617  -0.800    1.500   0.000
73.03  5.27   6.440   6.370     -3.886  -0.100    1.500   0.000
73.03  5.27   6.589   3.406     -4.368  -1.600    1.500   0.000
73.03  5.27   6.918   1.887     -5.621  -1.500    3.000   0.000
73.03  5.27   6.935   2.236     -5.686  -1.200    3.000   0.000
73.03  5.27   6.973   3.040     -5.830  -0.600    3.000   0.000
73.03  5.27   7.138   3.076     -6.862  -1.600    3.000   0.000
73.03  5.27   7.231   2.654     -7.488  -2.600    3.000   0.000
73.03  5.27   7.244   3.835     -7.575  -1.700    3.000   0.000
73.03  5.27   7.266   3.031     -7.723  -2.500    3.000   0.000
73.03  5.27   7.280   2.267     -7.817  -3.300    3.000   0.000
73.03  5.27   7.424   3.593     -8.786  -3.100    3.000   0.000
73.03  5.27   7.424   2.041     -8.786  -4.500    3.000   0.000
73.03  5.27   7.441   2.352     -8.901  -4.300    3.000   0.000
73.03  5.27   7.793   1.766     -11.486  -7.500    3.000   0.000
73.03  5.27   8.071   3.063     -13.851  -8.600    3.000   0.000
73.03  5.27   8.097   2.301     -14.150  -9.600    3.000   0.000
73.03  5.27   8.136   2.054     -14.600  -10.300    3.000   0.000
96.82  -12.18   0.916   1.605     -0.053   0.200    0.200   0.000
96.82  -12.18   2.611   9.119     -0.104   0.500    0.200   0.000
96.82  -12.18   2.801  12.213     -0.199   0.500    0.200   0.000
96.82  -12.18   2.826  12.654     -0.211   0.500    0.200   0.000
96.82  -12.18   2.851  13.102     -0.224   0.500    0.200   0.000
96.82  -12.18   3.170  15.157     -0.379   0.400    0.200   0.000
96.82  -12.18   3.221  20.372     -0.403   0.500    0.200   0.000
96.82  -12.18   3.439  13.580     -0.506   0.600    0.300   0.000
96.82  -12.18   3.503  16.998     -0.537   0.700    0.300   0.000
55.52  -4.68   3.740   0.088     -0.041   0.700    2.500   0.000
55.52  -4.68   4.110   0.322     -0.282  -1.700    2.500   0.000
55.52  -4.68   4.289   0.356     -0.408  -1.900    2.500   0.000
55.52  -4.68   4.685   0.705     -0.699   1.400    2.500   0.000
55.52  -4.68   7.200   0.810     -5.550  -7.800    2.500   0.000
55.52  -4.68   8.200   6.461     -13.055  -6.700    2.500   0.000
45.27  -12.80   9.170  38.090     -31.886  -28.800    0.500   0.000
45.27  -12.80   9.640   2.049     -37.563  -34.700    2.000   0.000
45.27  -12.80   9.725   3.805     -38.601  -34.700    2.000   0.000
45.27  -12.80  11.080  16.370     -54.454  -58.500    1.000   0.000
45.27  -12.80  11.375   9.017     -58.499  -60.000    0.500   0.000
45.27  -12.80  11.405   0.609     -58.910  -59.300    0.500   0.000
45.27  -12.80  11.635   8.970     -61.997  -60.500    0.500   0.000
45.27  -12.80  12.035  130.253     -67.206  -61.500    0.500   0.000
45.27  -12.80   1.500   0.947     -0.233   2.200    2.500   0.000
45.27  -12.80   2.660  11.266     -0.522  -2.200    0.500   0.000
45.27  -12.80   3.700   0.331     -1.337   0.100    2.500   0.000
45.27  -12.80   6.950   1.462     -7.405  -6.800    0.500   0.000
45.27  -12.80   7.200   4.294     -8.981  -3.800    2.500   0.000
45.27  -12.80   7.305   0.493     -9.702  -9.000    1.000   0.000
45.27  -12.80   7.965  29.524     -14.434  -9.000    1.000   0.000
45.27  -12.80   8.200  19.684     -16.992  -5.900    2.500   0.000
45.27  -12.80   8.200  12.650     -16.992  -8.100    2.500   0.000
45.27  -12.80   8.600  13.323     -22.325  -13.200    2.500   0.000
45.27  -12.80   9.110  25.663     -31.165  -18.500    2.500   0.000
45.27  -12.80  16.900   5.161     -129.816  -123.000    3.000   0.000
45.27  -12.80  17.100   6.450     -130.619  -123.000    3.000   0.000
45.27  -12.80  18.200  15.718     -134.894  -123.000    3.000   0.000
32.40  -28.47   8.993   4.353     -22.173  -18.000    2.000   0.000
32.40  -28.47   9.068   6.250     -23.000  -18.000    2.000   0.000
32.40  -28.47   9.219  10.813     -24.577  -18.000    2.000   0.000
32.40  -28.47   9.373   0.881     -26.185  -29.000    3.000   0.000
32.40  -28.47   9.849   1.188     -31.270  -28.000    3.000   0.000
32.40  -28.47   9.979   2.424     -32.670  -28.000    3.000   0.000
32.40  -28.47  10.793   1.105     -40.847  -44.000    3.000   0.000
32.40  -28.47  10.904   3.965     -41.974  -36.000    3.000   0.000
32.40  -28.47  11.581   0.495     -50.111  -48.000    3.000   0.000
300.45  13.04   0.726   0.383     -0.470   1.200    2.700   0.000
300.45  13.04   8.934  19.185     -35.164  -22.900    2.800   0.000
300.45  13.04   8.936  21.566     -35.203  -22.200    2.800   0.000
300.45  13.04   9.155  19.072     -38.328  -26.100    2.800   0.000
300.45  13.04   9.618  20.140     -43.915  -30.900    2.900   0.000
300.45  13.04   9.922  31.667     -47.519  -31.200    2.900   0.000
300.45  13.04   9.930  93.984     -47.614  -19.500    2.900   0.000
300.45  13.04  10.571  29.007     -54.619  -39.000    2.900   0.000
300.45  13.04  10.808  33.575     -57.204  -40.400    2.900   0.000
300.45  13.04  11.078  39.339     -60.289  -42.100    2.900   0.000
300.45  13.04  11.391   8.324     -64.267  -55.900    2.900   0.000
300.45  13.04  11.392  11.372     -64.279  -54.500    2.900   0.000
300.45  13.04  11.511  10.921     -65.784  -56.200    2.900   0.000
300.45  13.04  11.512  11.880     -65.796  -55.800    2.900   0.000
300.45  13.04  12.002  17.513     -71.655  -59.100    3.000   0.000
300.45  13.04  12.170  21.576     -73.435  -59.500    3.000   0.000
300.45  13.04  12.203  22.991     -73.785  -59.400    3.000   0.000
300.45  13.04  12.798  36.910     -80.626  -62.400    3.000   0.000
300.45  13.04  12.844  31.721     -81.196  -64.300    3.000   0.000
300.45  13.04  12.993  33.037     -83.043  -65.800    3.000   0.000
300.45  13.04  13.088  30.232     -83.895  -67.400    3.000   0.000
300.45  13.04  13.179  31.307     -84.686  -67.900    3.000   0.000
300.45  13.04  13.555  31.599     -88.164  -71.300    3.000   0.000
300.45  13.04  13.574  31.366     -88.402  -71.600    3.000   0.000
300.45  13.04  13.578  30.808     -88.452  -71.800    3.000   0.000
300.45  13.04  13.632  32.214     -89.127  -72.100    3.000   0.000
300.45  13.04  14.082   3.785     -96.837  -91.000    3.000   0.000
300.45  13.04  14.255  10.804     -103.389  -93.200    3.100   0.000
300.45  13.04  14.295  17.328     -104.904  -92.000    3.100   0.000
300.45  13.04  14.396  19.331     -108.730  -95.100    3.100   0.000
300.45  13.04  14.408  20.936     -109.184  -95.000    3.100   0.000
300.45  13.04  14.539  28.190     -112.959  -96.500    3.100   0.000
300.45  13.04  14.573  38.809     -113.212  -93.900    3.100   0.000
300.45  13.04  17.580  38.081     -129.964  -109.600    3.300   0.000
300.45  13.04  18.116  47.793     -131.814  -109.000    3.300   0.000
300.45  13.04  18.174  45.688     -132.006  -109.700    3.300   0.000
300.45  13.04  18.176  44.899     -132.012  -109.900    3.300   0.000
300.45  13.04  18.218  45.875     -132.151  -109.800    3.300   0.000
300.45  13.04  18.408  67.837     -132.780  -105.600    3.300   0.000
300.45  13.04  18.448  48.628     -132.912  -109.900    3.300   0.000
300.45  13.04  18.549  45.602     -133.185  -110.900    3.300   0.000
300.45  13.04  18.716  38.318     -133.528  -113.100    3.300   0.000
300.45  13.04  18.746  45.212     -133.589  -111.400    3.300   0.000
300.45  13.04  18.783  44.708     -133.665  -111.600    3.300   0.000
300.45  13.04  18.806  38.261     -133.712  -113.300    3.300   0.000
300.45  13.04  19.075  24.184     -134.229  -118.000    3.300   0.000
300.45  13.04  19.392  75.787     -134.728  -106.000    3.300   0.000
300.45  13.04  19.518  69.098     -134.931  -107.500    3.300   0.000
300.45  13.04  19.708  68.317     -135.276  -108.000    3.300   0.000
300.45  13.04  30.147  193.406     -142.619  -85.600    4.100   0.000
300.45  13.04  30.225  189.740     -142.476  -86.000    4.100   0.000
300.45  13.04  30.242  185.523     -142.445  -86.600    4.100   0.000
300.45  13.04  30.298  176.145     -142.342  -86.600    4.200   0.000
0.00  0.00   0.000   0.000      0.000   0.000    0.000   0.000
0.00  0.00   0.000   0.000      0.000   0.000    0.000   0.000
0.00  0.00   0.000   0.000      0.000   0.000    0.000   0.000
0.00  0.00   0.000   0.000      0.000   0.000    0.000   0.000
0.00  0.00   0.000   0.000      0.000   0.000    0.000   0.000
0.00  0.00   0.000   0.000      0.000   0.000    0.000   0.000
0.00  0.00   0.000   0.000      0.000   0.000    0.000   0.000
0.00  0.00   0.000   0.000      0.000   0.000    0.000   0.000
0.00  0.00   0.000   0.000      0.000   0.000    0.000   0.000
0.00  0.00   0.000   0.000      0.000   0.000    0.000   0.000
0.00  0.00   0.000   0.000      0.000   0.000    0.000   0.000
0.00  0.00   0.000   0.000      0.000   0.000    0.000   0.000
0.00  0.00   0.000   0.000      0.000   0.000    0.000   0.000
0.00  0.00   0.000   0.000      0.000   0.000    0.000   0.000
0.00  0.00   0.000   0.000      0.000   0.000    0.000   0.000
0.00  0.00   0.000   0.000      0.000   0.000    0.000   0.000
0.00  0.00   0.000   0.000      0.000   0.000    0.000   0.000
0.00  0.00   0.000   0.000      0.000   0.000    0.000   0.000
0.00  0.00   0.000   0.000      0.000   0.000    0.000   0.000
0.00  0.00   0.000   0.000      0.000   0.000    0.000   0.000
0.00  0.00   0.000   0.000      0.000   0.000    0.000   0.000
0.00  0.00   0.000   0.000      0.000   0.000    0.000   0.000
0.00  0.00   0.000   0.000      0.000   0.000    0.000   0.000
0.00  0.00   0.000   0.000      0.000   0.000    0.000   0.000
0.00  0.00   0.000   0.000      0.000   0.000    0.000   0.000
0.00  0.00   0.000   0.000      0.000   0.000    0.000   0.000
0.00  0.00   0.000   0.000      0.000   0.000    0.000   0.000
0.00  0.00   0.000   0.000      0.000   0.000    0.000   0.000
0.00  0.00   0.000   0.000      0.000   0.000    0.000   0.000
0.00  0.00   0.000   0.000      0.000   0.000    0.000   0.000
0.00  0.00   0.000   0.000      0.000   0.000    0.000   0.000
0.00  0.00   0.000   0.000      0.000   0.000    0.000   0.000
0.00  0.00   0.000   0.000      0.000   0.000    0.000   0.000
0.00  0.00   0.000   0.000      0.000   0.000    0.000   0.000
0.00  0.00   0.000   0.000      0.000   0.000    0.000   0.000
0.00  0.00   0.000   0.000      0.000   0.000    0.000   0.000
0.00  0.00   0.000   0.000      0.000   0.000    0.000   0.000
0.00  0.00   0.000   0.000      0.000   0.000    0.000   0.000
0.00  0.00   0.000   0.000      0.000   0.000    0.000   0.000
0.00  0.00   0.000   0.000      0.000   0.000    0.000   0.000
0.00  0.00   0.000   0.000      0.000   0.000    0.000   0.000
0.00  0.00   0.000   0.000      0.000   0.000    0.000   0.000
0.00  0.00   0.000   0.000      0.000   0.000    0.000   0.000
0.00  0.00   0.000   0.000      0.000   0.000    0.000   0.000
0.00  0.00   0.000   0.000      0.000   0.000    0.000   0.000
0.00  0.00   0.000   0.000      0.000   0.000    0.000   0.000
0.00  0.00   0.000   0.000      0.000   0.000    0.000   0.000
0.00  0.00   0.000   0.000      0.000   0.000    0.000   0.000
0.00  0.00   0.000   0.000      0.000   0.000    0.000   0.000
0.00  0.00   0.000   0.000      0.000   0.000    0.000   0.000
0.00  0.00   0.000   0.000      0.000   0.000    0.000   0.000
0.00  0.00   0.000   0.000      0.000   0.000    0.000   0.000
0.00  0.00   0.000   0.000      0.000   0.000    0.000   0.000
0.00  0.00   0.000   0.000      0.000   0.000    0.000   0.000
0.00  0.00   0.000   0.000      0.000   0.000    0.000   0.000
0.00  0.00   0.000   0.000      0.000   0.000    0.000   0.000
0.00  0.00   0.000   0.000      0.000   0.000    0.000   0.000
0.00  0.00   0.000   0.000      0.000   0.000    0.000   0.000
0.00  0.00   0.000   0.000      0.000   0.000    0.000   0.000
0.00  0.00   0.000   0.000      0.000   0.000    0.000   0.000
0.00  0.00   0.000   0.000      0.000   0.000    0.000   0.000
0.00  0.00   0.000   0.000      0.000   0.000    0.000   0.000
0.00  0.00   0.000   0.000      0.000   0.000    0.000   0.000
0.00  0.00   0.000   0.000      0.000   0.000    0.000   0.000
0.00  0.00   0.000   0.000      0.000   0.000    0.000   0.000
0.00  0.00   0.000   0.000      0.000   0.000    0.000   0.000
0.00  0.00   0.000   0.000      0.000   0.000    0.000   0.000
0.00  0.00   0.000   0.000      0.000   0.000    0.000   0.000
0.00  0.00   0.000   0.000      0.000   0.000    0.000   0.000
0.00  0.00   0.000   0.000      0.000   0.000    0.000   0.000
0.00  0.00   0.000   0.000      0.000   0.000    0.000   0.000
0.00  0.00   0.000   0.000      0.000   0.000    0.000   0.000
0.00  0.00   0.000   0.000      0.000   0.000    0.000   0.000
0.00  0.00   0.000   0.000      0.000   0.000    0.000   0.000
0.00  0.00   0.000   0.000      0.000   0.000    0.000   0.000
0.00  0.00   0.000   0.000      0.000   0.000    0.000   0.000
0.00  0.00   0.000   0.000      0.000   0.000    0.000   0.000
0.00  0.00   0.000   0.000      0.000   0.000    0.000   0.000
0.00  0.00   0.000   0.000      0.000   0.000    0.000   0.000
0.00  0.00   0.000   0.000      0.000   0.000    0.000   0.000
0.00  0.00   0.000   0.000      0.000   0.000    0.000   0.000
0.00  0.00   0.000   0.000      0.000   0.000    0.000   0.000
0.00  0.00   0.000   0.000      0.000   0.000    0.000   0.000
0.00  0.00   0.000   0.000      0.000   0.000    0.000   0.000
0.00  0.00   0.000   0.000      0.000   0.000    0.000   0.000
0.00  0.00   0.000   0.000      0.000   0.000    0.000   0.000
0.00  0.00   0.000   0.000      0.000   0.000    0.000   0.000
0.00  0.00   0.000   0.000      0.000   0.000    0.000   0.000
0.00  0.00   0.000   0.000      0.000   0.000    0.000   0.000
0.00  0.00   0.000   0.000      0.000   0.000    0.000   0.000
0.00  0.00   0.000   0.000      0.000   0.000    0.000   0.000
0.00  0.00   0.000   0.000      0.000   0.000    0.000   0.000
0.00  0.00   0.000   0.000      0.000   0.000    0.000   0.000
0.00  0.00   0.000   0.000      0.000   0.000    0.000   0.000
0.00  0.00   0.000   0.000      0.000   0.000    0.000   0.000
0.00  0.00   0.000   0.000      0.000   0.000    0.000   0.000
0.00  0.00   0.000   0.000      0.000   0.000    0.000   0.000
0.00  0.00   0.000   0.000      0.000   0.000    0.000   0.000
0.00  0.00   0.000   0.000      0.000   0.000    0.000   0.000
0.00  0.00   0.000   0.000      0.000   0.000    0.000   0.000
0.00  0.00   0.000   0.000      0.000   0.000    0.000   0.000
0.00  0.00   0.000   0.000      0.000   0.000    0.000   0.000
0.00  0.00   0.000   0.000      0.000   0.000    0.000   0.000
0.00  0.00   0.000   0.000      0.000   0.000    0.000   0.000
0.00  0.00   0.000   0.000      0.000   0.000    0.000   0.000
0.00  0.00   0.000   0.000      0.000   0.000    0.000   0.000
0.00  0.00   0.000   0.000      0.000   0.000    0.000   0.000
0.00  0.00   0.000   0.000      0.000   0.000    0.000   0.000
0.00  0.00   0.000   0.000      0.000   0.000    0.000   0.000
0.00  0.00   0.000   0.000      0.000   0.000    0.000   0.000
0.00  0.00   0.000   0.000      0.000   0.000    0.000   0.000
0.00  0.00   0.000   0.000      0.000   0.000    0.000   0.000
0.00  0.00   0.000   0.000      0.000   0.000    0.000   0.000
0.00  0.00   0.000   0.000      0.000   0.000    0.000   0.000
0.00  0.00   0.000   0.000      0.000   0.000    0.000   0.000
0.00  0.00   0.000   0.000      0.000   0.000    0.000   0.000
0.00  0.00   0.000   0.000      0.000   0.000    0.000   0.000
0.00  0.00   0.000   0.000      0.000   0.000    0.000   0.000
0.00  0.00   0.000   0.000      0.000   0.000    0.000   0.000
0.00  0.00   0.000   0.000      0.000   0.000    0.000   0.000
0.00  0.00   0.000   0.000      0.000   0.000    0.000   0.000
0.00  0.00   0.000   0.000      0.000   0.000    0.000   0.000
0.00  0.00   0.000   0.000      0.000   0.000    0.000   0.000
0.00  0.00   0.000   0.000      0.000   0.000    0.000   0.000
0.00  0.00   0.000   0.000      0.000   0.000    0.000   0.000
0.00  0.00   0.000   0.000      0.000   0.000    0.000   0.000
0.00  0.00   0.000   0.000      0.000   0.000    0.000   0.000
0.00  0.00   0.000   0.000      0.000   0.000    0.000   0.000
0.00  0.00   0.000   0.000      0.000   0.000    0.000   0.000
0.00  0.00   0.000   0.000      0.000   0.000    0.000   0.000
0.00  0.00   0.000   0.000      0.000   0.000    0.000   0.000
0.00  0.00   0.000   0.000      0.000   0.000    0.000   0.000
0.00  0.00   0.000   0.000      0.000   0.000    0.000   0.000
0.00  0.00   0.000   0.000      0.000   0.000    0.000   0.000
0.00  0.00   0.000   0.000      0.000   0.000    0.000   0.000
0.00  0.00   0.000   0.000      0.000   0.000    0.000   0.000
0.00  0.00   0.000   0.000      0.000   0.000    0.000   0.000
0.00  0.00   0.000   0.000      0.000   0.000    0.000   0.000
0.00  0.00   0.000   0.000      0.000   0.000    0.000   0.000
0.00  0.00   0.000   0.000      0.000   0.000    0.000   0.000
0.00  0.00   0.000   0.000      0.000   0.000    0.000   0.000
0.00  0.00   0.000   0.000      0.000   0.000    0.000   0.000
0.00  0.00   0.000   0.000      0.000   0.000    0.000   0.000
0.00  0.00   0.000   0.000      0.000   0.000    0.000   0.000
0.00  0.00   0.000   0.000      0.000   0.000    0.000   0.000
0.00  0.00   0.000   0.000      0.000   0.000    0.000   0.000
0.00  0.00   0.000   0.000      0.000   0.000    0.000   0.000
0.00  0.00   0.000   0.000      0.000   0.000    0.000   0.000
0.00  0.00   0.000   0.000      0.000   0.000    0.000   0.000
0.00  0.00   0.000   0.000      0.000   0.000    0.000   0.000
0.00  0.00   0.000   0.000      0.000   0.000    0.000   0.000
0.00  0.00   0.000   0.000      0.000   0.000    0.000   0.000
0.00  0.00   0.000   0.000      0.000   0.000    0.000   0.000
0.00  0.00   0.000   0.000      0.000   0.000    0.000   0.000
0.00  0.00   0.000   0.000      0.000   0.000    0.000   0.000
0.00  0.00   0.000   0.000      0.000   0.000    0.000   0.000
0.00  0.00   0.000   0.000      0.000   0.000    0.000   0.000
0.00  0.00   0.000   0.000      0.000   0.000    0.000   0.000
0.00  0.00   0.000   0.000      0.000   0.000    0.000   0.000
0.00  0.00   0.000   0.000      0.000   0.000    0.000   0.000
0.00  0.00   0.000   0.000      0.000   0.000    0.000   0.000
0.00  0.00   0.000   0.000      0.000   0.000    0.000   0.000
0.00  0.00   0.000   0.000      0.000   0.000    0.000   0.000
0.00  0.00   0.000   0.000      0.000   0.000    0.000   0.000
0.00  0.00   0.000   0.000      0.000   0.000    0.000   0.000
0.00  0.00   0.000   0.000      0.000   0.000    0.000   0.000
0.00  0.00   0.000   0.000      0.000   0.000    0.000   0.000
0.00  0.00   0.000   0.000      0.000   0.000    0.000   0.000
0.00  0.00   0.000   0.000      0.000   0.000    0.000   0.000
0.00  0.00   0.000   0.000      0.000   0.000    0.000   0.000
0.00  0.00   0.000   0.000      0.000   0.000    0.000   0.000
0.00  0.00   0.000   0.000      0.000   0.000    0.000   0.000
0.00  0.00   0.000   0.000      0.000   0.000    0.000   0.000
0.00  0.00   0.000   0.000      0.000   0.000    0.000   0.000
0.00  0.00   0.000   0.000      0.000   0.000    0.000   0.000
0.00  0.00   0.000   0.000      0.000   0.000    0.000   0.000
0.00  0.00   0.000   0.000      0.000   0.000    0.000   0.000
0.00  0.00   0.000   0.000      0.000   0.000    0.000   0.000
0.00  0.00   0.000   0.000      0.000   0.000    0.000   0.000
0.00  0.00   0.000   0.000      0.000   0.000    0.000   0.000
0.00  0.00   0.000   0.000      0.000   0.000    0.000   0.000
0.00  0.00   0.000   0.000      0.000   0.000    0.000   0.000
0.00  0.00   0.000   0.000      0.000   0.000    0.000   0.000
0.00  0.00   0.000   0.000      0.000   0.000    0.000   0.000
0.00  0.00   0.000   0.000      0.000   0.000    0.000   0.000
0.00  0.00   0.000   0.000      0.000   0.000    0.000   0.000
0.00  0.00   0.000   0.000      0.000   0.000    0.000   0.000
0.00  0.00   0.000   0.000      0.000   0.000    0.000   0.000
0.00  0.00   0.000   0.000      0.000   0.000    0.000   0.000
0.00  0.00   0.000   0.000      0.000   0.000    0.000   0.000
0.00  0.00   0.000   0.000      0.000   0.000    0.000   0.000
0.00  0.00   0.000   0.000      0.000   0.000    0.000   0.000
0.00  0.00   0.000   0.000      0.000   0.000    0.000   0.000
0.00  0.00   0.000   0.000      0.000   0.000    0.000   0.000
0.00  0.00   0.000   0.000      0.000   0.000    0.000   0.000
0.00  0.00   0.000   0.000      0.000   0.000    0.000   0.000
0.00  0.00   0.000   0.000      0.000   0.000    0.000   0.000
0.00  0.00   0.000   0.000      0.000   0.000    0.000   0.000
0.00  0.00   0.000   0.000      0.000   0.000    0.000   0.000
0.00  0.00   0.000   0.000      0.000   0.000    0.000   0.000
0.00  0.00   0.000   0.000      0.000   0.000    0.000   0.000
0.00  0.00   0.000   0.000      0.000   0.000    0.000   0.000
0.00  0.00   0.000   0.000      0.000   0.000    0.000   0.000
0.00  0.00   0.000   0.000      0.000   0.000    0.000   0.000
0.00  0.00   0.000   0.000      0.000   0.000    0.000   0.000
0.00  0.00   0.000   0.000      0.000   0.000    0.000   0.000
0.00  0.00   0.000   0.000      0.000   0.000    0.000   0.000
0.00  0.00   0.000   0.000      0.000   0.000    0.000   0.000
0.00  0.00   0.000   0.000      0.000   0.000    0.000   0.000
0.00  0.00   0.000   0.000      0.000   0.000    0.000   0.000
0.00  0.00   0.000   0.000      0.000   0.000    0.000   0.000
0.00  0.00   0.000   0.000      0.000   0.000    0.000   0.000
0.00  0.00   0.000   0.000      0.000   0.000    0.000   0.000
0.00  0.00   0.000   0.000      0.000   0.000    0.000   0.000
0.00  0.00   0.000   0.000      0.000   0.000    0.000   0.000
0.00  0.00   0.000   0.000      0.000   0.000    0.000   0.000
0.00  0.00   0.000   0.000      0.000   0.000    0.000   0.000
0.00  0.00   0.000   0.000      0.000   0.000    0.000   0.000
0.00  0.00   0.000   0.000      0.000   0.000    0.000   0.000
0.00  0.00   0.000   0.000      0.000   0.000    0.000   0.000
0.00  0.00   0.000   0.000      0.000   0.000    0.000   0.000
0.00  0.00   0.000   0.000      0.000   0.000    0.000   0.000
0.00  0.00   0.000   0.000      0.000   0.000    0.000   0.000
0.00  0.00   0.000   0.000      0.000   0.000    0.000   0.000
0.00  0.00   0.000   0.000      0.000   0.000    0.000   0.000
0.00  0.00   0.000   0.000      0.000   0.000    0.000   0.000
0.00  0.00   0.000   0.000      0.000   0.000    0.000   0.000
0.00  0.00   0.000   0.000      0.000   0.000    0.000   0.000
0.00  0.00   0.000   0.000      0.000   0.000    0.000   0.000
0.00  0.00   0.000   0.000      0.000   0.000    0.000   0.000
0.00  0.00   0.000   0.000      0.000   0.000    0.000   0.000
0.00  0.00   0.000   0.000      0.000   0.000    0.000   0.000
0.00  0.00   0.000   0.000      0.000   0.000    0.000   0.000
0.00  0.00   0.000   0.000      0.000   0.000    0.000   0.000
0.00  0.00   0.000   0.000      0.000   0.000    0.000   0.000
0.00  0.00   0.000   0.000      0.000   0.000    0.000   0.000
0.00  0.00   0.000   0.000      0.000   0.000    0.000   0.000
0.00  0.00   0.000   0.000      0.000   0.000    0.000   0.000
0.00  0.00   0.000   0.000      0.000   0.000    0.000   0.000
0.00  0.00   0.000   0.000      0.000   0.000    0.000   0.000
0.00  0.00   0.000   0.000      0.000   0.000    0.000   0.000
0.00  0.00   0.000   0.000      0.000   0.000    0.000   0.000
0.00  0.00   0.000   0.000      0.000   0.000    0.000   0.000
0.00  0.00   0.000   0.000      0.000   0.000    0.000   0.000
0.00  0.00   0.000   0.000      0.000   0.000    0.000   0.000
0.00  0.00   0.000   0.000      0.000   0.000    0.000   0.000
0.00  0.00   0.000   0.000      0.000   0.000    0.000   0.000
0.00  0.00   0.000   0.000      0.000   0.000    0.000   0.000
0.00  0.00   0.000   0.000      0.000   0.000    0.000   0.000
0.00  0.00   0.000   0.000      0.000   0.000    0.000   0.000
0.00  0.00   0.000   0.000      0.000   0.000    0.000   0.000
0.00  0.00   0.000   0.000      0.000   0.000    0.000   0.000
0.00  0.00   0.000   0.000      0.000   0.000    0.000   0.000
0.00  0.00   0.000   0.000      0.000   0.000    0.000   0.000
0.00  0.00   0.000   0.000      0.000   0.000    0.000   0.000
0.00  0.00   0.000   0.000      0.000   0.000    0.000   0.000
0.00  0.00   0.000   0.000      0.000   0.000    0.000   0.000
0.00  0.00   0.000   0.000      0.000   0.000    0.000   0.000
0.00  0.00   0.000   0.000      0.000   0.000    0.000   0.000
0.00  0.00   0.000   0.000      0.000   0.000    0.000   0.000
0.00  0.00   0.000   0.000      0.000   0.000    0.000   0.000
0.00  0.00   0.000   0.000      0.000   0.000    0.000   0.000
0.00  0.00   0.000   0.000      0.000   0.000    0.000   0.000
0.00  0.00   0.000   0.000      0.000   0.000    0.000   0.000
0.00  0.00   0.000   0.000      0.000   0.000    0.000   0.000
0.00  0.00   0.000   0.000      0.000   0.000    0.000   0.000
0.00  0.00   0.000   0.000      0.000   0.000    0.000   0.000
0.00  0.00   0.000   0.000      0.000   0.000    0.000   0.000
0.00  0.00   0.000   0.000      0.000   0.000    0.000   0.000
0.00  0.00   0.000   0.000      0.000   0.000    0.000   0.000
0.00  0.00   0.000   0.000      0.000   0.000    0.000   0.000
0.00  0.00   0.000   0.000      0.000   0.000    0.000   0.000
0.00  0.00   0.000   0.000      0.000   0.000    0.000   0.000
0.00  0.00   0.000   0.000      0.000   0.000    0.000   0.000
0.00  0.00   0.000   0.000      0.000   0.000    0.000   0.000
0.00  0.00   0.000   0.000      0.000   0.000    0.000   0.000
0.00  0.00   0.000   0.000      0.000   0.000    0.000   0.000
0.00  0.00   0.000   0.000      0.000   0.000    0.000   0.000
0.00  0.00   0.000   0.000      0.000   0.000    0.000   0.000
0.00  0.00   0.000   0.000      0.000   0.000    0.000   0.000
0.00  0.00   0.000   0.000      0.000   0.000    0.000   0.000
0.00  0.00   0.000   0.000      0.000   0.000    0.000   0.000
0.00  0.00   0.000   0.000      0.000   0.000    0.000   0.000
0.00  0.00   0.000   0.000      0.000   0.000    0.000   0.000
0.00  0.00   0.000   0.000      0.000   0.000    0.000   0.000
0.00  0.00   0.000   0.000      0.000   0.000    0.000   0.000
0.00  0.00   0.000   0.000      0.000   0.000    0.000   0.000
0.00  0.00   0.000   0.000      0.000   0.000    0.000   0.000
0.00  0.00   0.000   0.000      0.000   0.000    0.000   0.000
0.00  0.00   0.000   0.000      0.000   0.000    0.000   0.000
0.00  0.00   0.000   0.000      0.000   0.000    0.000   0.000
0.00  0.00   0.000   0.000      0.000   0.000    0.000   0.000
0.00  0.00   0.000   0.000      0.000   0.000    0.000   0.000
0.00  0.00   0.000   0.000      0.000   0.000    0.000   0.000
0.00  0.00   0.000   0.000      0.000   0.000    0.000   0.000
0.00  0.00   0.000   0.000      0.000   0.000    0.000   0.000
