-94.73  62.48  374.519
-94.27  58.58  301.499
-83.56  53.47  129.966
-78.17  53.12  196.394
-76.93  56.06  3794.859
-78.60  58.91  450.202
-78.04  62.18  310.842
-74.90  62.19  637.042
-72.78  61.97  897.264
-69.73  59.53  190.477
-68.96  58.43  471.705
-63.77  59.21  376.230
-60.99  56.61  80.692
-60.35  53.80  298.452
-57.64  54.15  788.879
-56.66  51.04  122.461
-57.88  49.79  2371.130
-58.67  48.39  1045.638
-53.72  47.31  282.425
-54.89  49.42  1496.409
-63.97  49.79  5471.259
-68.37  48.46  371.534
-69.30  48.44  2398.207
-71.00  46.88  716.691
-65.61  47.82  2454.995
-61.73  47.44  1189.418
-62.88  46.12  569.759
-60.77  46.11  1293.055
-64.23  45.72  596.779
-63.26  44.70  158.540
-60.01  43.95  102.882
-65.85  43.82  22.891
-65.86  44.55  584.230
-66.62  45.10  739.263
