1.028662676423640505e+03
9.975934380631382510e+02
9.637175875318183671e+02
9.282485471383020013e+02
8.940950706600101512e+02
8.640021049373755204e+02
8.393573170715952756e+02
8.207444158509392764e+02
8.074161475321662920e+02
7.983070114734719027e+02
7.922927068671552888e+02
7.883493604956057652e+02
7.859396807823455902e+02
7.847563582544429437e+02
7.844892359487344038e+02
7.849224594327403111e+02
7.858398137235280956e+02
7.871455238809962793e+02
7.886204044543419514e+02
7.901391386793247875e+02
7.915735940804553366e+02
7.928630475721924995e+02
7.940928625607654112e+02
7.950691726222503348e+02
7.959074660628435822e+02
7.965985905140036039e+02
7.971640818067866121e+02
7.976863740089951307e+02
7.980521281558266082e+02
7.983242835618198114e+02
7.985846205822452930e+02
7.987932591841458816e+02
1.046566074844582772e+03
1.012088627221408046e+03
9.739945334246559696e+02
9.344809802289122445e+02
8.962829027041889276e+02
8.624364507229647643e+02
8.349795540625545982e+02
8.142227383704426984e+02
7.995942939300171020e+02
7.897501838833127294e+02
7.833963206660677088e+02
7.795333365221634949e+02
7.775108237976124883e+02
7.769430995491652538e+02
7.774512394667159469e+02
7.787699570099429138e+02
7.807292523973982270e+02
7.829646810663224414e+02
7.852959313579394802e+02
7.875422378794866063e+02
7.896271704213991143e+02
7.914489562678689936e+02
7.929767059742799802e+02
7.942325176158269642e+02
7.953760141323365360e+02
7.962135289747601519e+02
7.969059467050192325e+02
7.974610750043674443e+02
7.978989371688448955e+02
7.982629635403881139e+02
7.985248637530939959e+02
7.987783493519731337e+02
1.067967389980434291e+03
1.030115278443467787e+03
9.877538671416482430e+02
9.441799888097789335e+02
9.016222047227111034e+02
8.638021862655174345e+02
8.329170976297219795e+02
8.096567739980564511e+02
7.931909588018739896e+02
7.823105571391253079e+02
7.754846095866282667e+02
7.716603305194206541e+02
7.700767326038654801e+02
7.701894358142498049e+02
7.716582950450048202e+02
7.740431858272037289e+02
7.769912518450347534e+02
7.803083734225216404e+02
7.835304959248427394e+02
7.865575537706068872e+02
7.892196379683679197e+02
7.914824649264996879e+02
7.934541755188662364e+02
7.950760026039438344e+02
7.962212797421228743e+02
7.972249385614424000e+02
7.980268137482324846e+02
7.987264819554621909e+02
7.991777258510036290e+02
7.996353607262831247e+02
7.999468171569365040e+02
8.001233193102247014e+02
1.091513653921204423e+03
1.050517640645718984e+03
1.004811670672411196e+03
9.563373373775017399e+02
9.092074683158651851e+02
8.670812491440557324e+02
8.323557258422393943e+02
8.059444759503336400e+02
7.872568360390223461e+02
7.748876155202984819e+02
7.672941543872115062e+02
7.633213877677070514e+02
7.620307285634297614e+02
7.627681959744932101e+02
7.651485876385446545e+02
7.686053144212613688e+02
7.725853748924713500e+02
7.768457450150743853e+02
7.809424446132816229e+02
7.844850793627291523e+02
7.876770407180111988e+02
7.903770272934376635e+02
7.926368530047401464e+02
7.945057562037122807e+02
7.959534356948884124e+02
7.971547930691257307e+02
7.980477734741557470e+02
7.988187826631141206e+02
7.994243796348055184e+02
7.999340248372428732e+02
8.003113751685312991e+02
8.005858909389568225e+02
1.114832849294714833e+03
1.070636893027220140e+03
1.021136102334281077e+03
9.686380529217952926e+02
9.170402166538350457e+02
8.704144026753423304e+02
8.315560255273416033e+02
8.016412212980898175e+02
7.801996855540533033e+02
7.658544952155803003e+02
7.571795021216804571e+02
7.527633200800308941e+02
7.515676086031908198e+02
7.528613081341062525e+02
7.559424700747205179e+02
7.602024016156237849e+02
7.650696198241998900e+02
7.700029335701595983e+02
7.746722145807610787e+02
7.789268110767920916e+02
7.826092777615123168e+02
7.857477189604933301e+02
7.882525998236056921e+02
7.904697265667699639e+02
7.922850393809111438e+02
7.938128789465608861e+02
7.950753524132938992e+02
7.961224966115410098e+02
7.969676549698388044e+02
7.977058301408452508e+02
7.982983954235263582e+02
7.988124797956569410e+02
1.134594455546932295e+03
1.087599281793756063e+03
1.034470558984029822e+03
9.780301512274177185e+02
9.223389483231386521e+02
8.714317753655708430e+02
8.285341573496435785e+02
7.948167907502210028e+02
7.703377908315164859e+02
7.537994595282945056e+02
7.436812401894070490e+02
7.385596010072021045e+02
7.372257846125512515e+02
7.387424588410945034e+02
7.422647149922198651e+02
7.471190895523913014e+02
7.525122729616811057e+02
7.579721662027391176e+02
7.632121553766386342e+02
7.680103163537310138e+02
7.722647372570130528e+02
7.760174040026500961e+02
7.793947391473601556e+02
7.823364746028551053e+02
7.849646048171074426e+02
7.872558246130529369e+02
7.892467855671765165e+02
7.909784559896455676e+02
7.924737010565573883e+02
7.936635723498114885e+02
7.947337954844437036e+02
7.956443290455139277e+02
1.148440584805293611e+03
1.098218193748862859e+03
1.041668133966592222e+03
9.817168928948107123e+02
9.224409512094994170e+02
8.678300556129664756e+02
8.210353994953205756e+02
7.838411159004405135e+02
7.563014235615073630e+02
7.374362760742201317e+02
7.258385495594957320e+02
7.199125221909911261e+02
7.182829196494125199e+02
7.198241260823734819e+02
7.234963705760586663e+02
7.285144309623702839e+02
7.342480936024253424e+02
7.401760668294081142e+02
7.460199691416504493e+02
7.516102658392507010e+02
7.569370585330983658e+02
7.620117925933177503e+02
7.667132312404423828e+02
7.712403991992637202e+02
7.754088774195403175e+02
7.792051809445957815e+02
7.826593266259372967e+02
7.857172560216637294e+02
7.883348826332029375e+02
7.906887438911608115e+02
7.926438358457498907e+02
7.942300368911998021e+02
1.153786934043233487e+03
1.100390942134136594e+03
1.040450714951864938e+03
9.776895335331258821e+02
9.153591786166948623e+02
8.576324516553468129e+02
8.076217676675909161e+02
7.672755880617100956e+02
7.370715101032361645e+02
7.162690368561352443e+02
7.033734392258605794e+02
6.967584083019892205e+02
6.947715350334857476e+02
6.960101662502596582e+02
6.995864838763118314e+02
7.045462704150181708e+02
7.104324441498814622e+02
7.167459896854760473e+02
7.233927351055244799e+02
7.303140129504899960e+02
7.373537164886100754e+02
7.445618652218116722e+02
7.517857254478245750e+02
7.588190719993082212e+02
7.656225308800984521e+02
7.719712272838763738e+02
7.777657193244094742e+02
7.830121361373012405e+02
7.875248259753028606e+02
7.914815303206604540e+02
7.948386889440320147e+02
7.975972901643722253e+02
1.148632197729825521e+03
1.091659140470671218e+03
1.029091987139521734e+03
9.638654514397759385e+02
8.995837512108055307e+02
8.396361108595052656e+02
7.873518492269350872e+02
7.446403616576476452e+02
7.125765146409536328e+02
6.904404293212878656e+02
6.768790856134507976e+02
6.698501523930206076e+02
6.675411030578981126e+02
6.683944370702485003e+02
6.714063976979333574e+02
6.758617116742919961e+02
6.814530064699439436e+02
6.880645594232088342e+02
6.956171909437676959e+02
7.042615733571227565e+02
7.137355773929219822e+02
7.240272307233235551e+02
7.346862662479499022e+02
7.454519419170419496e+02
7.559591462035187988e+02
7.658603432353573908e+02
7.749580348862565415e+02
7.831312728092351563e+02
7.902687304603244911e+02
7.964222622771964097e+02
8.016298914919779008e+02
8.059040497603801896e+02
1.132223693263392306e+03
1.072513113001638658e+03
1.007953024111217474e+03
9.412926764867387419e+02
8.757237599496166922e+02
8.146831603045669681e+02
7.610675431338628414e+02
7.172558322738681227e+02
6.843791520776999278e+02
6.620615387333555191e+02
6.486628820532386044e+02
6.417742074528302965e+02
6.392394181151038310e+02
6.393104731198806121e+02
6.410887041069555607e+02
6.442371435964834063e+02
6.487813428864778871e+02
6.550268376423008476e+02
6.632563911661768543e+02
6.735851586118490104e+02
6.858521266181528517e+02
6.997354548931226645e+02
7.145585985623978331e+02
7.296867277918823902e+02
7.446100248188386104e+02
7.587947955121320547e+02
7.718041488466309374e+02
7.833472940399143454e+02
7.935563035764389497e+02
8.021867791528148928e+02
8.095779329505016904e+02
8.155793862422978009e+02
1.107090843251250817e+03
1.045441301603929332e+03
9.798952680503921329e+02
9.128818655740359418e+02
8.473880050168054368e+02
7.862431695880482039e+02
7.325984579672680184e+02
6.888539103075712546e+02
6.565567041886586139e+02
6.353394917190106526e+02
6.232075728007072257e+02
6.172112695601139194e+02
6.145500535690658808e+02
6.133900955185930570e+02
6.129609851210831266e+02
6.134143412713033285e+02
6.155504567519832335e+02
6.202184699027337729e+02
6.280547408504270379e+02
6.394432847302259688e+02
6.540357304656256474e+02
6.712410262966535583e+02
6.901288135991404715e+02
7.097267947478475207e+02
7.290993019540974274e+02
7.476253616285722501e+02
7.645241025580049836e+02
7.796536263627793915e+02
7.928627308269343530e+02
8.040426006769040441e+02
8.135385717444156626e+02
8.212981485220180957e+02
1.078021665128350151e+03
1.015897909808780128e+03
9.506440731446350583e+02
8.845875703469477003e+02
8.202553264237371877e+02
7.601606982672418553e+02
7.071955400961556961e+02
6.646189479350854299e+02
6.341230889552324470e+02
6.153397824725473129e+02
6.056759134195668821e+02
6.013658810900864182e+02
5.987636756299119725e+02
5.958440812911687772e+02
5.920611632303626948e+02
5.884105330225008856e+02
5.863567096502971481e+02
5.877134117395545445e+02
5.936629063557555810e+02
6.047279767416256391e+02
6.205766087010234742e+02
6.402448350129383243e+02
6.624803365137950095e+02
6.859611742068503872e+02
7.092495618501430954e+02
7.315740934264225643e+02
7.519790511819500125e+02
7.702510616871087450e+02
7.859968383486243511e+02
7.993031965872870614e+02
8.105393017752891183e+02
8.196152618587601637e+02
1.051905829451554609e+03
9.907455090779041029e+02
9.273178249891039968e+02
8.631490001844949802e+02
8.006830595683667298e+02
7.418420423988909533e+02
6.900849626271807438e+02
6.489458928253491194e+02
6.206970137207616744e+02
6.050319249294119572e+02
5.986599422552291117e+02
5.966511778257950027e+02
5.944326127857875690e+02
5.893847297908422433e+02
5.814627221956747007e+02
5.722850094535289145e+02
5.646976932499717350e+02
5.612568999663900513e+02
5.638942577323667820e+02
5.734025594990528134e+02
5.893459773394403101e+02
6.105484564325753354e+02
6.351975107850902305e+02
6.616225187696069270e+02
6.880965983555676075e+02
7.134966588973890111e+02
7.366354323738322591e+02
7.573550673773974040e+02
7.751249440330478819e+02
7.901770179395407467e+02
8.026242580776760178e+02
8.126435428816886315e+02
1.035310095754021631e+03
9.764512593576218933e+02
9.155220257495931264e+02
8.539305641648334131e+02
7.932682791390903958e+02
7.353857332777073452e+02
6.838274989909629085e+02
6.431985290338462846e+02
6.165627322404101278e+02
6.036263762250554237e+02
6.005135484852858099e+02
6.008400779627404518e+02
5.991108472979891530e+02
5.920020115923026651e+02
5.795648112283239470e+02
5.646537159458458746e+02
5.509778113727486470e+02
5.422925562731417131e+02
5.412209042225498479e+02
5.487228103398099393e+02
5.643898091818949752e+02
5.865852807672573590e+02
6.131804462093275561e+02
6.420912601791750376e+02
6.711919974586754734e+02
6.990197807457470844e+02
7.245337805156690365e+02
7.469494507955508880e+02
7.664388417628993011e+02
7.825932240119178687e+02
7.959656796013650819e+02
8.068769883140957973e+02
1.034194429016628192e+03
9.778891828897071719e+02
9.197968581863656254e+02
8.604830262127952665e+02
8.006837258724976891e+02
7.422994795668810184e+02
6.891129373118106969e+02
6.468391410998198126e+02
6.195751803272414691e+02
6.076698164331477301e+02
6.064400009078302674e+02
6.085925263492900967e+02
6.070698483660540887e+02
5.979629999621696470e+02
5.817009692911485672e+02
5.616763846424490794e+02
5.427760828220049234e+02
5.298809925772345650e+02
5.260268459756339325e+02
5.324956615535955962e+02
5.486127747727952055e+02
5.724670013669156106e+02
6.013923041558822433e+02
6.329483404907808790e+02
6.647686975285238304e+02
6.949345849362880472e+02
7.224723551978877367e+02
7.467406848839423219e+02
7.673692009850811928e+02
7.846277163535979753e+02
7.986934145222729740e+02
8.098501850001430284e+02
1.052879576046027751e+03
9.990153297094663003e+02
9.430197666966163297e+02
8.847797598242406139e+02
8.242615758442949527e+02
7.628577682218716518e+02
7.053187196296885304e+02
6.583474464035252822e+02
6.275098188664736654e+02
6.137621370401386685e+02
6.123298843620674461e+02
6.147705081139346248e+02
6.128917730349440944e+02
6.021392266572087237e+02
5.829283088536427613e+02
5.594251138585598255e+02
5.373178887903447958e+02
5.222857067388742962e+02
5.178529856271219387e+02
5.252803533764503072e+02
5.436770000160208838e+02
5.705401886641819829e+02
6.031327015440953119e+02
6.381231111853272751e+02
6.730132656397909159e+02
7.060557455017407165e+02
7.358975603281019175e+02
7.619710452755526831e+02
7.838468514356576406e+02
8.019689498241988304e+02
8.167418642646853186e+02
8.282894644297484774e+02
1.094933524552873905e+03
1.042356486513439677e+03
9.866397021598735364e+02
9.272548424589040224e+02
8.636322859672133063e+02
7.967737138175416476e+02
7.318189622752298646e+02
6.769989113483030678e+02
6.392262355368517319e+02
6.206792007832787021e+02
6.165965392130984810e+02
6.177123087772041572e+02
6.147637918213309831e+02
6.025927432187139630e+02
5.815091922359928276e+02
5.562171642713346955e+02
5.331632351500998084e+02
5.184788662625302322e+02
5.159346855417830966e+02
5.266454880661958668e+02
5.493064342681562948e+02
5.810140267264972636e+02
6.183127748603185410e+02
6.578217663775986921e+02
6.967612379157400255e+02
7.330527337440006477e+02
7.654699752519585445e+02
7.934043208688303821e+02
8.167835165243799338e+02
8.358482555742415343e+02
8.511844885147478408e+02
8.631405754032697359e+02
1.161447940942169907e+03
1.107811069624809079e+03
1.050045633481837513e+03
9.870202981895059793e+02
9.174266275186697612e+02
8.423496861087133993e+02
7.673666113514609606e+02
7.019046565617145461e+02
6.547241697665846232e+02
6.290487485710453939e+02
6.204184295757380596e+02
6.188824140957016198e+02
6.142428350466924485e+02
6.006762488877684518e+02
5.785238596475961685e+02
5.526943674157931810e+02
5.303929548101057208e+02
5.178827378044569514e+02
5.190465569620992028e+02
5.347278164194780175e+02
5.630746304076753859e+02
6.007515018063340904e+02
6.437224349067424782e+02
6.883306084448662432e+02
7.316291939820592916e+02
7.715059070341125107e+02
8.066083564085497528e+02
8.365334612181609373e+02
8.613659656016537838e+02
8.812869757998722662e+02
8.972187175314808201e+02
9.094850229390457343e+02
1.249851024907545479e+03
1.192652802327201016e+03
1.130126775805815669e+03
1.060388729103429341e+03
9.821022904085156142e+02
8.963370005583569764e+02
8.094069261732714722e+02
7.317485697472208130e+02
6.738710215747252050e+02
6.399968587734218772e+02
6.259831891634881913e+02
6.212244191726011877e+02
6.147073453828710399e+02
5.997973471090105022e+02
5.767409022895413955e+02
5.509584828460972403e+02
5.298141029421767598e+02
5.200259469443334410e+02
5.253892036089030171e+02
5.463852600285466679e+02
5.806950734685099178e+02
6.244050391512718079e+02
6.730704632818517439e+02
7.227268016512747408e+02
7.702035827946255040e+02
8.132446333774714731e+02
8.508868375062065752e+02
8.826279737254538986e+02
9.086642892678966064e+02
9.294076207366147173e+02
9.457843476098668134e+02
9.584491132901399624e+02
1.351916386272400587e+03
1.288892821255864192e+03
1.218771040430472794e+03
1.139955593862202477e+03
1.051068603498271159e+03
9.534826276556259472e+02
8.539062229722958364e+02
7.639899392232250648e+02
6.957363251639498003e+02
6.542971173185820817e+02
6.354835020789386135e+02
6.280089833223223650e+02
6.198065260890439276e+02
6.035982631962173173e+02
5.794738316672063547e+02
5.531652291264382484e+02
5.325455819060338172e+02
5.246316604335081593e+02
5.332429817405295580e+02
5.586138565824543321e+02
5.979054751476248839e+02
6.467705789729974413e+02
7.001528894164798658e+02
7.540079365387433654e+02
8.049343137530344165e+02
8.506973420067906773e+02
8.903400538821130112e+02
9.234744649340012757e+02
9.502747234331355912e+02
9.714991051047286419e+02
9.882376410121605659e+02
1.000698089671147955e+03
1.449166365934561554e+03
1.382188512235072949e+03
1.303260799591286514e+03
1.214446946128773334e+03
1.114469910948486131e+03
1.005342482983564992e+03
8.945610457514658265e+02
7.947485423790662935e+02
7.186380276351619614e+02
6.719990676088516466e+02
6.503825888374705073e+02
6.415424263379179592e+02
6.324446191780737081e+02
6.150488966907361146e+02
5.893344886206882620e+02
5.613990147906104085e+02
5.398376686632163910e+02
5.320024023950105629e+02
5.419582921946187071e+02
5.697173396749298036e+02
6.121539326637330305e+02
6.643812835334958891e+02
7.213358188812859453e+02
7.779518927827247126e+02
8.313638703891466548e+02
8.790537173771663220e+02
9.197743902858295542e+02
9.538024703180770985e+02
9.810285090590733716e+02
1.002720008759904545e+03
1.019305492699709134e+03
1.031963185134664627e+03
1.534687536427152736e+03
1.455757308333652190e+03
1.368269540199614312e+03
1.270062616527735599e+03
1.160742085693428635e+03
1.043108863061303282e+03
9.250300431308523912e+02
8.196083034228637416e+02
7.401361518080481119e+02
6.923812945006276323e+02
6.711386414480797384e+02
6.631759964420969027e+02
6.543343177756942168e+02
6.360389975793899566e+02
6.081226029198995775e+02
5.773301770939475546e+02
5.529513416863831026e+02
5.430374028610983714e+02
5.519674594356413309e+02
5.798908374977437461e+02
6.233206786304141360e+02
6.771274348804779493e+02
7.356949523798339214e+02
7.941152609914770437e+02
8.486627348183745880e+02
8.974179938489220376e+02
9.387707992290861512e+02
9.729830502707612823e+02
1.000509983329072838e+03
1.021893602156562906e+03
1.038395480571136659e+03
1.050876589614566683e+03
1.578945999270916900e+03
1.494149631678935975e+03
1.399997820936634525e+03
1.295293048461355056e+03
1.180769829090647136e+03
1.059690441572248119e+03
9.401271506843422685e+02
8.355289185277048318e+02
7.586887813325321304e+02
7.146421359958090989e+02
6.975429603460997896e+02
6.929430562199742099e+02
6.857150073291328454e+02
6.667142787699006021e+02
6.361183876245546571e+02
6.012370962696156766e+02
5.724147212919656340e+02
5.584591314364867003e+02
5.643393320452420312e+02
5.902884614620340926e+02
6.329004663565239071e+02
6.865168325966607199e+02
7.452937634953209454e+02
8.041274036478358767e+02
8.591050486763807612e+02
9.080464464935798787e+02
9.495706060462489404e+02
9.837953031749626689e+02
1.011062679904525908e+03
1.032371017927680214e+03
1.048516112979318677e+03
1.060600730687752957e+03
1.577622959909434712e+03
1.489304073881802651e+03
1.391870770413155924e+03
1.285294134305452417e+03
1.171061031273039816e+03
1.052911116389026802e+03
9.389376273939770954e+02
8.419615870977750092e+02
7.736702592818382982e+02
7.383038159682064361e+02
7.287772047032943874e+02
7.297044077651020189e+02
7.251702465997373110e+02
7.058363681284059794e+02
6.721567893440889065e+02
6.322451611716685420e+02
5.976899768289237045e+02
5.782540587247907524e+02
5.795629422884655924e+02
6.021034745959819929e+02
6.424226313694285864e+02
6.947634820609233657e+02
7.527967601599734735e+02
8.112499807582747735e+02
8.659713576957014993e+02
9.145140668435142288e+02
9.557842514102898122e+02
9.897734935296130061e+02
1.016579612444159920e+03
1.037412340340303444e+03
1.053285475606481896e+03
1.065158669787061854e+03
1.531843479347154243e+03
1.443733654431876175e+03
1.347241253397629862e+03
1.243672956280353446e+03
1.135423762453089466e+03
1.026214316103842293e+03
9.241323320651223412e+02
8.406661894431899782e+02
7.859166507637870609e+02
7.629241927306575235e+02
7.634989149315580335e+02
7.713704632521544227e+02
7.701457952800200246e+02
7.504443140979441296e+02
7.133959643578194800e+02
6.680365715068145391e+02
6.271115857272868652e+02
6.014553331940802536e+02
5.973274804199479604e+02
6.156557138212856444e+02
6.529235312337686992e+02
7.031689664635046029e+02
7.599683958185555639e+02
8.173421760821632915e+02
8.714859354263547857e+02
9.195121988256836403e+02
9.602779652559637498e+02
9.936753948955679334e+02
1.020157358440729354e+03
1.040577402610810395e+03
1.056047934554410404e+03
1.067516154394438445e+03
1.452747628260916144e+03
1.367496681873687521e+03
1.275853914580894525e+03
1.179782466336902644e+03
1.082040731192503245e+03
9.867629779671239021e+02
9.011068126737692410e+02
8.347758515072197270e+02
7.966507680214222091e+02
7.880406685999245155e+02
7.998197188065518048e+02
8.151186893481159359e+02
8.172771117333722941e+02
7.971765009196751635e+02
7.566273602752821716e+02
7.058548958614683215e+02
6.584357687834008175e+02
6.262525122089790557e+02
6.164828721634804651e+02
6.303232814462759279e+02
6.642928957524599127e+02
7.122600771294332844e+02
7.673264001966836076e+02
8.236838883800196527e+02
8.769205949108082905e+02
9.242744688219535192e+02
9.645013692555029365e+02
9.973552665838807343e+02
1.023327634748183868e+03
1.043378941367973084e+03
1.058386730400518672e+03
1.069541644567739013e+03
1.354079368716428007e+03
1.274838019803749830e+03
1.190822803760292800e+03
1.105441219897280234e+03
1.021402208101735482e+03
9.426887935066205273e+02
8.754194313678214030e+02
8.278342575534020398e+02
8.069417470198008004e+02
8.127747305057852145e+02
8.353251943537983379e+02
8.576037019695905883e+02
8.628578465178544548e+02
8.423977484050383282e+02
7.986030382765129616e+02
7.426221840832930638e+02
6.890449430483408833e+02
6.508019023655213005e+02
6.356518621606060151e+02
6.451721107703804137e+02
6.759130982935381553e+02
7.215541795015000162e+02
7.750972358977702470e+02
8.303790942617979454e+02
8.827136291701741584e+02
9.292588381524005854e+02
9.688467518181414562e+02
1.001151995573112913e+03
1.026600277990218046e+03
1.046252883684205017e+03
1.060965173865472707e+03
1.071746811816911077e+03
