4.621004089787485327e+02
4.634662577749980983e+02
4.671424539687418473e+02
4.755441826359635797e+02
4.896044779904883626e+02
5.095373598595934368e+02
5.344010330725184303e+02
5.622601129417948869e+02
5.903835712489486696e+02
6.169760812501610872e+02
6.411918701380063794e+02
6.623140226541820539e+02
6.797596739376667756e+02
6.952689586063283969e+02
7.093635752214582908e+02
7.213752101768775447e+02
7.320005835439826569e+02
7.416581341990279270e+02
7.497238069516506584e+02
7.565197282265780814e+02
7.621775332555434943e+02
7.663870384792485311e+02
7.699883352807777328e+02
7.726818555405437792e+02
7.743132172816567618e+02
7.755124116136646535e+02
7.761250384179177217e+02
7.776283787172301345e+02
7.776656400450058300e+02
7.777908647899430434e+02
7.779347452501066300e+02
7.778958657830781931e+02
4.549631188448724970e+02
4.570429699667857903e+02
4.615649709897044204e+02
4.708781141637810492e+02
4.864382903778035825e+02
5.086272991870204123e+02
5.355963571549636981e+02
5.663101407642466256e+02
5.975716017415195438e+02
6.275755243602956170e+02
6.547728573488274151e+02
6.786923277000754524e+02
6.999952993903769993e+02
7.191897798313023031e+02
7.360570898678220146e+02
7.513221440341743573e+02
7.652359702578174847e+02
7.771128140814117842e+02
7.876452581642121231e+02
7.959096820711863529e+02
8.025418178062218431e+02
8.076928437215789245e+02
8.114759226928580347e+02
8.139447666152136662e+02
8.163055401357775054e+02
8.173256051259797914e+02
8.179827995442324209e+02
8.184281086383437014e+02
8.189187172657589144e+02
8.190292116181213942e+02
8.187783783513028766e+02
8.189775146589544192e+02
4.478478311620399381e+02
4.504457167831391189e+02
4.559416256929387146e+02
4.657795343867546194e+02
4.823816978943381173e+02
5.052739398451034276e+02
5.339886408668037348e+02
5.664932832297936329e+02
5.998634959415235244e+02
6.325285014462481286e+02
6.626171749702975831e+02
6.898196887754377258e+02
7.144125463737271957e+02
7.364127622765109891e+02
7.566170449203323187e+02
7.747856907543421130e+02
7.908370156377221747e+02
8.050721052811655909e+02
8.170941059261626833e+02
8.265717274778983210e+02
8.340230878519286080e+02
8.394328039025497219e+02
8.434751608215162832e+02
8.461569621611747607e+02
8.474080980903497675e+02
8.483502141014579365e+02
8.486458979987328348e+02
8.490643015874218236e+02
8.487039637349433860e+02
8.488422381170414610e+02
8.483521862749464617e+02
8.480400709951544513e+02
4.416155999689477767e+02
4.444594664066060545e+02
4.497633784110915940e+02
4.603812565333494717e+02
4.769471961806019067e+02
4.998395300269917243e+02
5.285156775223022123e+02
5.610783972087397160e+02
5.952861999463784741e+02
6.287140857088734265e+02
6.602898911665294008e+02
6.896026637315762855e+02
7.159900500939816084e+02
7.401386600097366681e+02
7.625398716692985772e+02
7.827517874420395856e+02
8.008744934444694081e+02
8.162078503401971830e+02
8.289565074390477548e+02
8.383970903192703190e+02
8.455434477356586740e+02
8.508556422657829899e+02
8.540620228812654204e+02
8.562274211872555725e+02
8.570911500787477735e+02
8.575766341875469152e+02
8.568525110394859894e+02
8.565709220504957102e+02
8.556790151383409011e+02
8.549930157909266200e+02
8.547596299079368691e+02
8.536079907343520290e+02
4.372242027404724922e+02
4.400247796074099256e+02
4.454599634728153319e+02
4.550018936980358149e+02
4.700617253457560309e+02
4.914393448078315600e+02
5.180283857836914194e+02
5.482454866653918089e+02
5.810462094730546596e+02
6.134291034468835733e+02
6.443106436976843270e+02
6.734776139488759554e+02
7.003223183220118244e+02
7.252267751964693616e+02
7.485578701137692406e+02
7.692326590586841348e+02
7.875316713874542529e+02
8.027301748557533756e+02
8.146914737550526979e+02
8.238863828086903141e+02
8.303194654344697483e+02
8.343034936478293275e+02
8.362160981752194857e+02
8.368256201377597563e+02
8.363866002687420860e+02
8.355909938692469723e+02
8.344463879184193047e+02
8.331302082800989410e+02
8.317776901228728548e+02
8.306281578779455685e+02
8.296499696400383073e+02
8.287838275971888606e+02
4.366460102540307844e+02
4.389689476060276547e+02
4.434385459062766586e+02
4.513316181785579602e+02
4.636636766457838803e+02
4.810304191763696053e+02
5.030827170900556666e+02
5.288499418810672523e+02
5.571559129196713229e+02
5.856990778786389455e+02
6.137058516981790035e+02
6.407043380699253703e+02
6.658113606988340507e+02
6.895460421679831597e+02
7.116464563839047059e+02
7.313493283946211250e+02
7.486221379339290252e+02
7.624833448693705122e+02
7.726589508581496375e+02
7.802434692896100614e+02
7.849787268504614985e+02
7.869833892716928858e+02
7.876711081846765410e+02
7.869378694182182699e+02
7.857485232657190863e+02
7.836838400950123287e+02
7.816560705424640219e+02
7.798673235361015941e+02
7.782142226492080681e+02
7.761176378036409460e+02
7.746261340576866132e+02
7.734204183204328729e+02
4.413246750093650803e+02
4.429386530204225210e+02
4.458023710546743814e+02
4.508235229846928291e+02
4.583390235744903976e+02
4.697774196403580618e+02
4.849893320333694646e+02
5.038684802346018046e+02
5.251670152871458868e+02
5.474549648799305714e+02
5.706942311017039628e+02
5.932610987900718555e+02
6.152564533524905528e+02
6.363851396202123851e+02
6.558371386834016903e+02
6.730835579666576223e+02
6.880407449935062232e+02
6.996780739783240506e+02
7.080737447433656371e+02
7.133983628204067600e+02
7.166165791904816160e+02
7.174554213885996887e+02
7.165418018903849315e+02
7.150907792035623061e+02
7.131483222529983550e+02
7.105157902498098110e+02
7.082726098188244350e+02
7.059322078006219954e+02
7.039770645403481240e+02
7.022406092715855266e+02
7.006876562088912124e+02
6.995522246637580110e+02
4.522241050995397131e+02
4.526395855411081470e+02
4.532217635074420627e+02
4.535779257761890904e+02
4.553866601037761939e+02
4.587903598372383840e+02
4.654145440311046968e+02
4.749401901796314860e+02
4.877445521205024761e+02
5.028440158320711930e+02
5.195342909436653827e+02
5.370660870025651548e+02
5.549956079844556598e+02
5.723384956844336102e+02
5.890516777449715846e+02
6.036946233433480984e+02
6.161408524203924344e+02
6.258096781215944020e+02
6.322793431544814666e+02
6.365855230463529324e+02
6.384868735154514070e+02
6.388463499445070966e+02
6.379571807989461831e+02
6.364381819540503784e+02
6.348459657431890264e+02
6.328357045833139409e+02
6.308932028025503769e+02
6.295125821303179237e+02
6.280286802987927786e+02
6.267956401190689348e+02
6.257832857875664558e+02
6.249013330847701582e+02
4.693395515145464287e+02
4.682928652876726687e+02
4.650966672562810800e+02
4.602770743957759123e+02
4.542911376296227672e+02
4.490493421725459484e+02
4.456877122328447740e+02
4.453688332474454228e+02
4.487862590431557237e+02
4.563453892724736534e+02
4.664569063555109096e+02
4.791748064454750988e+02
4.930064351077697893e+02
5.075794621827847664e+02
5.214628529760242373e+02
5.339540916463972735e+02
5.446149664589686381e+02
5.529651639690958973e+02
5.589477689132070282e+02
5.631264958567496706e+02
5.655725887504358980e+02
5.668746047151115590e+02
5.673750516812502838e+02
5.675641424764817202e+02
5.676612776459221550e+02
5.674340338341991128e+02
5.673430004461304179e+02
5.672247380920503019e+02
5.670357025937037179e+02
5.671405203726473019e+02
5.670277243720045135e+02
5.669210251684017976e+02
4.923954724384402084e+02
4.887530975431874367e+02
4.813290831165472810e+02
4.702716754539009116e+02
4.562275716953409415e+02
4.411928286591540882e+02
4.276135845850326405e+02
4.175741010313643073e+02
4.127313566233693791e+02
4.128040792283604787e+02
4.177233640837852136e+02
4.260536787262709595e+02
4.370657727791223124e+02
4.491144029653693224e+02
4.611376907429064431e+02
4.724175176968262804e+02
4.825544553769080380e+02
4.907635569430662486e+02
4.976099948033950682e+02
5.032029422219300159e+02
5.078250789470824884e+02
5.115905825053511080e+02
5.148732935176878982e+02
5.181030536518724148e+02
5.210067500426898732e+02
5.236546029503631416e+02
5.260711899679415637e+02
5.283839727886496576e+02
5.301952544475104787e+02
5.318296084661719760e+02
5.331909135595491307e+02
5.343989479232099029e+02
5.204444902558004742e+02
5.138319424395602937e+02
5.016924874920460979e+02
4.837701076385073407e+02
4.611540548082078885e+02
4.364765787289294394e+02
4.129191837992574960e+02
3.938195783465537261e+02
3.809422773329846450e+02
3.751489683658770673e+02
3.755781724118810416e+02
3.809420457121431127e+02
3.894867111390369701e+02
4.000949424913683288e+02
4.111025133447321878e+02
4.220441065889374954e+02
4.322487744834530190e+02
4.415060756785297258e+02
4.497998184043927949e+02
4.578506891584634104e+02
4.653413927268897510e+02
4.726434903637942853e+02
4.798324149700875410e+02
4.867352833224668984e+02
4.932844452135582856e+02
4.993291214572117269e+02
5.047345863200406484e+02
5.094997892685859142e+02
5.136573598624465831e+02
5.170956808072565991e+02
5.200622549846139009e+02
5.223789459326970928e+02
5.530757957623748098e+02
5.429336646380262437e+02
5.253673384964981778e+02
5.001910518959284673e+02
4.683837615970991237e+02
4.341028597963612583e+02
4.010209618728392797e+02
3.734372321965037145e+02
3.536096074507074718e+02
3.423189334250173488e+02
3.389317883929825257e+02
3.416986574486815016e+02
3.485799987942946245e+02
3.578542664852177495e+02
3.682530119226805141e+02
3.789655457528506304e+02
3.895822556000366603e+02
3.997413299908975546e+02
4.101274293063999608e+02
4.204854143595305231e+02
4.310979718734914172e+02
4.418850623741075196e+02
4.526884186706912487e+02
4.632035055079300605e+02
4.732386803606975150e+02
4.824231272762497156e+02
4.907037732309022431e+02
4.978811668209754657e+02
5.040464150701741914e+02
5.091547778568859712e+02
5.134300721385119459e+02
5.168288121667123960e+02
5.876838429371110806e+02
5.730900272982451042e+02
5.494771409218197959e+02
5.165506979891442825e+02
4.757795160202751958e+02
4.317152090659334931e+02
3.893974118907003685e+02
3.535161146388843463e+02
3.269330988841593353e+02
3.105979230611612820e+02
3.035508311161062807e+02
3.037200587159842371e+02
3.088582788792455176e+02
3.168252248534449791e+02
3.262662362813496202e+02
3.363112630465039388e+02
3.467745929490292838e+02
3.575821373459966708e+02
3.690906218589774994e+02
3.812860689634782148e+02
3.942101515583566425e+02
4.077071231361238688e+02
4.214467881955628172e+02
4.348265990084544796e+02
4.475445868337054662e+02
4.592638719929335593e+02
4.696073685396395376e+02
4.786102656670063311e+02
4.862612579129680626e+02
4.925843203279610520e+02
4.977022916272105135e+02
5.018243321768968599e+02
6.190436998971897538e+02
5.992645751581817422e+02
5.690021136035760492e+02
5.278070843011337274e+02
4.780485662365824737e+02
4.246426194152910512e+02
3.735901811205437753e+02
3.301872670932709184e+02
2.974784959073716664e+02
2.764252471321113376e+02
2.658693335002682829e+02
2.633931168336450810e+02
2.665252457727214619e+02
2.727670312697684381e+02
2.806538985187057733e+02
2.893929554679227181e+02
2.988285666835820393e+02
3.092133420077512937e+02
3.207080130307516583e+02
3.336121174222978993e+02
3.477209513235490022e+02
3.627148093490774272e+02
3.780766064451090074e+02
3.931707398748610558e+02
4.074960151923801845e+02
4.205380936907889691e+02
4.322163481456699401e+02
4.422050196055645870e+02
4.506454943950863594e+02
4.575546346688198014e+02
4.630791789621306407e+02
4.674961064034292235e+02
6.399822729369670924e+02
6.144193424673954951e+02
5.772557481917058340e+02
5.282937271853949142e+02
4.703796108705321899e+02
4.091599282497724630e+02
3.511326486761910246e+02
3.017433704695100687e+02
2.644284564544547038e+02
2.399300452626125661e+02
2.267833818580172078e+02
2.223188237359190680e+02
2.235021978214682576e+02
2.277128748051581510e+02
2.334297316323250300e+02
2.399813085709584470e+02
2.473131023630909340e+02
2.558988416261952636e+02
2.660878953822464723e+02
2.779908323798122183e+02
2.916280369583888614e+02
3.064876911298394475e+02
3.219487491733756883e+02
3.372810216124889280e+02
3.518598056378757519e+02
3.651682804051735047e+02
3.769603439908340192e+02
3.870774588143968344e+02
3.954205172996136071e+02
4.023225847907032175e+02
4.078047668592655555e+02
4.119892138207285370e+02
6.425391879503981727e+02
6.116768409972703466e+02
5.684339148667572772e+02
5.135271863874407927e+02
4.500375084450730014e+02
3.841905589720640819e+02
3.226051017561281924e+02
2.709480875324850899e+02
2.323519665120900868e+02
2.073911007441050174e+02
1.941005550546873337e+02
1.892817977485605638e+02
1.894253296834060620e+02
1.918193464486053301e+02
1.948800259880616750e+02
1.981582884281095573e+02
2.019338320997753726e+02
2.069113535992554205e+02
2.136786008300274204e+02
2.226827097631384049e+02
2.337687623088413318e+02
2.465017405575412113e+02
2.601538532481420134e+02
2.740233311584935336e+02
2.872956063936684359e+02
2.994738419658302746e+02
3.103022079155176129e+02
3.195825871105447504e+02
3.271890116917387559e+02
3.333366602219112451e+02
3.382595832167634171e+02
3.420142505662546455e+02
6.215987440608670340e+02
5.867930938757756394e+02
5.403109404190231544e+02
4.828729108091827698e+02
4.182253704610451450e+02
3.529881555943774174e+02
2.936677877569799762e+02
2.456173073625557777e+02
2.115040988874676202e+02
1.910967736476903838e+02
1.817670213870291036e+02
1.795349682381172443e+02
1.803843035379077833e+02
1.814650415685746907e+02
1.814383010215865397e+02
1.801979793421149054e+02
1.785494105503082380e+02
1.777098833533586912e+02
1.786506477851945363e+02
1.820578729033096010e+02
1.880567900815798055e+02
1.962411791297020045e+02
2.059324211086798471e+02
2.162835011594932553e+02
2.266119075608926892e+02
2.362415085366697554e+02
2.448985794449455113e+02
2.522503186632878851e+02
2.584132208827926434e+02
2.632848105877924354e+02
2.670749201568661420e+02
2.700413204248546890e+02
5.753955821525223655e+02
5.399737448679438785e+02
4.944350507710684610e+02
4.401405832767934498e+02
3.812283223031471380e+02
3.240880916596282759e+02
2.748907795950329955e+02
2.382948308375136719e+02
2.160572130550189627e+02
2.068042168714396212e+02
2.066590383422370962e+02
2.107416261216835096e+02
2.144731200878064783e+02
2.149513706364328414e+02
2.113369367402477224e+02
2.039650357989161193e+02
1.947567406657842639e+02
1.854235663020968161e+02
1.777096236252272945e+02
1.727766892209561433e+02
1.709486473079663824e+02
1.720569235860290860e+02
1.754919233043677309e+02
1.804068020682229587e+02
1.860523604459285707e+02
1.917711280673711940e+02
1.971709461457591601e+02
2.018734568024618170e+02
2.057832722435457526e+02
2.089254305949589252e+02
2.114020296375363159e+02
2.131779491883478386e+02
5.099171972166172964e+02
4.786350907370025993e+02
4.399162781924829915e+02
3.956684127802354851e+02
3.504269438329187665e+02
3.098738010859517544e+02
2.796287930558690391e+02
2.630455491182456171e+02
2.603256379880655800e+02
2.685046593257708309e+02
2.824371490204972588e+02
2.959972788763036533e+02
3.042499942212691053e+02
3.042599213633868658e+02
2.958769336479427920e+02
2.808449017822912310e+02
2.617300760611695409e+02
2.412861315406695155e+02
2.222754407524830640e+02
2.063993440351521826e+02
1.943199621638383405e+02
1.862098464214982698e+02
1.815207966337906953e+02
1.794708263924017899e+02
1.791836215657522757e+02
1.799774098403469793e+02
1.813204688302799923e+02
1.827525570202109293e+02
1.841063936940422536e+02
1.852165687545416972e+02
1.861155294086450454e+02
1.867450846885259352e+02
4.392500951444167185e+02
4.171741546742445053e+02
3.912769530957504003e+02
3.639652152995875554e+02
3.396692298770538514e+02
3.233814113097909626e+02
3.193213346597838722e+02
3.292412386534903135e+02
3.514426468367925622e+02
3.811134910298397926e+02
4.115277214470431772e+02
4.356857693651835461e+02
4.481499315180883514e+02
4.467010523294802624e+02
4.320015962083367640e+02
4.071530571164873891e+02
3.758540321980051431e+02
3.423160945407427107e+02
3.098962929051521655e+02
2.810454828263170839e+02
2.572001932448907837e+02
2.385826930085167703e+02
2.247316071001898194e+02
2.148512628150870114e+02
2.079989289411758477e+02
2.034432141699686838e+02
2.004039024573443726e+02
1.984188714376405756e+02
1.970417530027988846e+02
1.960966553379691391e+02
1.953645190455108889e+02
1.948426918545772537e+02
3.818785170918731069e+02
3.730213113627295911e+02
3.640367344408451800e+02
3.580219954114766097e+02
3.589417887518505950e+02
3.709056590537184093e+02
3.964365621225855421e+02
4.352163003054134265e+02
4.834819676005686233e+02
5.346157161688061024e+02
5.804158762071317597e+02
6.131529750640875136e+02
6.276493711911739410e+02
6.221977110767097656e+02
5.988792402864943369e+02
5.621104517951989692e+02
5.169680552910368760e+02
4.687876301356803310e+02
4.219759563701000502e+02
3.796437053979418579e+02
3.434949872851136661e+02
3.140678364961237321e+02
2.907694583563270498e+02
2.731080987330245193e+02
2.598488100872548330e+02
2.500223402596772644e+02
2.428562884973616178e+02
2.375552475870461251e+02
2.337051717601088399e+02
2.308092921180476083e+02
2.286639264967880933e+02
2.270911960467273047e+02
3.534435882251484600e+02
3.581229618335155465e+02
3.669058367900431676e+02
3.824971326923027846e+02
4.084150527513189104e+02
4.476645268288032185e+02
5.010760186020565925e+02
5.662091266738891591e+02
6.373262190830827194e+02
7.060922069150576590e+02
7.629294987634943936e+02
8.000283255817067811e+02
8.127029560112113131e+02
8.004363302520260959e+02
7.661897069191441005e+02
7.160943239324121805e+02
6.564526831891358825e+02
5.934580531484518815e+02
5.323848964552192911e+02
4.769456247041341612e+02
4.290884458526287517e+02
3.895676825702016686e+02
3.578542999046605928e+02
3.330833832328692665e+02
3.140440985613284397e+02
2.996474213705200782e+02
2.888695247589681685e+02
2.808098728735811278e+02
2.748008185715397076e+02
2.703807248434010262e+02
2.670890563688591897e+02
2.646455621822701687e+02
3.557840955956854714e+02
3.728320593282955997e+02
3.967295054423154852e+02
4.304366850319183868e+02
4.770776499551459437e+02
5.385138671543470537e+02
6.141525171345458602e+02
6.996460041595332768e+02
7.873622611345255109e+02
8.675342798738527108e+02
9.302543554727133142e+02
9.672498023111045313e+02
9.749487210106835846e+02
9.530671292407229203e+02
9.072320709467769575e+02
8.437283198587053903e+02
7.700571733217665269e+02
6.935338749054487835e+02
6.196778972615502425e+02
5.527675034013709592e+02
4.949251805572567378e+02
4.468772431652463979e+02
4.081102029003615144e+02
3.776661879987564703e+02
3.540351813325913213e+02
3.358673504522279245e+02
3.222415332669388590e+02
3.119844862390016260e+02
3.043642777983681071e+02
2.987765454088850561e+02
2.946009377802374161e+02
2.915677214793380472e+02
3.804343976362168291e+02
4.063079076017463649e+02
4.409627366890704820e+02
4.872180451361267615e+02
5.480090875009796036e+02
6.243950284848975798e+02
7.147558811771552882e+02
8.131795017164956789e+02
9.108165982229768360e+02
9.967392788929323615e+02
1.060601491361678654e+03
1.094491797762765145e+03
1.095336724907063854e+03
1.064485579842804327e+03
1.007420543210517053e+03
9.321004573976326810e+02
8.467303415543706251e+02
7.589455509994625118e+02
6.749635042599084045e+02
5.989250218317382632e+02
5.332646823266201181e+02
4.786757410280560521e+02
4.347098899170298409e+02
3.999057165206112359e+02
3.730480062643154042e+02
3.523356674989265684e+02
3.367641931590595732e+02
3.250575174863347456e+02
3.163200635634539708e+02
3.099326341784770875e+02
3.052561194890151341e+02
3.018043393225126465e+02
4.128052585886445058e+02
4.437956461027283126e+02
4.843458018023949876e+02
5.374925667972772771e+02
6.056731531365908268e+02
6.898138622552178276e+02
7.875740505363429520e+02
8.923821164493732567e+02
9.943053175845110445e+02
1.081968623902585932e+03
1.144658698344636832e+03
1.174614942912566221e+03
1.169491391997008122e+03
1.130695359513417316e+03
1.065252272426425861e+03
9.806865910333112879e+02
8.869056141384085095e+02
7.914226779400426040e+02
7.000567402263856138e+02
6.179458403070566419e+02
5.471900360215529417e+02
4.883524664502251653e+02
4.409393208597808780e+02
4.034892674516727880e+02
3.744005796847019951e+02
3.521486417267348088e+02
3.352661718972375411e+02
3.227409145651544691e+02
3.133669450748880081e+02
3.065647285860210332e+02
3.016508486913480169e+02
2.980878615384175987e+02
4.405053263742270246e+02
4.732649399030672157e+02
5.158754603999014989e+02
5.711482320859174706e+02
6.413669699285504748e+02
7.274319557020958200e+02
8.267932879569625584e+02
9.327323074169930806e+02
1.035022399557766221e+03
1.122223731280041193e+03
1.182887076042074341e+03
1.210248457871144410e+03
1.201177272994258146e+03
1.157766291892676009e+03
1.087711434520341300e+03
9.984201243815680300e+02
8.997155226531319840e+02
7.991853020168434796e+02
7.040280472305282728e+02
6.184270923007768488e+02
5.445227007092402118e+02
4.834264458201407706e+02
4.340751145242222719e+02
3.952878355305244895e+02
3.652258485147555120e+02
3.422525343134378772e+02
3.247933468375904340e+02
3.119419472410156118e+02
3.023783316026194825e+02
2.954666389382123839e+02
2.904224160634768168e+02
2.868769860829657432e+02
4.570197933729218107e+02
4.895074817025779907e+02
5.315062587580086984e+02
5.857274633826523313e+02
6.543011776872156133e+02
7.381605365074096881e+02
8.349012889107918909e+02
9.383033632391285437e+02
1.038775841455060572e+03
1.124288153209448410e+03
1.183908053315304187e+03
1.210033506988149838e+03
1.200281518020670092e+03
1.156273242555479328e+03
1.084853194283937000e+03
9.945849773074187397e+02
8.945479716842345397e+02
7.926995824138085709e+02
6.958882284176711437e+02
6.090204803538588294e+02
5.342948500830016201e+02
4.723198990902682226e+02
4.223930842085192694e+02
3.831246761838154953e+02
3.526785451457947715e+02
3.295784234388107166e+02
3.120985107799828597e+02
2.991607786571070733e+02
2.896442194547157101e+02
2.828382806710131376e+02
2.778753012984183215e+02
2.744061224138223452e+02
