127.65  51.07  13.036  59.038      8.214   1.300    0.900   0.234
127.65  51.07   4.113  12.399      4.356   1.300    0.900   0.121
127.65  51.07   1.484   0.133      1.576   1.300    0.900   0.079
127.65  51.07   8.016  10.358      4.195   1.300    0.900   0.138
127.65  51.07  13.600  759.715     11.867   3.600    0.300   0.161
127.65  51.07   9.933  135.476      0.109   3.600    0.300   0.235
127.65  51.07   9.830  135.753      0.109   3.600    0.300   0.284
127.65  51.07   7.694  48.707      5.614   3.600    0.300   0.102
127.65  51.07  12.906  236.969      8.214   3.600    0.300   0.141
127.65  51.07   9.601  73.828      1.057   3.600    0.300   0.072
127.65  51.07   8.348   9.509      2.719   3.600    0.300   0.161
127.65  51.07   2.232  29.424      2.130   3.600    0.300   0.100
127.65  51.07  12.254  1101.328      3.655  -95.900    3.000   0.904
127.65  51.07  12.320  1104.034      3.655  -96.000    3.000   0.238
127.65  51.07  11.461  892.570     -5.674  -95.300    3.000   0.245
127.65  51.07  12.365  1092.709      3.655  -95.500    3.000   0.252
127.65  51.07  12.085  933.579     -3.940  -95.600    3.000   0.318
125.78  49.27   1.798   1.412      0.843   1.100    1.400   0.172
125.78  49.27   1.938   0.308      0.843   1.100    1.400   0.117
125.78  49.27   1.988   0.039      0.843   1.100    1.400   0.159
125.78  49.27   0.779   3.901      0.370   1.100    1.400   0.116
125.78  49.27   0.147   1.862      0.000   1.300    1.400   0.147
125.78  49.27   0.399   1.749      0.177   1.300    1.400   0.097
125.78  49.27   0.397   1.570      0.177   1.300    1.400   0.107
125.78  49.27   0.426   1.104      0.177   1.300    1.400   0.109
125.78  49.27   0.475   0.665      0.177   1.300    1.400   0.164
125.78  49.27   0.494   0.644      0.177   1.300    1.400   0.163
125.78  49.27   0.589   1.666      0.177   1.300    1.400   0.087
125.78  49.27   0.422   0.508      0.177   0.100    1.100   0.110
125.78  49.27   4.537  12.262      1.350   3.800    0.700   0.289
125.78  49.27   5.601  17.832      1.455   4.400    0.700   0.277
125.78  49.27   0.239   1.132      0.000  -0.400    1.100   0.239
125.78  49.27   0.245   1.033      0.000  -0.200    1.100   0.245
125.78  49.27   0.418   0.646      0.177   0.100    0.700   0.103
125.78  49.27   0.418   1.462      0.177  -0.800    1.100   0.100
125.78  49.27   0.422   0.536      0.177   0.000    1.100   0.108
125.78  49.27   0.586   1.333      0.177  -0.200    1.100   0.078
125.78  49.27   2.542   0.773      1.018   1.950    1.100   0.180
125.78  49.27   0.147   3.699      0.000   1.150    0.700   0.147
125.78  49.27   0.175   2.413      0.000   0.550    1.100   0.119
125.78  49.27   0.422   3.336      0.177   1.350    0.700   0.106
125.78  49.27   0.484   1.942      0.177   1.150    0.700   0.150
125.78  49.27   0.484   1.565      0.177   1.050    0.700   0.150
125.78  49.27   0.606   2.946      0.177   0.550    1.100   0.063
125.78  49.27   0.621   3.049      0.177   0.450    1.100   0.070
125.78  49.27   0.484   0.569      0.177   0.700    0.700   0.150
125.78  49.27   1.355   8.534      0.687   3.750    1.100   0.164
125.78  49.27   6.795   4.142      0.303   2.450    1.100   0.356
125.78  49.27   7.030   2.538      0.303   2.050    1.100   0.239
125.78  49.27   6.896   3.293      0.303   2.250    1.100   0.260
125.78  49.27  13.008  124.883     -12.257  -46.900    3.100   0.283
125.78  49.27  12.251  106.079     -15.061  -46.900    3.100   0.324
125.78  49.27  12.596  105.649     -15.061  -46.900    3.100   0.240
125.78  49.27  12.582  105.597     -15.061  -46.900    3.100   0.251
125.78  49.27  12.885  125.139     -12.257  -46.900    3.100   0.227
125.78  49.27   1.440   2.098      0.687   2.050    1.100   0.080
125.78  49.27   0.486  64.611      0.177   5.000    0.600   0.167
125.78  49.27   0.634  66.437      0.177   5.000    0.600   0.099
125.78  49.27   0.646  23.495      0.177   3.000    0.600   0.125
125.78  49.27   1.092  36.869      0.370   4.000    0.600   0.177
125.78  49.27   1.638  30.877      0.687   4.000    0.600   0.221
125.78  49.27   3.011  22.689      1.142   4.000    0.600   0.232
125.78  49.27   4.535  19.514      1.350   4.000    0.600   0.294
125.78  49.27   1.357  31.169      0.687   4.000    0.600   0.172
125.78  49.27   1.639  30.876      0.687   4.000    0.600   0.224
125.78  49.27   2.131  33.612      0.843   4.300    0.600   0.203
125.78  49.27   6.304  52.601      1.322   5.500    0.600   0.097
125.78  49.27   6.497  43.966      1.322   5.300    0.600   0.141
125.78  49.27   7.916  35.644     -2.980   0.000    0.500   0.243
125.78  49.27   5.181  41.681      1.445   5.300    0.600   0.287
125.78  49.27   5.458  27.551      1.455   4.600    0.600   0.148
125.78  49.27  13.063  126.668     -12.257  -46.000    3.000   0.159
125.78  49.27  13.331  144.681     -10.111  -46.000    3.000   0.135
125.78  49.27   0.273  60.672      0.177   4.800    0.600   0.198
125.78  49.27  13.434  2212.604     -10.111   4.000    0.300   0.154
125.78  49.27   8.384  36.140     -5.109  -8.700    0.600   0.205
125.78  49.27   9.018  15.035     -6.874  -9.200    0.600   0.378
125.78  49.27   2.909   0.360      1.142   1.000    0.600   0.165
125.78  49.27  15.560  12.998     27.161  25.000    0.600   0.346
125.78  49.27   5.805   1.314      1.458   1.000    0.600   0.228
125.78  49.27  15.451  2202.857     27.161  -1.000    0.600   0.367
125.78  49.27  14.688  1225.847     14.503   4.000    0.300   0.487
125.78  49.27   6.662   1.616      1.322   1.200    0.600   0.130
125.78  49.27   5.271   2.707      1.455   0.800    0.600   0.186
125.78  49.27   3.212   0.391      1.142   1.200    0.600   0.343
125.78  49.27   4.824   0.756      1.445   1.000    0.600   0.389
124.58  49.57  12.553  69.865     32.686  23.500    1.100   0.150
124.58  49.57  13.194  28.443     39.688  45.500    1.100   0.267
124.58  49.57   1.617   4.587      2.815   0.550    1.100   0.199
124.58  49.57   6.566  160.542     14.935   1.000    1.100   0.275
124.58  49.57  11.966  473.394     23.033  -0.900    1.100   0.571
124.58  49.57   3.279  18.673      7.142   2.450    1.100   0.320
124.58  49.57   0.717   1.994      0.856   0.100    1.100   0.175
124.58  49.57   0.736   2.314      0.856   0.100    1.100   0.173
124.58  49.57   0.956   2.344      1.769   0.100    1.100   0.212
124.58  49.57   0.450   0.544      0.856   0.100    1.100   0.189
124.58  49.57   0.638   0.990      0.856   0.100    1.100   0.193
124.58  49.57   1.585   6.219      2.815   0.100    1.100   0.238
124.58  49.57  12.995  3743.767     39.688  76.400    0.600   0.202
124.58  49.57  12.077  42275.982     23.033  146.400    0.600   0.457
124.58  49.57   3.369  27.832      7.142   4.000    0.600   0.204
124.58  49.57   9.711  584.338     17.486   3.000    0.600   0.178
124.58  49.57  13.652  30126.129     45.859  150.000    0.600   0.493
124.58  49.57  12.965  10104.219     39.688  100.000    0.600   0.262
124.58  49.57  13.068  4077.270     39.688  78.000    0.600   0.264
124.58  49.57  12.145  1465.309     23.033  46.000    0.600   0.425
124.58  49.57  11.495  464.152     18.927   6.000    0.600   0.311
124.58  49.57   9.153  748.177     16.410   0.000    0.600   0.370
124.58  49.57   5.521  139.518     12.087   5.000    0.600   0.469
124.58  49.57   8.777  428.873     16.410   4.000    0.600   0.214
124.58  49.57   0.586   3.745      0.856   2.000    0.600   0.262
124.58  49.57   0.646   4.394      0.856   1.900    0.600   0.125
124.58  49.57   1.445   1.752      2.815   3.600    0.600   0.267
124.58  49.57   2.651  10.345      4.870   3.000    0.600   0.191
124.58  49.57   2.441   2.150      4.870   4.000    0.600   0.269
124.58  49.57   4.639  91.645      9.432   3.700    0.600   0.225
124.58  49.57   0.661  15.216      0.856   3.000    0.600   0.103
124.58  49.57   0.813   6.902      1.769   3.000    0.600   0.114
124.58  49.57   0.923   0.244      1.769   2.000    0.600   0.247
124.58  49.57   8.672  183.036     15.894  -20.600    2.700   0.292
124.58  49.57   9.843  209.438     18.452  -20.600    2.700   0.318
124.58  49.57  13.303  2575.371     45.859  76.300    0.600   0.172
124.58  49.57  11.624  2504.511     18.927  -11.100    0.600   0.411
124.58  49.57  14.327  10137.279     85.324  146.360    0.606   0.493
124.58  49.57  13.731  18.633     45.859  48.434    0.606   0.301
124.58  49.57   3.497  104.782      7.142   1.000    0.600   0.111
124.58  49.57   3.563  149.894      7.142  -0.200    0.600   0.154
124.58  49.57  13.832  58.608     57.585  53.000    0.600   0.359
124.58  49.57  14.106  58.500     57.585  53.000    0.600   0.319
124.58  49.57  13.322  4194.823     45.859   7.000    0.600   0.304
124.58  49.57  14.188  23723.882     57.585  150.000    0.600   0.761
124.58  49.57  13.658  4255.949     45.859  85.000    0.600   0.280
124.58  49.57   3.981  243.203      8.357  -1.000    0.600   0.247
124.58  49.57   7.168  905.058     15.537  -2.500    0.600   0.146
124.58  49.57  13.816  4997.769     57.585  100.000    0.600   0.290
124.58  49.57  13.513  2693.807     45.859  77.000    0.600   0.225
124.58  49.57  13.540  184.136     45.859  54.000    0.600   0.227
124.58  49.57  12.905  3152.686     39.688   6.000    0.600   0.213
124.58  49.57  12.905  3152.686     39.688   6.000    0.600   0.213
124.58  49.57  12.678  2968.403     32.686   0.000    0.600   0.216
124.58  49.57  12.995  4375.427     39.688   0.000    0.600   0.248
124.58  49.57   8.114  707.382     15.953   0.000    0.600   0.180
124.58  49.57  13.642  1018.005     45.859  65.000    0.600   0.270
124.58  49.57  13.903  3717.917     57.585  21.000    0.600   0.824
124.58  49.57  10.963  6097.558     21.852  -25.000    0.600   0.245
124.58  49.57  14.004  1545.114     57.585  34.000    0.600   0.769
124.58  49.57  14.250  7317.209     85.324  34.000    0.600   0.659
124.58  49.57  13.889  6829.670     57.585   8.000    0.600   0.372
124.58  49.57  11.537  5359.841     18.927  -25.000    0.600   0.309
122.81  48.98   8.169  677.240     15.220  -10.800    1.000   0.406
122.81  48.98   2.077  32.398      3.684  -2.000    1.000   0.252
122.81  48.98   0.384   2.251      0.824   0.200    1.000   0.085
122.81  48.98   4.646  94.580      9.170  -1.500    1.100   0.207
122.81  48.98   4.630  138.980      9.170  -2.600    1.000   0.192
122.81  48.98   0.389   2.229      0.824   0.100    1.000   0.085
122.81  48.98   0.261   2.865      0.824  -0.600    1.000   0.261
122.81  48.98   4.965  177.861     10.436  -2.900    1.000   0.339
122.81  48.98   3.346  64.907      6.988  -0.900    1.000   0.094
122.81  48.98   4.104  107.061      8.145  -2.200    1.000   0.466
122.81  48.98   4.479  122.537      9.170  -1.900    1.000   0.550
122.81  48.98   5.785  270.612     13.041  -3.400    1.000   0.392
122.81  48.98   5.426  212.717     11.684  -2.900    1.000   0.454
122.81  48.98   5.936  287.039     13.041  -3.900    1.000   0.339
122.81  48.98   4.104  107.061      8.145  -2.200    1.000   0.466
122.81  48.98   3.718  67.648      6.988  -1.100    1.000   0.146
122.81  48.98   1.871  17.765      3.684  -0.500    1.000   0.252
122.81  48.98   1.903  23.126      3.684  -1.000    1.000   0.088
122.81  48.98   2.147  23.819      3.684  -1.100    1.000   0.151
122.81  48.98   0.500   1.053      0.824  -0.100    0.900   0.163
122.81  48.98   0.818   6.336      1.708  -0.200    0.900   0.135
122.81  48.98   4.152  94.004      8.145  -2.500    1.100   0.253
122.81  48.98   4.688  146.806      9.170  -4.100    1.100   0.166
122.81  48.98   2.838  70.582      5.895   1.000    0.600   0.081
122.81  48.98   8.497  1682.958     15.114  -9.500    0.600   0.081
122.81  48.98   8.541  1752.029     15.114  -10.000    0.600   0.590
122.81  48.98   8.807  2066.712     15.570  -11.700    0.600   0.198
122.81  48.98   4.194  227.333      8.145  -0.900    0.600   0.628
122.81  48.98   5.066  422.823     10.436  -1.900    0.600   0.202
122.81  48.98   6.905  978.001     14.963  -3.800    0.600   0.261
122.81  48.98   6.306  908.141     14.436  -3.600    0.600   0.091
122.81  48.98  13.276  37474.271     43.851  160.000    0.600   0.432
122.81  48.98  13.773  1436.755     56.266  79.000    0.600   0.215
122.81  48.98  10.816  218.555     20.869  12.000    0.600   0.893
122.81  48.98  12.966  149.436     37.334  30.000    0.600   0.212
122.81  48.98  13.230  10563.499     37.334  99.000    0.600   0.341
122.81  48.98   4.082  189.109      8.145  -0.100    0.600   0.152
122.81  48.98   3.763  211.223      8.145  -0.500    0.600   0.124
122.81  48.98   1.855  31.072      3.684   0.400    0.600   0.138
122.81  48.98   3.310  35.012      6.988   1.100    1.000   0.325
122.81  48.98   2.131   9.363      3.684   1.900    0.600   0.181
122.81  48.98   2.280  24.382      4.731   1.900    0.600   0.150
122.81  48.98   9.261  2117.644     16.610  -11.000    0.600   0.624
122.81  48.98  13.307  1363.424     43.851  66.000    0.600   0.234
122.81  48.98   0.311   1.459      0.824   1.450    0.600   0.311
122.81  48.98   0.987   1.396      1.708   1.000    0.600   0.255
122.81  48.98   0.344   1.904      0.824   1.500    0.600   0.196
122.81  48.98   0.719   1.534      0.824   1.000    0.600   0.182
122.81  48.98   7.500  1796.147     15.429  -10.000    0.600   0.067
122.81  48.98  14.640  13136.781     85.231  154.000    0.600   0.728
122.81  48.98  13.653  6175.420     43.851  91.000    0.600   0.287
122.81  48.98   2.558  174.810      4.731  -3.200    0.600   0.179
122.81  48.98   1.750  101.306      3.684  -2.300    0.600   0.183
122.81  48.98  14.432  644.376     85.231  70.000    0.600   0.681
122.81  48.98  14.100  211.911     56.266  65.000    0.600   0.714
122.81  48.98  14.532  3850.332     85.231  48.000    0.600   0.731
122.81  48.98  14.470  5936.862     85.231  39.000    0.600   1.350
122.81  48.98  13.444  556.118     43.851  58.000    0.600   0.718
122.81  48.98  11.694  7205.137     17.930  -33.000    0.600   0.670
122.81  48.98  13.392  2782.744     43.851  12.200    0.600   0.517
122.81  48.98  14.365  6461.658     85.231  37.000    0.600   1.242
122.81  48.98  13.402  1094.870     43.851  24.000    0.600   0.185
122.81  48.98  13.566  1207.706     43.851  23.000    0.600   0.288
122.81  48.98  13.925  8180.081     56.266   2.000    0.600   0.318
122.81  48.98  13.701  5100.878     43.851   1.000    0.600   0.339
123.44  48.54  13.624  74.879      9.145  -2.100    1.300   0.505
123.44  48.54  13.419  188.818      9.145  38.000    2.100   0.697
123.44  48.54  14.434   0.680     39.702  38.000    2.100   0.441
123.44  48.54  13.838  278.045     18.007  53.000    2.100   0.264
123.44  48.54  13.646  707.740      9.145  65.000    2.100   0.267
123.44  48.54  14.447  282.543     39.702  75.000    2.100   0.355
123.44  48.54  14.182   5.352     18.007  23.000    2.200   0.407
123.44  48.54  14.004   5.151     18.007  23.000    2.200   0.266
123.44  48.54   3.647  33.157      3.230  -1.900    0.900   0.178
123.44  48.54   1.970   8.644      1.740  -0.900    0.900   0.145
123.44  48.54   0.986   4.123      0.783   2.000    0.600   0.190
123.44  48.54   0.725   8.921      0.374   2.000    0.600   0.179
123.44  48.54   2.980   1.713      2.784   2.000    0.600   0.227
123.44  48.54   4.509   0.002      3.981   4.000    0.600   0.272
123.44  48.54  13.564  948.313      9.145  30.700    0.700   0.219
123.44  48.54   2.015   4.271      1.740   0.500    0.600   0.291
123.44  48.54   2.441   0.181      2.222   2.000    0.600   0.281
123.44  48.54   2.614   0.369      2.222   2.000    0.600   0.235
123.44  48.54   2.755   2.992      2.784   2.000    0.600   0.216
123.44  48.54   6.309  105.040      5.761  -1.400    0.700   0.309
123.44  48.54  10.514   1.744     -0.476  -1.400    0.700   0.716
123.44  48.54   7.625  88.758      4.647  -1.000    0.600   0.288
123.44  48.54   7.110  124.234      5.279  -1.400    0.600   0.197
123.44  48.54   1.734   5.806      1.245   0.000    0.594   0.197
123.44  48.54  12.636  882.944      1.172  60.600    2.000   0.810
123.44  48.54  12.411  687.244      1.172  53.600    2.000   0.325
123.44  48.54  12.935  906.415      5.492  65.700    2.000   0.166
123.44  48.54   0.258   1.269      0.374   0.000    0.600   0.258
123.44  48.54   1.500   4.304      1.245   0.000    0.600   0.199
123.44  48.54   3.337  31.428      3.230   0.000    0.600   0.104
123.44  48.54   3.801  42.890      3.697   0.000    0.600   0.089
123.44  48.54   7.766  13.021      3.310  -3.200    2.000   0.150
123.44  48.54   9.098   4.539      1.013  -3.200    2.000   0.307
123.44  48.54   8.576   6.735      1.924  -3.200    2.000   0.185
123.44  48.54  10.129   2.827     -0.013  -3.200    2.000   0.239
123.44  48.54  13.438  38.617      9.145   1.700    1.200   0.172
123.44  48.54  13.318  39.782      9.145   1.700    1.200   0.160
123.44  48.54  13.039  10.015      5.492   1.700    1.200   0.217
123.44  48.54   1.794  182.256      1.740  -5.000    0.500   0.273
123.44  48.54   1.108  134.154      0.783  -5.000    0.500   0.170
123.44  48.54   2.580  208.770      2.222  -5.000    0.500   0.202
123.44  48.54   6.692  1262.881      5.761  -12.000    0.500   0.188
123.44  48.54   6.545  1261.893      5.761  -12.000    0.500   0.193
123.44  48.54   6.677  1262.805      5.761  -12.000    0.500   0.180
123.44  48.54   6.782  1196.541      5.279  -12.000    0.500   0.145
123.44  48.54   6.559  1261.882      5.761  -12.000    0.500   0.282
123.44  48.54  14.964  251.447     54.000  20.700    2.100   0.651
123.44  48.54   3.527  14.903      3.230  -1.400    1.200   0.197
123.44  48.54  14.472  1173.208     39.702  -1.400    1.200   0.445
123.44  48.54  14.957  517.556     54.000  26.700    1.200   0.605
123.44  48.54  14.802  480.450     54.000  27.700    1.200   0.569
123.44  48.54  14.268   0.654     39.702  38.600    2.000   0.392
123.44  48.54  14.358  109.258     39.702  60.600    2.000   0.495
123.44  48.54  14.690  48.451     39.702  53.600    2.000   0.467
123.44  48.54  14.520  168.970     39.702  65.700    2.000   0.448
123.44  48.54   9.094  508.243      1.013  -32.800    1.500   0.286
123.44  48.54  14.704  3003.435     39.702  -42.500    1.500   0.441
123.44  48.54   5.824  19.471      5.360  -3.200    2.000   0.164
123.44  48.54   4.418  172.551      3.981  -3.900    0.600   0.421
123.44  48.54   4.003  12.031      3.697  -3.240    2.000   0.274
124.51  48.26   2.408   1.503     -0.343  -0.300    1.000   0.075
124.51  48.26   1.161   2.921     -0.160   0.300    1.000   0.098
124.51  48.26   0.626   4.472     -0.084   0.500    1.000   0.062
124.51  48.26   1.121   0.401     -0.160  -0.200    0.700   0.192
124.51  48.26   1.225   8.768     -0.160  -0.200    0.700   0.076
124.51  48.26   1.661   0.381     -0.181  -0.100    0.700   0.267
124.51  48.26   0.640   1.304     -0.084   0.700    0.700   0.640
124.51  48.26   0.538   0.032     -0.084  -0.200    0.700   0.538
124.51  48.26   0.802   2.025     -0.160  -1.100    0.800   0.247
124.51  48.26   0.987   0.008     -0.160  -0.200    0.700   0.192
124.51  48.26   1.029   1.397     -0.160  -1.100    0.800   0.234
124.51  48.26   1.053   0.046     -0.160  -0.200    0.700   0.257
124.51  48.26   1.718   4.969     -0.181  -0.400    1.000   0.099
124.51  48.26   2.322   2.747     -0.343  -0.200    0.400   0.110
124.51  48.26   1.050  31.519     -0.160   3.200    0.600   0.122
124.51  48.26   1.264  33.209     -0.181   1.300    0.300   0.080
124.51  48.26   0.414  36.461     -0.084   3.500    0.600   0.098
122.66  47.89   2.036   4.936      0.246  -1.500    0.800   0.087
122.66  47.89   0.869   6.170      0.080  -1.400    0.800   0.079
122.66  47.89   2.562   8.436      0.308  -2.000    0.800   0.181
122.66  47.89   4.643  33.574      0.102  -4.500    0.800   0.206
122.66  47.89   4.745  37.422      0.102  -4.500    0.800   0.117
122.66  47.89   3.214   8.398      0.408  -1.500    0.800   0.130
122.66  47.89   4.035   7.471      0.343  -2.100    0.900   0.109
122.66  47.89   4.038  10.104      0.343  -2.500    0.900   0.108
122.66  47.89   0.147   3.250      0.000  -0.600    0.400   0.147
122.66  47.89   0.154   2.562      0.000  -0.500    0.400   0.154
122.66  47.89   0.230   3.250      0.000  -0.600    0.400   0.230
122.66  47.89   1.526   3.235      0.135  -1.300    0.800   0.183
122.66  47.89   2.617   7.804      0.308  -1.800    0.800   0.126
122.66  47.89   1.692  19.091      0.135  -1.500    0.400   0.124
122.66  47.89   1.170  13.067      0.080  -1.200    0.400   0.101
122.66  47.89   2.539  42.548      0.308  -2.300    0.400   0.182
122.66  47.89   0.669   7.517      0.033  -0.900    0.400   0.117
122.66  47.89   2.596   3.459      0.308  -1.800    1.200   0.157
122.66  47.89   3.325   5.888      0.381  -2.400    1.200   0.244
122.66  47.89   3.650   8.069      0.381  -2.900    1.200   0.195
122.66  47.89   4.963  10.091      0.009  -3.800    1.200   0.312
122.66  47.89   5.322  14.714     -0.170  -4.700    1.200   0.262
122.66  47.89   5.616  16.366     -0.170  -5.000    1.200   0.283
122.66  47.89   5.822  18.819     -0.348  -5.400    1.200   0.171
122.66  47.89   0.657   2.338      0.033  -0.100    1.100   0.103
122.66  47.89   2.279   6.794      0.308  -1.600    0.800   0.210
122.66  47.89   1.486   2.394      0.135  -1.100    0.800   0.132
122.66  47.89   0.142   3.250      0.000   1.200    0.800   0.142
122.66  47.89   3.115   3.352      0.408  -1.700    1.200   0.223
122.66  47.89   0.605   2.380      0.033  -0.400    1.200   0.070
122.66  47.89   0.841   2.070      0.080  -0.200    1.200   0.112
122.66  47.89   3.384   4.901      0.381  -2.200    1.200   0.222
122.66  47.89   0.141   1.735      0.000   0.600    0.700   0.141
122.66  47.89   0.971   2.861      0.080  -1.100    0.700   0.202
122.66  47.89   1.094   1.002      0.080  -0.500    0.700   0.167
122.66  47.89   0.657   4.923      0.033   1.000    0.600   0.103
122.66  47.89   1.398   0.861      0.135   0.400    0.600   0.125
122.66  47.89   2.138   0.878      0.246  -0.100    0.600   0.187
122.66  47.89   6.346  82.528     -0.653  -4.600    0.600   0.025
122.66  47.89   0.150  12.111      0.000   2.000    0.600   0.150
122.66  47.89   0.484  10.760      0.033   2.000    0.600   0.168
122.66  47.89   0.344  11.426      0.033   2.000    0.600   0.191
122.66  47.89  14.646  71.853      7.919  13.000    0.600   0.410
122.66  47.89  13.626  4574.753     -15.582  25.000    0.600   0.384
123.91  46.63   0.216   2.051      0.000  -0.900    0.878   0.216
123.91  46.63   0.214   2.569      0.000  -1.100    0.878   0.214
123.91  46.63   0.642   2.833     -0.814  -1.100    0.878   0.086
123.91  46.63   0.980   0.561     -1.654  -1.000    0.878   0.241
123.91  46.63   1.128   1.227     -1.654  -1.000    0.878   0.156
123.91  46.63   1.573   3.558     -2.534  -0.900    0.878   0.237
123.91  46.63   1.601   3.282     -2.534  -1.000    0.878   0.209
123.91  46.63   1.619   3.404     -2.534  -1.000    0.878   0.202
123.91  46.63   1.734   4.508     -2.534  -1.700    0.878   0.123
123.91  46.63   1.908   5.120     -3.442  -1.500    0.878   0.191
123.91  46.63   0.409   0.675     -0.814  -0.700    0.900   0.112
123.91  46.63   0.135   1.174      0.000  -0.500    1.200   0.135
123.91  46.63   0.240   1.694      0.000  -1.000    1.200   0.240
123.91  46.63   1.714   2.086     -2.534  -2.200    1.200   0.151
123.91  46.63   1.745   4.213     -2.534  -1.600    1.200   0.129
123.91  46.63   1.758   2.366     -3.442  -2.100    1.200   0.230
123.91  46.63   2.958   3.871     -5.447  -3.100    1.200   0.199
123.91  46.63   1.488   0.081     -2.534  -2.200    1.200   0.197
123.91  46.63   3.450   8.547     -6.594  -3.100    1.200   0.186
123.91  46.63   1.520   0.908     -2.534  -1.400    1.200   0.166
123.91  46.63   1.536   1.468     -2.534  -1.100    1.200   0.179
123.91  46.63   1.613   1.073     -2.534  -1.500    1.200   0.198
123.91  46.63   0.251   1.085     -0.814  -1.100    0.900   0.251
123.91  46.63   0.255   1.396     -0.814  -0.200    0.900   0.255
123.91  46.63   0.399   1.188     -0.814  -1.200    1.200   0.097
123.91  46.63   0.413   1.210     -0.814  -1.100    0.400   0.103
123.91  46.63   0.470   0.088     -0.814  -0.700    0.500   0.154
123.91  46.63   1.409   0.968     -2.534  -2.000    0.900   0.116
123.91  46.63   1.412   1.309     -2.534  -1.500    1.200   0.117
123.91  46.63   1.875   3.127     -3.442  -2.000    0.900   0.168
123.91  46.63   1.974  20.128     -3.442  -1.200    0.500   0.147
123.91  46.63   1.982  13.002     -3.442  -2.000    0.400   0.151
123.91  46.63   3.687  116.046     -6.594  -2.300    0.400   0.206
123.91  46.63   4.638  26.740     -9.261  -6.700    0.500   0.196
123.91  46.63   4.651  23.252     -9.261  -4.500    1.000   0.198
123.91  46.63   5.098  208.701     -10.676  -4.900    0.400   0.211
123.91  46.63   3.228   6.306     -5.447  -2.700    1.200   0.222
123.91  46.63   3.257  82.567     -6.594  -3.000    0.400   0.178
123.91  46.63   0.405   0.845     -0.814  -1.000    0.500   0.113
123.91  46.63   1.098   1.284     -1.654  -0.700    1.000   0.160
123.91  46.63   1.541   2.743     -2.534  -0.900    1.000   0.153
123.91  46.63   2.150  11.370     -3.442  -1.800    0.500   0.195
123.91  46.63   4.637  19.698     -9.261  -4.000    1.200   0.199
123.91  46.63   6.593   3.475     -15.706  -13.500    1.200   0.300
123.91  46.63   8.343  57.492     -30.029  -21.000    1.200   0.167
123.91  46.63   8.770  10.236     -34.050  -30.000    1.300   0.316
123.91  46.63   8.933   0.576     -34.050  -35.000    1.300   0.326
123.91  46.63  10.094  67.175     -42.350  -53.000    1.300   0.382
123.91  46.63   0.139   1.379      0.000  -0.800    1.300   0.139
123.91  46.63   0.147   1.379      0.000  -0.800    1.300   0.147
123.91  46.63   1.571   0.843     -2.534  -1.500    1.300   0.155
123.91  46.63   1.675   2.151     -2.534  -1.600    1.300   0.137
123.91  46.63   1.800   3.115     -3.442  -1.600    1.300   0.190
123.91  46.63   2.537   3.426     -4.392  -2.000    1.300   0.181
123.91  46.63   2.704   2.792     -4.392  -2.600    1.300   0.216
123.91  46.63   3.188   5.941     -5.447  -2.500    1.300   0.209
123.91  46.63   3.223   4.610     -5.447  -3.000    1.300   0.215
123.91  46.63   3.264   9.345     -6.594  -3.000    1.300   0.180
123.91  46.63   3.369   9.852     -6.594  -2.600    1.300   0.204
123.91  46.63   3.537   7.702     -6.594  -3.000    1.300   0.152
123.91  46.63   4.166   7.697     -7.795  -4.300    1.300   0.242
123.91  46.63   4.917  17.158     -10.676  -5.300    1.300   0.344
123.91  46.63   0.387   2.695     -0.814   0.100    1.300   0.076
123.91  46.63   0.405   6.061     -0.814   1.500    1.000   0.113
123.91  46.63   1.177   7.460     -1.654  -0.500    0.600   0.091
123.91  46.63   1.641   8.703     -2.534  -0.500    1.000   0.066
123.91  46.63   1.750   8.426     -2.534  -0.500    1.000   0.120
123.91  46.63   1.941  24.123     -3.442  -0.500    0.600   0.199
123.91  46.63   2.188  13.001     -3.442  -1.500    0.600   0.118
123.91  46.63   2.255  10.979     -4.392  -1.000    1.100   0.202
123.91  46.63   2.666  12.124     -4.392  -0.700    1.100   0.178
123.91  46.63   2.882  17.541     -5.447  -1.000    1.100   0.107
123.91  46.63   3.102  13.177     -5.447  -1.600    1.100   0.105
123.91  46.63   3.402  22.704     -6.594  -2.000    1.100   0.043
123.91  46.63   3.402  22.704     -6.594  -2.000    1.100   0.043
123.91  46.63   3.406  21.121     -6.594  -2.000    1.100   0.049
123.91  46.63   3.442  14.661     -6.594  -2.400    1.100   0.164
123.91  46.63   3.482  13.190     -6.594  -2.600    1.100   0.210
123.91  46.63   3.971  23.180     -7.795  -2.500    1.100   0.252
123.91  46.63   0.141   1.062      0.000  -0.300    1.200   0.141
123.91  46.63   0.153   1.062      0.000  -0.300    1.200   0.153
123.91  46.63   0.429   0.571     -0.814  -0.300    1.200   0.114
123.91  46.63   1.637   1.790     -2.534  -1.100    1.200   0.228
123.91  46.63   1.647   1.668     -2.534  -1.200    1.200   0.225
123.91  46.63   2.086   3.647     -3.442  -1.200    1.200   0.215
123.91  46.63   1.075   0.273     -1.654  -1.600    0.900   0.145
123.91  46.63   0.478   0.444     -0.814  -1.400    0.900   0.158
123.91  46.63   0.493   0.186     -0.814  -1.200    0.900   0.159
123.91  46.63   1.835   7.392     -3.442  -1.100    0.900   0.209
123.91  46.63   2.517  11.809     -4.392  -1.300    0.900   0.199
123.91  46.63   2.709   9.645     -4.392  -1.700    0.900   0.250
123.91  46.63   0.143   4.160      0.000  -1.600    0.900   0.143
123.91  46.63   0.211   5.000      0.000  -1.800    0.900   0.211
123.91  46.63   0.488   0.974     -0.814  -1.700    0.900   0.165
123.91  46.63   0.586   2.848     -0.814  -1.800    0.900   0.067
123.91  46.63   0.802   3.641     -1.654  -2.300    0.900   0.112
123.91  46.63   1.013   2.242     -1.654  -3.000    0.900   0.221
123.91  46.63   1.149   3.252     -1.654  -3.000    0.900   0.148
123.91  46.63   1.236   2.991     -1.654  -2.300    0.900   0.150
123.91  46.63   1.343   1.238     -2.534  -3.100    0.900   0.171
123.91  46.63   0.211   1.000      0.000   0.000    1.278   0.211
123.91  46.63   0.139   1.000      0.000   0.000    1.278   0.139
123.91  46.63   1.536   0.449     -2.534  -3.100    0.900   0.155
123.91  46.63   0.132   1.198      0.000  -0.400    0.900   0.132
123.91  46.63   0.231   2.494      0.000  -1.100    0.900   0.231
123.91  46.63   0.241   2.494      0.000  -1.100    0.900   0.241
123.91  46.63   0.405   0.808     -0.814  -1.100    0.900   0.113
123.91  46.63   0.408   1.539     -0.814  -1.500    0.900   0.093
123.91  46.63   1.502   0.238     -2.534  -1.900    1.300   0.192
123.91  46.63   1.630   3.949     -2.534  -1.900    0.500   0.085
123.91  46.63   1.643   0.928     -2.534  -1.900    0.900   0.218
123.91  46.63   1.718   2.522     -2.534  -1.800    0.900   0.160
123.91  46.63   1.750   5.897     -2.534  -1.900    0.500   0.120
123.91  46.63   1.873   1.679     -3.442  -1.900    1.300   0.243
123.91  46.63   2.256   5.757     -4.392  -1.900    1.200   0.203
123.91  46.63   2.554   6.010     -4.392  -2.200    0.900   0.192
123.91  46.63   2.567   6.027     -4.392  -2.200    0.900   0.218
123.91  46.63   2.610   6.134     -4.392  -2.200    0.900   0.243
123.91  46.63   2.657   6.636     -4.392  -2.200    0.900   0.187
123.91  46.63   2.971  13.026     -5.447  -2.200    0.900   0.347
123.91  46.63   2.991  13.021     -5.447  -2.200    0.900   0.207
123.91  46.63   3.095  13.202     -5.447  -2.200    0.900   0.224
123.91  46.63   3.228   5.287     -5.447  -3.600    0.900   0.221
123.91  46.63   3.385  16.987     -6.594  -2.900    0.900   0.303
123.91  46.63   3.478  11.092     -6.594  -3.600    0.900   0.133
123.91  46.63   3.598   8.271     -6.594  -2.900    1.300   0.220
123.91  46.63   4.183  12.579     -7.795  -3.200    1.300   0.619
123.91  46.63   6.045  19.508     -13.845  -9.000    1.100   0.138
123.91  46.63   3.109  46.473     -5.447   0.000    0.800   0.334
123.91  46.63   0.373  26.635     -0.814  -3.300    0.500   0.091
123.91  46.63   4.361   2.201     -9.261  -8.600    0.500   0.207
123.91  46.63   4.491   2.969     -9.261  -8.400    0.500   0.308
123.92  45.42   0.485   1.665     -1.087   0.200    1.000   0.159
123.92  45.42   0.780   7.599     -2.207  -0.100    1.000   0.123
123.92  45.42   1.030   2.938     -2.207  -0.500    1.000   0.199
123.92  45.42   1.250   3.874     -2.207  -1.000    1.000   0.161
123.92  45.42   1.980   6.716     -4.589  -2.000    1.000   0.168
123.92  45.42   0.143   1.324      0.000  -0.500    1.000   0.138
123.92  45.42   0.141   1.490      0.000  -0.700    1.000   0.141
123.92  45.42   0.150   1.360      0.000  -0.600    1.000   0.150
123.92  45.42   0.248   1.040      0.000  -0.200    1.000   0.248
123.92  45.42   0.256   1.058     -1.087  -0.700    1.000   0.256
123.92  45.42   0.403   1.192     -1.087  -0.700    1.000   0.095
123.92  45.42   0.604   1.860     -1.087  -0.800    1.000   0.078
123.92  45.42   0.576  102.041     -1.087  -0.500    0.700   0.007
123.92  45.42   1.098   4.993     -2.207  -0.700    0.700   0.164
123.92  45.42   1.117   2.569     -2.207  -1.000    1.000   0.111
123.92  45.42   1.117   2.569     -2.207  -1.000    1.000   0.111
123.92  45.42   1.123   6.458     -2.207  -0.600    0.700   0.113
123.92  45.42   1.183   4.822     -2.207  -1.000    1.000   0.100
123.92  45.42   1.238  18.892     -2.207  -1.000    1.000   0.057
123.92  45.42   0.136   1.250      0.000  -0.500    1.000   0.136
123.92  45.42   0.135   1.490      0.000  -0.700    1.000   0.135
123.92  45.42   0.141   1.490      0.000  -0.700    1.000   0.141
123.92  45.42   0.416   0.659     -1.087  -1.400    1.000   0.112
123.92  45.42   0.584   1.149     -1.087  -1.300    1.000   0.080
123.92  45.42   0.607   1.843     -1.087  -1.400    1.000   0.081
123.92  45.42   0.614   2.393     -1.087  -0.800    1.000   0.075
123.92  45.42   0.633   3.109     -1.087  -2.000    1.000   0.088
123.92  45.42   0.735   2.700     -1.087  -2.000    1.000   0.172
123.92  45.42   0.848   2.375     -2.207  -1.500    1.000   0.111
123.92  45.42   1.240   3.214     -2.207  -1.200    1.000   0.162
123.92  45.42   1.454   0.124     -3.376  -3.200    1.000   0.152
123.92  45.42   1.520   1.397     -3.376  -2.200    1.000   0.166
123.92  45.42   1.532   1.925     -3.376  -2.000    1.000   0.176
123.92  45.42   1.597   4.193     -3.376  -1.400    1.000   0.179
123.92  45.42   1.597   0.320     -3.376  -3.200    1.000   0.179
123.92  45.42   1.926  10.977     -4.589  -1.300    1.000   0.185
123.92  45.42   2.067  10.249     -4.589  -1.400    1.000   0.238
123.92  45.42   0.429   0.529     -1.087  -0.700    1.000   0.115
123.92  45.42   0.614   2.456     -1.087  -0.800    1.000   0.074
123.92  45.42   0.504   0.236     -1.087  -1.500    0.900   0.025
123.92  45.42   1.429   8.129     -3.376  -2.000    0.500   0.095
123.92  45.42   1.507   1.181     -3.376  -2.400    0.900   0.098
123.92  45.42   1.545   1.273     -3.376  -2.400    0.900   0.144
123.92  45.42   1.626   4.325     -3.376  -2.400    0.900   0.071
123.92  45.42   1.726   6.956     -3.376  -2.400    0.900   0.094
123.92  45.42   1.794  10.930     -4.589  -2.900    0.900   0.075
123.92  45.42   1.802  11.229     -4.589  -2.900    0.900   0.071
123.92  45.42   1.962   3.756     -4.589  -2.900    0.900   0.077
123.92  45.42   2.152   5.871     -4.589  -2.600    0.900   0.153
123.92  45.42   2.232  24.094     -4.589  -2.600    0.500   0.081
123.92  45.42   0.408   2.042     -1.087  -0.200    0.800   0.102
123.92  45.42   0.471   2.233     -1.087   0.100    0.800   0.163
123.92  45.42   0.705   1.454     -1.087  -0.600    0.800   0.197
123.92  45.42   1.138   4.799     -2.207  -0.600    0.800   0.158
123.92  45.42   1.179   5.517     -2.207  -0.800    0.800   0.115
123.92  45.42   1.351   6.275     -3.376  -1.500    0.800   0.169
123.92  45.42   1.599   7.614     -3.376  -1.200    0.800   0.211
123.92  45.42   1.766  14.524     -4.589  -1.800    0.800   0.152
123.92  45.42   2.100   8.422     -4.589  -2.300    0.800   0.206
123.92  45.42   2.998  26.109     -7.288  -3.200    0.800   0.206
123.92  45.42   3.465  51.283     -8.727  -3.000    0.800   0.220
123.92  45.42   3.584  38.060     -8.727  -3.800    0.800   0.241
123.92  45.42   0.318   2.061     -1.087  -0.300    0.800   0.174
123.92  45.42   0.433   1.282     -1.087  -0.300    0.800   0.118
123.92  45.42   0.614   2.547     -1.087  -0.600    1.000   0.075
123.92  45.42   0.785   4.975     -2.207  -1.200    0.800   0.117
123.92  45.42   2.661  10.025     -5.862  -2.800    1.000   0.200
123.92  45.42   2.842  25.166     -7.288  -3.400    0.800   0.127
123.92  45.42   2.958  26.162     -7.288  -3.200    0.800   0.179
123.92  45.42   2.958  24.900     -7.288  -3.300    0.800   0.179
123.92  45.42   3.124  24.014     -7.288  -3.400    0.800   0.198
123.92  45.42   3.201  24.056     -7.288  -3.500    0.800   0.157
123.92  45.42   3.603  14.896     -8.727  -4.900    1.000   0.206
123.92  45.42   3.619  18.200     -8.727  -4.500    1.000   0.208
123.92  45.42   1.781   7.448     -4.589  -2.200    1.000   0.166
123.92  45.42   2.580   7.789     -5.862  -3.100    1.000   0.202
123.92  45.42   1.611   0.926     -3.376  -2.600    1.000   0.195
123.92  45.42   1.883   2.124     -4.589  -3.300    1.000   0.172
123.92  45.42   2.576   3.260     -5.862  -4.100    1.000   0.193
123.92  45.42   3.210  14.398     -7.288  -3.600    1.000   0.235
123.92  45.42   4.111  23.491     -10.229  -5.400    1.000   0.268
123.92  45.42   4.743  23.462     -12.013  -7.300    1.000   0.217
123.92  45.42   6.022  48.768     -17.583  -10.600    1.000   0.251
123.92  45.42   6.468  66.522     -19.754  -11.600    1.000   0.166
123.92  45.42   0.141   1.318      0.000  -0.200    0.500   0.132
123.92  45.42   0.141   1.198      0.000  -0.100    0.500   0.132
123.92  45.42   1.555   1.355     -3.376  -2.500    0.800   0.139
123.92  45.42   1.615   2.986     -3.376  -2.500    0.800   0.086
123.92  45.42   1.696   3.771     -3.376  -2.500    0.800   0.122
123.92  45.42   0.142   1.090      0.000  -0.300    1.000   0.142
123.92  45.42   0.239   1.010      0.000   0.100    1.000   0.239
123.92  45.42   0.251   1.966     -1.087  -0.100    1.000   0.251
123.92  45.42   0.255   2.339     -1.087   0.100    1.000   0.255
123.92  45.42   0.264   1.773     -1.087  -0.100    1.000   0.264
123.92  45.42   0.419   0.856     -1.087  -0.500    1.000   0.113
123.92  45.42   0.582   0.976     -1.087  -1.100    1.000   0.083
123.92  45.42   0.989   4.032     -2.207  -0.200    1.000   0.189
123.92  45.42   1.098   4.811     -2.207  -0.100    1.000   0.161
123.92  45.42   1.343   7.529     -3.376  -0.800    1.000   0.166
123.92  45.42   1.617   8.508     -3.376  -0.500    1.000   0.240
123.92  45.42   1.663   8.280     -3.376  -0.600    1.000   0.215
123.92  45.42   2.080  10.274     -4.589  -1.400    1.000   0.247
123.92  45.42   0.141   1.360      0.000  -0.600    1.000   0.141
123.92  45.42   0.346   1.136     -1.087  -0.400    1.000   0.189
123.92  45.42   0.478   0.805     -1.087  -0.200    1.000   0.159
123.92  45.42   0.245   1.010      0.000  -0.100    1.000   0.245
123.92  45.42   0.404   1.358     -1.087  -0.400    1.000   0.102
123.92  45.42   1.502   4.309     -3.376  -1.300    1.000   0.193
123.92  45.42   1.775  11.985     -4.589  -1.400    1.000   0.167
123.92  45.42   3.051  22.959     -7.288  -2.500    1.000   0.266
123.92  45.42   0.260  12.950     -1.087   1.000    0.600   0.260
123.92  45.42   0.938   8.301     -2.207  -0.500    0.600   0.137
123.92  45.42   0.473  12.105     -1.087   1.000    0.600   0.319
123.92  45.42   1.821  109.159     -4.589  -1.500    0.300   0.101
123.92  45.42   0.867  18.296     -2.207  -0.100    0.500   0.182
123.92  45.42   1.652  31.858     -3.376   0.000    0.600   0.337
123.92  45.42   0.142   2.000      0.000   0.600    0.600   0.142
123.92  45.42   2.567  13.640     -5.862  -7.700    0.500   0.188
123.92  45.42   0.410   3.093     -1.087  -2.000    0.600   0.102
123.92  45.42   3.510   2.933     -8.727  -7.700    0.600   0.638
123.92  45.42   5.880  80.507     -17.583  -12.200    0.600   0.836
123.92  45.42   8.745  743.561     -35.660  -19.300    0.600   0.749
123.92  45.42   9.334  701.438     -44.590  -28.700    0.600   0.812
124.15  43.74   0.423   1.619     -1.110   0.100    1.100   0.119
124.15  43.74   0.726   2.824     -1.110   0.100    1.100   0.177
124.15  43.74   1.157   3.875     -2.234  -0.400    1.100   0.149
124.15  43.74   1.240   3.669     -2.234  -1.200    1.100   0.143
124.15  43.74   1.591   3.537     -3.397  -1.400    1.100   0.184
124.15  43.74   2.909  19.037     -7.153  -2.400    1.100   0.150
124.15  43.74   3.371  21.183     -8.509  -3.500    1.100   0.193
124.15  43.74   3.476  18.338     -8.509  -3.800    1.100   0.224
124.15  43.74   3.893  22.696     -9.919  -4.700    1.100   0.253
124.15  43.74   4.211  17.853     -9.919  -5.400    1.100   0.214
124.15  43.74   0.929   1.803     -2.234  -1.500    0.600   0.128
124.15  43.74   2.606  30.596     -5.789  -2.500    0.600   0.143
124.15  43.74   2.858  29.949     -7.153  -4.000    0.600   0.092
124.15  43.74   0.144   1.132      0.000   0.400    1.100   0.144
124.15  43.74   0.485   1.427     -1.110   0.200    1.100   0.159
124.15  43.74   0.742   2.476     -1.110  -0.300    1.100   0.174
124.15  43.74   1.413   4.797     -3.397  -1.100    1.100   0.133
124.15  43.74   2.176   7.371     -4.569  -1.800    1.100   0.173
124.15  43.74   2.678   9.340     -5.789  -2.600    1.100   0.184
124.15  43.74   3.050  11.089     -7.153  -3.500    1.100   0.199
124.15  43.74   3.354  18.601     -8.509  -4.000    1.100   0.108
124.15  43.74   5.160  42.975     -13.184  -6.000    1.100   0.283
124.15  43.74   0.148   5.000      0.000  -1.000    0.500   0.148
124.15  43.74   0.156   1.360      0.000  -0.300    0.500   0.156
124.15  43.74   0.216   1.360      0.000  -0.300    0.500   0.216
124.15  43.74   0.249   1.360      0.000  -0.300    0.500   0.249
124.15  43.74   0.361   7.630     -1.110  -0.100    0.500   0.073
124.15  43.74   0.382   2.506     -1.110  -0.800    0.500   0.081
124.15  43.74   0.393   2.294     -1.110  -0.700    0.500   0.084
124.15  43.74   0.520   2.056     -1.110  -0.700    0.500   0.017
124.15  43.74   0.817   5.251     -2.234  -1.700    0.500   0.090
124.15  43.74   0.877   6.479     -2.234  -1.200    0.500   0.083
124.15  43.74   0.879   2.930     -2.234  -1.800    0.500   0.082
124.15  43.74   0.880   2.801     -2.234  -1.800    0.500   0.084
124.15  43.74   0.957   0.144     -2.234  -2.100    0.500   0.162
124.15  43.74   1.026   0.288     -2.234  -2.000    0.500   0.097
124.15  43.74   1.016   4.358     -2.234  -1.200    0.500   0.053
124.15  43.74   1.429   7.382     -3.397  -2.100    0.500   0.088
124.15  43.74   1.440   7.293     -3.397  -2.100    0.500   0.080
124.15  43.74   1.450   8.151     -3.397  -2.000    0.500   0.085
124.15  43.74   1.469   8.029     -3.397  -2.000    0.500   0.066
124.15  43.74   1.466   8.019     -3.397  -2.000    0.500   0.074
124.15  43.74   1.552   7.952     -3.397  -2.000    0.500   0.139
124.15  43.74   1.616   8.942     -3.397  -2.100    0.500   0.078
124.15  43.74   1.629   5.500     -3.397  -2.600    0.500   0.075
124.15  43.74   1.635   3.056     -3.397  -2.600    0.500   0.188
124.15  43.74   1.639   4.937     -3.397  -2.600    0.500   0.089
124.15  43.74   1.925  13.732     -4.569  -2.800    0.500   0.069
124.15  43.74   2.002  11.142     -4.569  -2.900    0.500   0.106
124.15  43.74   2.046  11.381     -4.569  -2.900    0.500   0.094
124.15  43.74   2.046  17.362     -4.569  -2.500    0.500   0.094
124.15  43.74   2.182  19.214     -4.569  -2.500    0.500   0.126
124.15  43.74   2.247  18.092     -4.569  -2.900    0.500   0.093
124.15  43.74   0.137   1.009      0.000   0.200    2.100   0.137
124.15  43.74   0.428   1.934     -1.110   0.200    1.100   0.100
124.15  43.74   0.146   1.132      0.000   0.400    1.100   0.146
124.15  43.74   0.504   1.210     -1.110   0.100    1.100   0.174
124.15  43.74   0.252   0.986     -1.110  -1.000    1.100   0.252
124.15  43.74   0.251   1.002     -1.110  -1.000    1.100   0.251
124.15  43.74   0.428   0.526     -1.110  -1.000    1.100   0.100
124.15  43.74   0.637   2.658     -1.110  -1.000    1.100   0.085
124.15  43.74   0.410   1.085     -1.110  -0.500    1.100   0.102
124.15  43.74   0.466   0.353     -1.110  -0.500    1.100   0.160
124.15  43.74   0.981   1.268     -2.234  -1.000    1.100   0.187
124.15  43.74   1.133   1.029     -2.234  -1.400    1.100   0.197
124.15  43.74   1.405   5.494     -3.397  -1.000    1.100   0.110
124.15  43.74   1.480   0.406     -3.397  -2.700    1.100   0.293
124.15  43.74   1.669   2.805     -3.397  -2.100    1.100   0.142
124.15  43.74   1.681   3.062     -3.397  -2.100    1.100   0.140
124.15  43.74   1.698   3.948     -3.397  -2.100    1.100   0.123
124.15  43.74   2.086   6.960     -4.569  -1.700    1.100   0.215
124.15  43.74   2.421   5.630     -5.789  -3.200    1.100   0.264
124.15  43.74   2.526   5.561     -5.789  -3.200    1.100   0.178
124.15  43.74   2.554  10.712     -5.789  -2.200    1.100   0.206
124.15  43.74   2.716  10.220     -5.789  -2.400    1.100   0.253
124.15  43.74   2.804   7.787     -7.153  -4.200    1.100   0.258
124.15  43.74   2.858   8.902     -7.153  -4.200    1.100   0.109
124.15  43.74   3.096  11.207     -7.153  -3.500    1.100   0.226
124.15  43.74   3.100  11.832     -7.153  -3.400    1.100   0.229
124.15  43.74   3.322  15.899     -8.509  -4.200    1.100   0.238
124.15  43.74   3.753  31.751     -9.919  -4.200    1.100   0.114
124.15  43.74   3.851  21.238     -9.919  -4.900    1.100   0.231
124.15  43.74   4.329  37.436     -11.584  -4.900    1.100   0.238
124.15  43.74   4.636  33.133     -11.584  -5.300    1.100   0.192
124.15  43.74   1.139   0.857     -2.234  -1.900    0.900   0.165
124.15  43.74   1.232   2.535     -2.234  -1.900    0.900   0.149
124.15  43.74   1.567   1.299     -3.397  -2.400    0.900   0.249
124.15  43.74   1.633   1.571     -3.397  -2.400    0.900   0.227
124.15  43.74   1.708   3.031     -3.397  -2.400    0.900   0.154
124.15  43.74   2.531   9.632     -5.789  -3.000    0.900   0.181
124.15  43.74   2.542   9.655     -5.789  -3.000    0.900   0.181
124.15  43.74   2.567   9.729     -5.789  -3.000    0.900   0.188
124.15  43.74   2.561   9.699     -5.789  -3.000    0.900   0.196
124.15  43.74   2.901  15.990     -7.153  -3.600    0.900   0.155
124.15  43.74   0.141   1.669      0.000  -0.900    1.100   0.141
124.15  43.74   0.139   1.405      0.000  -0.700    1.100   0.139
124.15  43.74   0.334   0.896     -1.110  -0.900    1.100   0.179
124.15  43.74   0.425   0.438     -1.110  -0.900    1.100   0.117
124.15  43.74   1.056   1.675     -2.234  -0.900    1.100   0.122
124.15  43.74   0.135   1.826      0.000  -1.000    1.100   0.135
124.15  43.74   3.042  31.581     -7.153  -2.100    0.900   0.165
124.15  43.74   3.470  117.113     -8.509  -3.100    0.500   0.103
124.15  43.74   4.008  144.937     -9.919  -3.900    0.500   0.140
124.15  43.74   4.615  168.504     -11.584  -5.100    0.500   0.194
124.15  43.74   5.147  201.525     -13.184  -6.100    0.500   0.168
124.15  43.74   6.304  555.795     -18.644  -6.900    0.500   0.097
124.15  43.74   6.558  461.984     -18.644  -7.900    0.500   0.117
124.15  43.74   1.259  14.768     -3.397  -1.000    0.900   0.087
124.15  43.74   1.613   9.455     -3.397  -0.700    0.900   0.164
124.15  43.74   0.149   1.309      0.000  -0.500    0.900   0.149
124.15  43.74   7.111  575.530     -21.594  -7.200    0.600   0.564
124.15  43.74  11.428  849.084     -66.156  -54.500    0.400   1.480
124.15  43.74   3.458  52.152     -8.509  -1.300    1.000   0.098
124.15  43.74   3.336  54.269     -8.509  -1.300    1.000   0.108
124.15  43.74   6.620  1949.894     -18.644  -5.400    0.300   0.123
124.15  43.74   5.093  1268.642     -13.184  -2.500    0.300   0.201
124.15  43.74   1.435  215.259     -3.397   1.000    0.300   0.101
124.15  43.74   0.546  10.689     -1.110   1.500    0.800   0.214
124.15  43.74   0.802  24.907     -2.234   1.500    0.800   0.112
124.15  43.74   2.344  72.213     -5.789   1.000    0.800   0.350
124.15  43.74   2.969  393.746     -7.153  -1.200    0.300   0.172
124.15  43.74   1.575  177.768     -3.397   0.600    0.300   0.153
124.15  43.74   4.540  1198.034     -11.584  -1.200    0.300   0.244
124.15  43.74   6.326  2686.888     -18.644  -3.100    0.300   0.116
124.15  43.74   2.425  95.680     -5.789  -9.700    0.400   0.276
124.15  43.74   5.382  131.770     -14.890  -10.300    0.400   0.337
124.15  43.74   5.887  327.282     -16.635  -9.400    0.400   0.285
124.15  43.74   7.377  934.164     -24.823  -12.600    0.400   0.202
124.15  43.74   8.296  1292.613     -33.277  -18.900    0.400   0.249
124.15  43.74   9.512  839.687     -41.591  -30.000    0.400   0.387
124.12  40.84   0.310   0.403     -0.850  -1.000    0.900   0.310
124.12  40.84   0.823   2.041     -1.693  -1.000    0.900   0.147
124.12  40.84   1.250   1.480     -2.539  -1.700    0.900   0.320
124.12  40.84   1.246   2.704     -1.693  -1.300    0.900   0.155
124.12  40.84   1.079   0.294     -1.693  -1.500    0.900   0.160
124.12  40.84   1.095   0.150     -1.693  -1.500    0.900   0.295
124.12  40.84   1.179   2.539     -1.693  -2.000    0.900   0.115
124.12  40.84   1.075   0.280     -1.693  -1.600    0.900   0.145
124.12  40.84   0.415   0.800     -0.850  -1.100    0.900   0.100
124.12  40.84   0.581   1.351     -0.850  -1.200    0.900   0.073
124.12  40.84   1.155   1.361     -1.693  -2.000    0.900   0.139
124.12  40.84   0.140   2.235      0.000  -1.000    0.900   0.140
124.12  40.84   0.230   1.790      0.000  -0.800    0.900   0.230
124.12  40.84   0.140   1.444      0.000  -0.600    0.900   0.140
124.12  40.84   0.145   4.160      0.000  -1.600    0.900   0.145
124.12  40.84   0.140   1.605      0.000  -0.700    0.900   0.140
124.12  40.84   0.250   1.028     -0.850  -1.000    0.900   0.250
124.12  40.84   1.478   0.143     -2.539  -2.800    0.900   0.088
124.12  40.84   1.606   1.884     -2.539  -2.800    0.900   0.079
124.12  40.84   1.478   0.220     -2.539  -2.900    0.900   0.088
124.12  40.84   3.353   7.959     -6.112  -4.500    0.700   0.090
124.12  40.84   2.668   0.876     -4.247  -4.200    0.700   0.180
124.12  40.84   1.353   9.299     -2.539  -1.400    0.700   0.057
124.12  40.84   1.186   4.551     -1.693  -2.800    1.000   0.102
124.12  40.84   3.958   0.664     -7.037  -6.300    1.000   0.122
124.12  40.84   1.442   0.519     -2.539  -2.000    1.000   0.122
124.12  40.84   0.842   2.071     -1.693  -1.400    1.000   0.113
124.12  40.84   1.728   4.294     -2.539  -4.000    1.000   0.155
124.12  40.84   1.262   8.576     -2.539  -2.800    0.900   0.082
124.12  40.84   0.212   2.235      0.000  -1.000    0.900   0.212
124.12  40.84   0.606   3.353     -0.850  -1.500    0.900   0.063
124.12  40.84   0.143   1.098      0.000  -0.200    1.000   0.139
124.12  40.84   2.533   2.273     -4.247  -2.900    0.900   0.179
124.12  40.84   1.790   5.819     -3.398  -3.900    1.000   0.089
124.12  40.84   2.795  18.472     -5.184  -4.200    1.000   0.049
124.12  40.84   2.542   0.181     -4.247  -4.600    1.000   0.177
124.12  40.84   2.542   0.940     -4.247  -3.400    0.900   0.179
124.12  40.84   2.889   1.254     -5.184  -6.100    1.000   0.172
124.12  40.84   3.508   0.006     -6.112  -6.100    0.900   0.105
124.12  40.84   1.851   2.255     -3.398  -2.700    0.900   0.116
124.12  40.84   2.247   8.896     -3.398  -4.700    0.900   0.095
124.12  40.84   1.437   0.685     -2.539  -2.900    0.900   0.087
124.12  40.84   1.681   2.027     -2.539  -2.700    0.900   0.129
124.12  40.84   2.022   0.367     -3.398  -2.900    0.900   0.091
124.12  40.84   3.586   0.657     -6.112  -6.100    0.900   0.105
124.12  40.84   0.234   8.840      0.000   1.400    0.500   0.234
124.12  40.84   0.896  23.738     -1.693   0.700    0.500   0.114
124.12  40.84   0.611  16.067     -0.850   1.000    0.500   0.072
124.12  40.84   2.704  60.098     -4.247  -0.400    0.500   0.214
124.12  40.84   0.145  10.000      0.000   1.500    0.500   0.145
124.12  40.84   4.188   4.610     -7.037  -6.000    1.000   0.100
121.85  37.92   3.619  17.386     -3.532  -8.500    1.200   0.241
121.85  37.92   4.409   2.594     -4.650  -7.200    1.600   0.398
121.85  37.92   6.636   5.015     -6.932  -9.600    1.200   0.509
121.85  37.92   6.652  18.246     -6.932  -12.000    1.200   0.238
121.85  37.92   7.008   6.123     -8.431  -11.400    1.200   0.657
121.85  37.92   7.376   5.315     -10.179  -12.400    1.000   0.200
121.85  37.92   7.723   1.226     -10.179  -9.800    1.100   0.211
121.85  37.92   9.148  53.534     -17.894  -25.200    1.000   0.369
121.85  37.92   9.263   2.048     -20.453  -21.600    1.000   0.277
121.85  37.92   9.282   1.770     -20.453  -19.300    1.100   0.266
121.85  37.92  10.400  62.889     -26.620  -40.100    1.700   0.835
121.85  37.92   6.412  14.725     -6.932  -9.200    0.600   0.133
121.85  37.92   6.438   4.770     -6.932  -8.200    0.600   0.114
121.85  37.92   6.537   4.507     -6.932  -8.200    0.600   0.181
121.85  37.92   6.168   5.936     -6.247  -7.500    0.600   0.134
121.85  37.92   0.889   0.802     -1.057  -1.400    0.600   0.161
121.85  37.92   1.155   1.930     -1.057  -1.600    0.600   0.147
121.85  37.92   1.213   4.357     -1.057  -2.000    0.600   0.155
121.85  37.92   1.187   6.281     -1.057  -2.200    0.600   0.115
121.85  37.92   1.026   0.558     -1.057  -1.500    0.600   0.231
121.85  37.92   2.095   0.761     -2.058  -2.500    0.600   0.204
121.85  37.92   3.150   3.163     -3.037  -4.000    0.600   0.196
121.85  37.92   3.018   2.585     -3.037  -4.000    0.600   0.218
121.85  37.92   3.271   2.350     -3.532  -4.100    0.600   0.190
121.85  37.92   3.453   2.674     -3.532  -4.500    0.600   0.179
121.85  37.92   3.651   6.732     -3.532  -5.000    0.600   0.175
121.85  37.92   3.768   4.305     -3.991  -5.000    0.600   0.191
121.85  37.92   3.683   7.686     -3.532  -5.100    0.600   0.199
121.85  37.92   3.850   7.688     -3.991  -5.600    0.600   0.213
121.85  37.92   3.932   9.194     -3.991  -5.800    0.600   0.212
121.85  37.92   3.971   9.104     -3.991  -5.800    0.600   0.244
121.85  37.92   4.045   9.143     -3.991  -5.800    0.600   0.199
121.85  37.92   4.242  14.456     -3.991  -6.200    0.600   0.255
121.85  37.92   4.061  13.678     -3.991  -6.200    0.600   0.174
121.85  37.92   4.168  14.048     -3.991  -6.200    0.600   0.238
121.85  37.92   4.043  17.537     -3.991  -6.500    0.600   0.196
121.85  37.92   4.199  18.360     -3.991  -6.500    0.600   0.213
121.85  37.92   4.210  26.114     -3.991  -7.000    0.600   0.214
121.85  37.92   4.306  17.524     -4.650  -7.100    0.600   0.211
121.85  37.92   4.167  27.351     -3.991  -7.100    0.600   0.236
121.85  37.92   4.314  17.463     -4.650  -7.100    0.600   0.210
121.85  37.92   3.494  19.778     -3.532  -6.200    0.600   0.145
121.85  37.92   3.521  19.793     -3.532  -6.200    0.600   0.159
121.85  37.92   5.083   7.377     -5.188  -6.800    0.600   0.208
121.85  37.92   5.367   8.895     -5.747  -7.500    0.600   0.222
121.85  37.92   5.486  11.717     -5.747  -7.800    0.600   0.162
121.85  37.92   5.492  11.711     -5.747  -7.800    0.600   0.168
121.85  37.92   5.774  12.840     -6.247  -8.200    0.600   0.151
121.85  37.92   6.014  14.109     -6.247  -8.500    0.600   0.259
121.85  37.92   6.152  22.087     -6.247  -9.000    0.600   0.149
121.85  37.92   6.154  25.169     -6.247  -9.200    0.600   0.159
121.85  37.92   4.527   5.075     -4.650  -6.000    0.600   0.280
121.85  37.92   4.742   7.931     -4.650  -6.200    0.600   0.216
121.85  37.92   4.635   8.044     -4.650  -6.300    0.600   0.195
121.85  37.92   5.221   7.163     -5.188  -6.700    0.600   0.244
121.85  37.92   5.307   3.046     -5.747  -6.700    0.600   0.267
121.85  37.92   5.756   4.771     -6.247  -7.200    0.600   0.163
121.85  37.92   5.912   3.811     -6.247  -7.400    0.600   0.259
121.85  37.92   6.196   5.325     -6.247  -7.500    0.600   0.200
121.85  37.92   3.649  11.345     -3.532  -5.500    0.600   0.195
121.85  37.92   3.812   7.512     -3.991  -5.600    0.600   0.332
121.85  37.92   6.327   5.411     -6.932  -8.100    0.600   0.136
121.85  37.92   6.472   4.497     -6.932  -8.200    0.600   0.161
121.85  37.92   5.789   4.703     -6.247  -7.200    0.600   0.143
121.85  37.92   4.729   6.904     -4.650  -6.200    0.600   0.481
121.85  37.92   4.462   8.521     -4.650  -6.400    0.600   0.362
121.85  37.92   4.465  12.848     -4.650  -6.800    0.600   0.567
121.85  37.92   4.876   7.353     -5.188  -6.800    0.600   0.337
121.85  37.92   5.633  10.792     -5.747  -7.700    0.600   0.301
121.85  37.92   6.582   4.543     -6.932  -8.200    0.600   0.298
