2.104499999999999886e+02 -1.745000000000000284e+01
2.025200000000000387e+02 1.979999999999999760e+00
1.726700000000000159e+02 -4.350000000000000000e+01
1.501800000000000352e+02 -3.569999999999999574e+01
1.336500000000000057e+02 -3.210999999999999943e+01
1.359399999999999977e+02 -3.470000000000000995e+01
1.369300000000000352e+02 -3.372999999999999687e+01
1.378699999999999477e+02 -3.268999999999999773e+01
1.380100000000000477e+02 -3.315999999999999659e+01
1.380899999999999750e+02 -3.413000000000000256e+01
1.384600000000000080e+02 -3.463999999999999346e+01
1.378800000000000239e+02 -3.342999999999999972e+01
1.377999999999999829e+02 -3.269999999999999574e+01
1.378600000000000136e+02 -3.332999999999999829e+01
1.138299999999999983e+02 -2.867999999999999616e+01
1.474300000000000068e+02 -1.862999999999999901e+01
1.469000000000000057e+02 -1.919999999999999929e+01
1.464799999999999898e+02 -1.860000000000000497e+01
1.461599999999999966e+02 -1.817000000000000171e+01
1.468699999999999761e+02 -1.915000000000000213e+01
1.476200000000000045e+02 -6.110000000000001208e+00
1.086499999999999915e+02 4.360000000000000320e+00
1.037699999999999960e+02 1.209999999999999964e+00
1.038699999999999903e+02 1.310000000000000275e+00
9.840999999999999659e+01 7.750000000000000000e+00
1.088475000000000108e+02 1.133000000000000007e+01
1.178500000000000085e+02 2.440000000000000213e+01
1.094500000000000171e+02 1.828000000000000114e+01
1.095000000000000000e+02 1.823000000000000043e+01
7.298000000000000398e+01 4.299999999999998934e+00
7.303000000000000114e+01 5.270000000000000462e+00
9.681999999999999318e+01 -1.217999999999999972e+01
5.552000000000000313e+01 -4.679999999999999716e+00
4.526999999999999602e+01 -1.280000000000000426e+01
3.239999999999999858e+01 -2.847000000000000242e+01
3.004500000000001023e+02 1.303999999999999382e+01
