KEY  LON  LAT  LON_lim  LAT_lim  num_datapoint  oldest_age  youngest_age length_age  site_name
000  187.00   63.00    0.00    0.00  1  18.860  18.860   0.000    Bering_Shelf_AK
001  196.50   67.17    0.00    0.00  55   4.160   0.610   3.550    Kotzebue_Sound_AK
002  205.92   56.58    0.00    0.00  2   3.380   2.020   1.360    Sitkinak_I_Aleutians
003  207.25   59.78    0.00    0.00  1   0.370   0.370   0.000    Anchorage_AK
004  224.25   58.23    0.00    0.00  1  14.200  14.200   0.000    Glacier_Bay-Icy_Stra
005  225.38   58.38    0.00    0.00  2  12.530  12.370   0.160    Juneau_AK
006  263.75   78.33    0.00    0.00  1  10.050  10.050   0.000    Amund_Ringnes_I_NU
007  265.23   77.77    0.00    0.00  5  10.110   9.540   0.570    Cornwall_I_NU
008  270.75   80.27    0.00    0.00  5   9.700   8.830   0.870    Schei_Pen_Axel_Heibe
009  269.28   80.70    0.00    0.00  4  11.960   8.370   3.590    Lightfoot_R_Axel_Hei
010  268.90   79.35    0.00    0.00  5   9.250   8.790   0.460    Expedition_F_head_Ax
011  268.62   79.33    0.00    0.00  4   9.360   8.050   1.310    Expedition_F_mouth_A
012  269.12   78.56    0.00    0.00  2   9.860   5.630   4.230    Good_Friday_B_Axel_H
013  269.88   79.27    0.00    0.00  3   9.860   9.380   0.480    Strand_F_head_Axel_H
014  268.53   79.18    0.00    0.00  2   9.380   9.380   0.000    Strand_F_mouth_Axel_
015  268.50   78.23    0.00    0.00  2   9.760   7.340   2.420    Cape_Southwest_Axel_
016  272.10   79.00    0.00    0.00  1   8.730   8.730   0.000    Scaare_Fiord_Axel_He
017  271.26   78.35    0.00    0.00  1   9.540   9.540   0.000    Wolf_Fiord_Axel_Heib
018  295.96   67.55    0.00    0.00  2  11.150  10.160   0.990    Broughton_I_Baffin_I
019  293.23   68.43    0.00    0.00  1  10.260  10.260   0.000    C_Hooper_Baffin_I_NU
020  292.07   66.63    0.00    0.00  2   6.500   1.440   5.060    Clearwater_F_Baffin_
021  292.62   68.20    0.00    0.00  1   6.550   6.550   0.000    Confederation_F_Baff
022  291.38   68.78    0.00    0.00  3   8.460   7.810   0.650    Ekalugad_F_mouth_Baf
023  290.65   68.70    0.00    0.00  4   7.030   5.510   1.520    Ekalugad_F_head_Baff
024  291.56   68.53    0.00    0.00  1   7.510   7.510   0.000    Iqaluaaluit_F_Baffin
025  291.60   68.63    0.00    0.00  3   9.400   6.130   3.270    Kangok_F_Baffin_I_NU
026  295.65   66.36    0.00    0.00  3   9.660   8.910   0.750    Kingnait_F_Baffin_I_
027  295.00   67.38    0.00    0.00  1   7.200   7.200   0.000    Maktak_F_Baffin_I_NU
028  294.38   67.79    0.00    0.00  1   9.160   9.160   0.000    Narpaing_F_Baffin_I_
029  293.58   68.08    0.00    0.00  2   8.870   8.460   0.410    Nedluksiak_F_Baffin_
030  294.25   67.92    0.00    0.00  4   9.760   9.230   0.530    Okoa_B_Baffin_I_NU
031  294.27   66.14    0.00    0.00  4   9.680   8.780   0.900    Pangnirtung_F_Baffin
032  291.43   68.96    0.00    0.00  2   9.720   9.610   0.110    Pitchforth_F_Baffin_
033  294.83   67.62    0.00    0.00  1  10.020  10.020   0.000    Quajon_F_Baffin_I_NU
034  290.88   68.95    0.00    0.00  3  10.110   9.240   0.870    Tingin_F_Baffin_I_NU
035  293.73   66.56    0.00    0.00  1   9.640   9.640   0.000    Usualuk_V_Baffin_I_N
036  270.48   72.77    0.00    0.00  5  11.040   9.790   1.250    McBean_Bay_Baffin_I_
037  270.13   72.05    0.00    0.00  3  10.510   9.630   0.880    Fitzgerald_Bay_Baffi
038  274.92   73.05    0.00    0.00  1   9.610   9.610   0.000    Arctic_Bay_Baffin_I_
039  275.78   73.22    0.00    0.00  1   9.860   9.860   0.000    Baillarge_Bay_Baffin
040  274.88   73.63    0.00    0.00  1  10.820  10.820   0.000    Cape_Crawford_Baffin
041  274.34   72.65    0.00    0.00  1   8.100   8.100   0.000    Eqalulik_River_Baffi
042  275.68   71.51    0.00    0.00  1   7.480   7.480   0.000    Jungersen_Bay_Baffin
043  273.70   72.41    0.00    0.00  1  10.140  10.140   0.000    Kuuruluk_River_Baffi
044  275.64   73.11    0.00    0.00  1   7.730   7.730   0.000    Strathcona_Fiord_Baf
045  273.78   71.78    0.00    0.00  2   8.980   8.970   0.010    Tikiraq_River_Baffin
046  273.52   72.21    0.00    0.00  1   9.880   9.880   0.000    Tiriganialaag_River_
047  273.00   72.75    0.00    0.00  1  10.220  10.220   0.000    Vista_River_Baffin_I
048  277.02   73.65    0.00    0.00  2   9.520   1.160   8.360    C_Charles_York_Baffi
049  272.98   73.72    0.00    0.00  1  10.670  10.670   0.000    Cape_York_Baffin_I_N
050  274.55   73.82    0.00    0.00  1  11.050  11.050   0.000    Stanley_Pt_Baffin_I_
051  271.53   71.30    0.00    0.00  1   9.180   9.180   0.000    Bernier_Bay_NC_Baffi
052  272.52   71.20    0.00    0.00  2   8.820   8.540   0.280    Bernier_Bay_NE_Baffi
053  271.10   70.88    0.00    0.00  1   9.250   9.250   0.000    Easter_Cape_Baffin_I
054  271.90   70.88    0.00    0.00  2   9.840   9.430   0.410    Bernier_Bay_SE_Baffi
055  270.88   71.43    0.00    0.00  2   9.610   9.070   0.540    Morin_Pt_Baffin_I_NU
056  274.70   70.75    0.00    0.00  1   7.650   7.650   0.000    Bell_Bay_Baffin_I_NU
057  273.55   70.92    0.00    0.00  2   8.150   8.130   0.020    Berlinguet_Inlet_W_B
058  273.58   71.17    0.00    0.00  2   7.730   7.690   0.040    Berlinguet_River_Baf
059  273.20   70.33    0.00    0.00  4   9.980   8.570   1.410    Agu_Bay_Baffin_I_NU
060  274.73   70.13    0.00    0.00  2   7.200   7.160   0.040    Autridge_Bay-Whyte_I
061  273.88   70.12    0.00    0.00  1   6.740   6.740   0.000    Cape_Appel_Baffin_I_
062  279.70   72.75    0.00    0.00  2  10.380  10.380   0.000    Lavoie_Pt_Baffin_I_N
063  279.49   72.46    0.00    0.00  2  10.670   8.230   2.440    Milne_Inlet_mouth_Ba
064  278.67   72.08    0.00    0.00  2   8.840   8.280   0.560    Koluktoo_Bay_Baffin_
065  282.28   71.75    0.00    0.00  2   5.910   5.510   0.400    Paquet_Bay_Baffin_I_
066  279.15   71.87    0.00    0.00  1   6.700   6.700   0.000    Phillips_Creek_Baffi
067  280.50   71.95    0.00    0.00  3   9.300   5.550   3.750    Tay_Sound_Baffin_I_N
068  278.83   72.35    0.00    0.00  4   8.590   7.360   1.230    Tremblay_Sound_Baffi
069  280.12   73.17    0.00    0.00  1  11.160  11.160   0.000    Bylot_Island_NU
070  291.41   62.30    0.00    0.00  2  11.160   8.590   2.570    Balcom_Inlet_Baffin_
071  289.50   62.60    0.00    0.00  6   9.080   8.440   0.640    Big_I_Baffin_I_NU
072  292.15   62.20    0.00    0.00  1   9.050   9.050   0.000    Bond_Inlet_Baffin_I_
073  288.65   63.08    0.00    0.00  1   8.630   8.630   0.000    Canon_Inlet_Baffin_I
074  290.21   62.97    0.00    0.00  6   8.970   8.270   0.700    Cape_Tanfield-Lake_H
075  293.12   63.03    0.00    0.00  3  10.460   9.880   0.580    Chase_Island_Baffin_
076  293.30   64.78    0.00    0.00  1   9.640   9.640   0.000    Chidliak_Bay_Baffin_
077  295.00   61.77    0.00    0.00  2  10.280  10.140   0.140    Edgell_Island_Baffin
078  283.77   64.27    0.00    0.00  2   8.620   8.500   0.120    Foxe_Pen_Baffin_I_NU
079  294.22   63.02    0.00    0.00  10  12.530  10.290   2.240    Gold_Cove-Cyrus_Fiel
080  293.47   62.90    0.00    0.00  2  10.780  10.350   0.430    Gabriel_I_Baffin_I_N
081  294.93   63.73    0.00    0.00  1   9.910   9.910   0.000    Grinnell_Bay_Baffin_
082  293.52   63.07    0.00    0.00  2  10.540  10.320   0.220    Hamlen_Bay_Baffin_I_
083  291.63   63.36    0.00    0.00  7   9.160   7.620   1.540    Iqaluit_Baffin_I_NU
084  292.05   63.22    0.00    0.00  7  11.190   8.670   2.520    Pugh_I_Baffin_I_NU
085  295.58   62.43    0.00    0.00  4  13.170  11.310   1.860    Loks_Land_Baffin_I_N
086  293.86   62.09    0.00    0.00  9   9.920   9.180   0.740    Nobel_Inlet_Baffin_I
087  282.08   63.43    0.00    0.00  1   8.240   8.240   0.000    Nottingham_I_Hudson_
088  292.65   62.12    0.00    0.00  1  10.510  10.510   0.000    Pritzler_Harbour_Baf
089  282.77   63.58    0.00    0.00  1   8.300   8.300   0.000    Salisbury_I_Hudson_S
090  293.52   62.36    0.00    0.00  16  11.140   8.470   2.670    York_Sound_Baffin_I_
091  286.09   69.37    0.00    0.00  7   7.590   3.320   4.270    Steensby_Inlet-Flint
092  262.13   75.95    0.00    0.00  2  10.880   9.780   1.100    Bathurst_Island_Cent
093  261.02   74.98    0.00    0.00  2  10.120   9.560   0.560    Bathurst_Island_Sout
094  257.25   75.55    0.00    0.00  1  11.050  11.050   0.000    Bathurst_Island_West
095  257.45   76.08    0.00    0.00  1  11.010  11.010   0.000    Massey_Island_NU
096  266.25   71.19    0.00    0.00  3  10.420  10.320   0.100    Abernethy_R_Boothia_
097  270.02   68.97    0.00    0.00  1  10.580  10.580   0.000    Pelly_B-Shepherd_B_N
098  263.98   70.42    0.00    0.00  2   9.790   8.790   1.000    Pasley_Bay_Boothia_P
099  264.60   70.96    0.00    0.00  1  10.090  10.090   0.000    Wrottesley_Bay_Booth
100  237.50   49.10    0.00    0.00  10  15.130   0.330  14.800    Fraser_Delta_BC
101  231.90   52.15    0.00    0.00  1  14.280  14.280   0.000    Bella_Bella_BC
102  230.02   54.21    0.00    0.00  1   9.420   9.420   0.000    Prince_Rupert_BC
103  231.41   54.06    0.00    0.00  2  12.560  11.720   0.840    Kitimat_BC
104  232.83   50.62    0.00    0.00  3  15.170   0.470  14.700    Vancouver_Island_NE_
105  232.22   50.20    0.00    0.00  2   4.340   1.920   2.420    Vancouver_Island_NW_
106  234.85   48.82    0.00    0.00  2   6.180   0.600   5.580    Barkley_Sound_VI_BC
107  235.40   49.38    0.00    0.00  3  14.650   8.810   5.840    Comox_&_South_BC
108  235.73   49.28    0.00    0.00  6  14.940  14.040   0.900    Nanimo_VI_BC
109  236.64   48.41    0.00    0.00  9  14.950   3.090  11.860    Victoria_BC
110  234.00   49.18    0.00    0.00  5  16.200   1.310  14.890    Tofino_VI_BC
111  234.56   49.48    0.00    0.00  2  15.260   0.390  14.870    Hesquiat_Harbour_VI_
112  235.17   49.25    0.00    0.00  1   1.450   1.450   0.000    Port_Alberni_VI_BC
113  227.43   54.05    0.00    0.00  4   9.220   5.020   4.200    Graham_Island_QCI_BC
114  228.75   53.95    0.00    0.00  1  16.920  16.920   0.000    Dogfish_Bank_BC
115  265.05   74.73    0.00    0.00  5  10.520  10.230   0.290    Resolute_Bay_NU
116  264.23   74.59    0.00    0.00  1  10.170  10.170   0.000    Griffith_Island_NU
117  264.48   76.58    0.00    0.00  1   9.460   9.460   0.000    Barrow_Harbour_Devon
118  265.77   76.86    0.00    0.00  2   9.850   9.610   0.240    Bere_Bay_Devon_I_NU
119  264.62   77.01    0.00    0.00  2   9.760   9.660   0.100    Lyall_River_Devon_I_
120  265.08   76.38    0.00    0.00  1   9.760   9.760   0.000    Port_Refuge_Devon_I_
121  266.10   76.33    0.00    0.00  2   9.520   9.250   0.270    Prince_Alfred_B_Devo
122  266.45   76.77    0.00    0.00  1   9.590   9.590   0.000    Wilmer_Bay_Devon_I_N
123  267.59   76.54    0.00    0.00  1   9.400   9.400   0.000    Triton_Bay_Devon_I_N
124  265.65   75.78    0.00    0.00  1   9.600   9.600   0.000    Baillie-Hamilton_Isl
125  267.99   75.19    0.00    0.00  1   9.720   9.720   0.000    Griffin_Inlet_Devon_
126  267.97   74.97    0.00    0.00  8   9.280   8.300   0.980    Lovell_Point_Devon_I
127  267.76   75.39    0.00    0.00  1   9.920   9.920   0.000    Macormick_B_Devon_I_
128  267.63   76.07    0.00    0.00  1   9.180   9.180   0.000    Owen_Point_Devon_I_N
129  268.44   75.62    0.00    0.00  2   9.160   9.100   0.060    Providence_Mt_Devon_
130  268.23   75.13    0.00    0.00  1   9.590   9.590   0.000    Sophia_Cove_Devon_I_
131  268.79   75.76    0.00    0.00  1   9.060   9.060   0.000    Viks_Fiord_Devon_I_N
132  276.47   74.59    0.00    0.00  2  11.250  10.990   0.260    Croker_Bay_Devon_I_N
133  271.58   74.84    0.00    0.00  1   9.760   9.760   0.000    Maxwell_B_Devon_I_NU
134  274.42   74.69    0.00    0.00  2   9.870   9.780   0.090    Powell_Inlet_Devon_I
135  269.42   74.90    0.00    0.00  1   8.960   8.960   0.000    Radstock_Bay_head_De
136  268.70   74.66    0.00    0.00  2  10.630  10.360   0.270    Radstock_Bay_mouth_D
137  273.20   74.62    0.00    0.00  1   9.830   9.830   0.000    Stratton_Inlet_Devon
138  276.14   75.77    0.00    0.00  1  10.560  10.560   0.000    Cape_Hardy_Devon_I_N
139  274.65   75.56    0.00    0.00  1   8.840   8.840   0.000    Firkin_Point_Devon_I
140  272.40   75.43    0.00    0.00  1  10.150  10.150   0.000    Nookap_Fiord_Devon_I
141  269.93   75.79    0.00    0.00  1   9.740   9.740   0.000    Sandhook_B_Devon_I_N
142  270.01   75.54    0.00    0.00  2   9.840   9.450   0.390    Thomas_Lee_Inlet_Dev
143  260.10   77.93    0.00    0.00  1   9.900   9.900   0.000    Ellef_Ringnes_Island
144  278.38   76.49    0.00    0.00  1  10.090  10.090   0.000    Anstead_Pt_Ellesmere
145  272.37   76.39    0.00    0.00  4  10.790   0.380  10.410    C_Storm_Ellesmere_I_
146  274.80   76.53    0.00    0.00  1  10.250  10.250   0.000    S_outh_Cape_F_Ellesm
147  275.02   77.61    0.00    0.00  3   9.040   8.920   0.120    Baumann_F_N-C_Ellesm
148  274.62   77.29    0.00    0.00  1   8.970   8.970   0.000    Baumann_F_S-C_Ellesm
149  274.20   78.38    0.00    0.00  12   9.740   6.430   3.310    Blind_F_Ellesmere_I_
150  274.53   78.10    0.00    0.00  18  10.280   5.250   5.030    Trold_F_Ellesmere_I_
151  277.83   78.12    0.00    0.00  1   6.220   6.220   0.000    Vendom_F_Ellesmere_I
152  274.64   79.96    0.00    0.00  26  12.330   7.530   4.800    Eureka_Ellesmere_I_N
153  277.25   78.67    0.00    0.00  17  10.210   5.920   4.290    Bay_F_East_Ellesmere
154  273.77   78.88    0.00    0.00  6   9.120   8.020   1.100    Bay_F_West_Ellesmere
155  273.28   78.65    0.00    0.00  2  10.070   9.950   0.120    Eureka_Sd_S_Ellesmer
156  282.75   80.92    0.00    0.00  4   8.720   7.510   1.210    Antoinette_B_Ellesme
157  278.50   79.75    0.00    0.00  6   9.360   8.170   1.190    Canon_F_head_Ellesme
158  277.38   80.20    0.00    0.00  3   9.860   9.040   0.820    Canon_F_mouth_Ellesm
159  278.28   79.95    0.00    0.00  3   8.870   8.520   0.350    Canon_F_centre_Elles
160  280.50   80.60    0.00    0.00  7  10.030   8.220   1.810    dIberville_F_Ellesme
161  279.42   80.72    0.00    0.00  2   9.740   9.430   0.310    Greely_F_N-C_Ellesme
162  278.50   80.40    0.00    0.00  9   9.510   7.920   1.590    Greely_F_S-C_Ellesme
163  280.52   80.95    0.00    0.00  2   9.000   8.720   0.280    Tanquary_F_Ellesmere
164  274.77   81.08    0.00    0.00  1   9.560   9.560   0.000    Hare_F_Ellesmere_I_N
165  270.30   81.32    0.00    0.00  2   9.490   7.270   2.220    Jugeborg_F_Ellesmere
166  270.07   81.03    0.00    0.00  7  10.180   8.830   1.350    Otto_F_Ellesmere_I_N
167  297.25   82.45    0.00    0.00  1  11.720  11.720   0.000    Alert_Ellesmere_I_NU
168  292.43   82.63    0.00    0.00  18  11.150   8.440   2.710    Clements_Markham_Inl
169  295.25   82.70    0.00    0.00  2  11.110   9.220   1.890    James_Ross_B_Ellesme
170  284.20   82.65    0.00    0.00  4   9.880   8.210   1.670    MClintock_Inlet_Elle
171  284.35   83.00    0.00    0.00  4  10.750   9.610   1.140    Marvin_Pen_North_Ell
172  285.97   82.95    0.00    0.00  1  10.350  10.350   0.000    Desraeli_F_mouth_Ell
173  286.05   82.82    0.00    0.00  2   9.870   9.080   0.790    Desraeli_F_centre_El
174  274.58   82.33    0.00    0.00  2  10.120   8.260   1.860    Wootton_Pen_Ellesmer
175  273.17   81.88    0.00    0.00  4  17.520   8.400   9.120    Phillips_Inlet_mouth
176  275.33   81.97    0.00    0.00  3   9.440   9.070   0.370    Phillips_Inlet_head_
177  296.67   81.88    0.00    0.00  3   9.200   8.390   0.810    Beaufort_Lakes_Elles
178  289.63   81.18    0.00    0.00  6   8.400   6.300   2.100    Archer_F_head_Ellesm
179  293.05   81.37    0.00    0.00  3  12.770   8.960   3.810    Archer_F_mouth_Elles
180  290.88   81.52    0.00    0.00  2   9.060   8.230   0.830    Chandler_F_Ellesmere
181  294.67   81.67    0.00    0.00  3   8.740   8.230   0.510    Lady_Franklin_B_Elle
182  294.25   81.25    0.00    0.00  5   8.420   8.020   0.400    C_Baird_Ellesmere_I_
183  292.10   80.92    0.00    0.00  1   7.350   7.350   0.000    Carl_Ritter_B_Ellesm
184  292.08   80.78    0.00    0.00  3   8.520   8.230   0.290    Carl_Ritter_B_South_
185  293.28   81.05    0.00    0.00  2   8.780   8.030   0.750    Panikpah_R_Ellesmere
186  283.47   79.08    0.00    0.00  13   8.190   5.680   2.510    Flagler_B_Ellesmere_
187  283.70   78.87    0.00    0.00  2   8.890   8.600   0.290    Alexandra_F_Ellesmer
188  284.77   79.25    0.00    0.00  2   8.130   7.700   0.430    Bache_Pen_Ellesmere_
189  281.20   79.07    0.00    0.00  5   7.220   4.980   2.240    Beitsted_F_Ellesmere
190  285.25   78.60    0.00    0.00  4  10.050   9.690   0.360    C_Herschel_Ellesmere
191  289.87   80.22    0.00    0.00  1   8.440   8.440   0.000    C_Wilkes_Foreland_El
192  282.20   76.79    0.00    0.00  1  10.450  10.450   0.000    Clarence_Head_Ellesm
193  287.37   79.82    0.00    0.00  6   8.280   5.880   2.400    Dobbin_B_Ellesmere_I
194  285.02   79.50    0.00    0.00  3   8.680   8.060   0.620    Franklin_Pierce_B_El
195  288.82   80.17    0.00    0.00  5   8.970   7.430   1.540    John_Richardson_B_El
196  282.08   79.22    0.00    0.00  6   8.270   6.410   1.860    Princess_Marie_B_Ell
197  289.65   80.42    0.00    0.00  8   8.550   7.220   1.330    Radmore_Hr_Ellesmere
198  288.50   79.90    0.00    0.00  4   8.320   7.990   0.330    Scoresby_B_Ellesmere
199  277.98   77.32    0.00    0.00  1  10.220  10.220   0.000    Makinson_Inlet_Elles
200  278.17   77.83    0.00    0.00  1   8.220   8.220   0.000    Split_L_Ellesmere_I_
201  290.00   58.75    0.00    0.00  16   8.240   0.320   7.920    Ungava_Bay_W_QC
202  291.83   60.57    0.00    0.00  5   9.100   7.770   1.330    Akpatok_Island_NU
203  290.02   61.01    0.00    0.00  3   8.110   7.260   0.850    Diana_Island_QC_NU
204  294.02   58.88    0.00    0.00  2   8.270   8.200   0.070    George_River_QC
205  285.73   62.12    0.00    0.00  18  12.830   9.260   3.570    Deception_Bay_QC
206  282.62   62.55    0.00    0.00  4   8.890   8.040   0.850    Sugluk_QC
207  282.12   62.14    0.00    0.00  1   8.290   8.290   0.000    Ungava_Peninsula_NW_
208  285.90   62.67    0.00    0.00  1   8.210   8.210   0.000    Charles_Island_NU
209  287.40   62.02    0.00    0.00  4   8.980   7.610   1.370    Douglas_Harbour_QC
210  280.00   59.83    0.00    0.00  1   8.320   8.320   0.000    Ottawa_Islands_NU
211  275.23   64.70    0.00    0.00  5   7.830   7.390   0.440    Southampton_I_NU
212  283.23   60.05    0.00    0.00  1   7.680   7.680   0.000    C_Smith-Povungnituk_
213  283.75   57.60    0.00    0.00  1   6.610   6.610   0.000    Inukjuak_QC
214  283.50   56.27    0.00    0.00  6   7.590   7.070   0.520    Lac_Guillaume-Delisl
215  282.75   55.67    0.00    0.00  1   7.990   7.990   0.000    Poste-de-la-Baleine_
216  282.50   53.58    0.00    0.00  8   9.160   7.680   1.480    Fort_George_QC
217  282.70   52.77    0.00    0.00  6   8.330   7.810   0.520    Eastmain_-_Fort_Rupe
218  277.50   50.08    0.00    0.00  7   8.790   8.040   0.750    Mattagami_ON
219  275.47   51.93    0.00    0.00  1   8.620   8.620   0.000    Fort_Albany_ON
220  273.95   53.53    0.00    0.00  1   8.110   8.110   0.000    C_Henrietta_Maria_ON
221  271.73   54.48    0.00    0.00  1   8.290   8.290   0.000    Severn_River_ON
222  266.80   58.75    0.00    0.00  2   8.680   0.160   8.520    Churchill_MB
223  265.80   56.43    0.00    0.00  16   8.920   7.420   1.500    Nelson_River_MB
224  265.20   62.82    0.00    0.00  3   7.700   1.710   5.990    Baker_Lake_NU
225  264.32   62.17    0.00    0.00  3   7.850   7.460   0.390    Eskimo_Point_NU
226  295.73   59.78    0.00    0.00  1  10.040  10.040   0.000    Eclipse_Channel_Lab
227  295.43   60.08    0.00    0.00  1   9.970   9.970   0.000    Ikudliayuk_Fiord_Lab
228  296.21   59.36    0.00    0.00  1  10.170  10.170   0.000    Kangalaksiorvik_Fior
229  298.61   56.67    0.00    0.00  1   8.760   8.760   0.000    Nain_Lab
230  299.85   53.52    0.00    0.00  2   8.500   6.070   2.430    Goose_Bay_Lab
231  302.19   54.67    0.00    0.00  3   9.620   0.960   8.660    Groswater_Bay_Lab
232  299.22   54.55    0.00    0.00  2   8.590   8.440   0.150    Kaipokok_River_Lab
233  300.83   55.08    0.00    0.00  1  11.930  11.930   0.000    Makkovik_Lab
234  302.87   53.84    0.00    0.00  1   8.630   8.630   0.000    Cartwright_-_Sandwic
235  303.02   51.49    0.00    0.00  2  13.610  12.090   1.520    Pinware_Bay_Lab
236  249.42   67.87    0.00    0.00  1   4.280   4.280   0.000    NW_of_Bathurst_Inlet
237  252.98   68.66    0.00    0.00  4  10.270   3.290   6.980    Bathurst_Inlet_NE_NU
238  252.92   66.32    0.00    0.00  4   9.320   3.300   6.020    Bathurst_Inlet_head_
239  236.87   69.58    0.00    0.00  2  13.780  13.160   0.620    Darnley_Bay_NT
240  239.73   69.40    0.00    0.00  5  12.620  11.090   1.530    Buchanan_River_NT
241  243.07   68.78    0.00    0.00  2  12.240   8.140   4.100    Cape_Young_NU
242  244.53   68.24    0.00    0.00  2  13.030  10.820   2.210    Bernard_Harbour_NU
243  241.32   69.14    0.00    0.00  5  12.450  10.410   2.040    Clifton_Point_NT
244  244.58   67.73    0.00    0.00  3  11.960   6.930   5.030    Coppermine_NU
245  246.36   67.66    0.00    0.00  6  12.210  10.160   2.050    Coronation_Gulf_E_NU
246  256.53   66.82    0.00    0.00  1   9.010   9.010   0.000    MacAlpine_Lake_NU
247  254.42   75.88    0.00    0.00  1  10.910  10.910   0.000    Melville_Island_SE_N
248  246.58   74.85    0.00    0.00  2  13.430  12.720   0.710    Melville_Island_SW_N
249  252.22   75.95    0.00    0.00  1  10.130  10.130   0.000    Sabine_Peninsula_S_N
250  251.75   75.51    0.00    0.00  2  12.060   9.490   2.570    Hecla_&_Griper_Bay_M
251  242.42   75.31    0.00    0.00  1  13.680  13.680   0.000    Melville_Island_NW_N
252  277.15   68.36    0.00    0.00  2   7.100   5.670   1.430    Ajaqutalik_R_Melvill
253  277.22   68.03    0.00    0.00  3   7.480   6.660   0.820    Amitoke_Pen_Melville
254  274.64   69.51    0.00    0.00  1  10.170  10.170   0.000    Baker_Bay_Melville_P
255  274.70   69.66    0.00    0.00  1   9.990   9.990   0.000    Brevoort_R_Melville_
256  277.83   67.86    0.00    0.00  3   7.750   7.010   0.740    C_Jermain_Melville_P
257  275.36   68.88    0.00    0.00  1   7.800   7.800   0.000    Garry_Bay_Melville_P
258  277.14   68.61    0.00    0.00  2   7.390   7.080   0.310    Kingora_R_Melville_P
259  276.94   69.27    0.00    0.00  3   7.080   6.060   1.020    Lailor_Lake-Igloolik
260  275.77   69.77    0.00    0.00  2   7.380   7.170   0.210    Purfur_Cove_Melville
261  273.30   66.73    0.00    0.00  7   8.000   7.350   0.650    Repulse_B_Melville_P
262  274.25   68.21    0.00    0.00  1   7.300   7.300   0.000    Selkirk_B_Melville_P
263  294.43   47.67    0.00    0.00  2  14.960  14.180   0.780    Acadian_Peninsula_NB
264  293.52   48.01    0.00    0.00  7  16.520  12.940   3.580    Baie_des_Chaleurs_W_
265  295.72   45.78    0.00    0.00  41   6.220   0.780   5.440    Moncton-Baie_Verte_N
266  293.89   45.23    0.00    0.00  10  15.650  13.580   2.070    Saint_John_NB
267  293.42   45.12    0.00    0.00  2  15.260  14.650   0.610    Passamaquoddy_Bay_NB
268  292.26   44.61    0.00    0.00  63  15.980   0.230  15.750    Addison-Eastport_ME
269  290.76   44.12    0.00    0.00  25  15.140   0.500  14.640    Penobscot_Bay_ME
270  290.68   44.98    0.00    0.00  10  15.590  13.370   2.220    Bangor_ME
271  290.17   43.74    0.00    0.00  50  15.780   0.630  15.150    Portland_ME
272  290.40   44.65    0.00    0.00  2  13.980  13.800   0.180    Waterville_ME
273  289.15   42.93    0.00    0.00  4   7.720   2.860   4.860    New_Hamshire
274  289.96   41.71    0.00    0.00  20  12.820   0.250  12.570    Barnstable_Marsh_MA
275  290.02   42.63    0.00    0.00  20  16.970   1.170  15.800    Boston_MA
276  287.38   40.91    0.00    0.00  3   8.650   4.340   4.310    New_York
277  304.38   51.37    0.00    0.00  4  12.570   0.800  11.770    St._Anthony-Ten_Mile
278  302.57   50.31    0.00    0.00  4  15.010   1.080  13.930    Port_au_Choix_NF
279  302.25   49.45    0.00    0.00  4  14.530  12.210   2.320    Bonne_B_NF
280  301.89   49.48    0.00    0.00  4  15.740  13.700   2.040    Trout_R_NF
281  301.58   49.11    0.00    0.00  7  16.100  12.330   3.770    Bay_of_Islands_NF
282  301.48   48.44    0.00    0.00  12  16.100   0.350  15.750    Stephenville-Port_au
283  301.20   48.26    0.00    0.00  2  15.860  15.740   0.120    Robinsons_Head-Highl
284  300.74   47.63    0.00    0.00  1   1.060   1.060   0.000    Port_aux_Basques-Cod
285  303.89   49.42    0.00    0.00  2  14.040  13.460   0.580    Baie_Verte_Peninsula
286  303.18   49.86    0.00    0.00  1  13.060  13.060   0.000    White_Bay_NF
287  304.44   49.06    0.00    0.00  1  13.550  13.550   0.000    Notre_Dame_Bay_NF
288  306.12   49.43    0.00    0.00  2  13.580   3.170  10.410    Musgrave_Harbour_NF
289  306.13   49.03    0.00    0.00  2  14.530  14.040   0.490    Bonavista_Bay_NF
290  305.83   47.87    0.00    0.00  1   7.900   7.900   0.000    Placentia_Bay_NF
291  304.38   47.46    0.00    0.00  1   1.610   1.610   0.000    Hermitage_Peninsula_
292  304.20   47.86    0.00    0.00  4   9.150   7.010   2.140    Bay_dEspoir_NF
293  302.05   47.62    0.00    0.00  1   9.630   9.630   0.000    Connoire_Bay_NF
294  301.67   47.75    0.00    0.00  1   7.170   7.170   0.000    La_Poile_Bay_NF
295  296.65   44.67    0.00    0.00  16  16.520   0.790  15.730    Halifax_NS
296  300.10   43.99    0.00    0.00  3   9.020   4.360   4.660    Sable_Island_NS
297  299.47   46.22    0.00    0.00  1   1.400   1.400   0.000    Cape_Breton_Island_N
298  296.45   45.83    0.00    0.00  1   1.390   1.390   0.000    Northumberland_Strai
299  295.29   45.36    0.00    0.00  3  16.340  14.280   2.060    Fundy_Head_NS
300  294.05   44.49    0.00    0.00  1  16.580  16.580   0.000    Digby_NS
301  295.77   46.87    0.00    0.00  2  14.850  14.540   0.310    Prince_Edward_Island
302  257.53   72.93    0.00    0.00  2  11.590  11.590   0.000    C_Richard_Collinson_
303  258.03   72.83    0.00    0.00  2  11.680  10.820   0.860    Hollist_Pt_Prince_of
304  259.10   73.46    0.00    0.00  1  11.720  11.720   0.000    Drake_B_Prince_of_Wa
305  260.53   73.07    0.00    0.00  1  10.680  10.680   0.000    Smith_B_Prince_of_Wa
306  260.50   73.65    0.00    0.00  2  12.830  12.130   0.700    Arabella_B_Prince_of
307  260.71   73.93    0.00    0.00  1   0.510   0.510   0.000    Russell_Island_NW_NU
308  261.77   73.92    0.00    0.00  1  10.490  10.490   0.000    Russell_Island_SE_NU
309  261.72   73.75    0.00    0.00  1  10.880  10.880   0.000    Allen_L_Prince_of_Wa
310  262.46   73.82    0.00    0.00  3  11.150  10.380   0.770    C_Hardy_Prince_of_Wa
311  263.42   73.58    0.00    0.00  3  10.630   3.860   6.770    Browne_B_Prince_of_W
312  262.97   72.97    0.00    0.00  3  10.460   0.190  10.270    Prescott_Island_NU
313  261.72   72.67    0.00    0.00  1  10.090  10.090   0.000    Dolphin_R_Prince_of_
314  262.17   72.17    0.00    0.00  1  10.320  10.320   0.000    Fisher_L_Prince_of_W
315  262.65   71.59    0.00    0.00  1   9.660   9.660   0.000    Guillimard_B_Prince_
316  263.45   72.09    0.00    0.00  1   9.970   9.970   0.000    Transition_B_Prince_
317  262.60   74.56    0.00    0.00  1  10.230  10.230   0.000    Lowther_Island_NU
318  246.08   77.73    0.00    0.00  2  12.450  12.310   0.140    Brock_Island_NT
319  296.15   49.64    0.00    0.00  15  17.070  12.940   4.130    Anticosti_Island_Eas
320  295.63   49.92    0.00    0.00  2  11.150   0.430  10.720    Anticosti_Island_Wes
321  294.88   50.29    0.00    0.00  2  11.880  10.840   1.040    Romaine_River_QC
322  291.81   49.22    0.00    0.00  1  10.380  10.380   0.000    Baie-Comeau_QC
323  288.17   48.43    0.00    0.00  6  11.900  10.400   1.500    Lac_St_Jean_QC
324  293.80   50.30    0.00    0.00  2  10.210   1.400   8.810    Sept-Iles_QC
325  290.28   48.10    0.00    0.00  17  13.720   1.080  12.640    Tadoussac_QC
326  295.50   48.07    0.00    0.00  11  15.010  11.750   3.260    Bonaventure_QC
327  294.13   48.17    0.00    0.00  11  16.330  13.190   3.140    New_Richmond_QC
328  294.96   49.22    0.00    0.00  12  15.330   5.540   9.790    Gaspesie_E_QC
329  295.58   48.99    0.00    0.00  1  14.890  14.890   0.000    Forillon_Peninsula_Q
330  294.05   49.22    0.00    0.00  17  15.280   1.060  14.220    Mont_St-Pierre_QC
331  293.51   49.12    0.00    0.00  2  14.890  13.680   1.210    Sainte-Anne-des-Mont
332  292.44   48.84    0.00    0.00  9  15.740   4.010  11.730    Matane_QC
333  291.15   48.30    0.00    0.00  11  15.730   6.320   9.410    Rimouski_QC
334  289.52   47.02    0.00    0.00  42   7.200   0.250   6.950    Montmagny_QC
335  290.44   47.84    0.00    0.00  13  14.590   0.320  14.270    Rivire-du-Loup_QC
336  287.83   46.17    0.00    0.00  4  13.680  13.270   0.410    Drummondville_QC
337  286.48   44.61    0.00    0.00  3  13.920  13.630   0.290    Lake_Champlain_USA
338  285.85   45.02    0.00    0.00  7  14.620  12.010   2.610    Mont_Saint_Hilaire_Q
339  288.70   46.85    0.00    0.00  8  14.530   0.680  13.850    Quebec_City_QC
340  287.58   46.57    0.00    0.00  4  13.550  12.940   0.610    Trois-Riviere_N_QC
341  284.05   45.73    0.00    0.00  3  14.280  13.430   0.850    Ottawa_NE_ON_QC
342  283.50   45.61    0.00    0.00  2  13.310  12.660   0.650    Petawawa_ON_QC
343  285.93   45.01    0.00    0.00  2  13.280  12.180   1.100    Prescott_ON
344  264.68   73.89    0.00    0.00  2  10.790  10.510   0.280    Cape_Anne_Somerset_I
345  266.67   73.98    0.00    0.00  2  10.260  10.030   0.230    Cunningham_Inlet_Som
346  269.38   73.93    0.00    0.00  1  10.300  10.300   0.000    Rodd_Bay_Somerset_I_
347  266.40   72.85    0.00    0.00  2  10.460  10.370   0.090    Creswell_Bay_Somerse
348  266.30   72.45    0.00    0.00  2  10.460  10.260   0.200    Fort_Ross_Somerset_I
349  265.65   72.78    0.00    0.00  1  10.330  10.330   0.000    Stanwell-Fletcher_La
350  245.50   73.30    0.00    0.00  3  14.770  13.190   1.580    Richard_Collinson_In
351  242.07   70.81    0.00    0.00  1  12.820  12.820   0.000    Holman_Victoria_I_NT
352  241.87   71.13    0.00    0.00  1  13.310  13.310   0.000    C_Wollaston_Victoria
353  243.63   70.65    0.00    0.00  1  10.880  10.880   0.000    Graveyard_B_Victoria
354  245.48   70.69    0.00    0.00  2  11.590  11.020   0.570    Page_Pt_Victoria_I_N
355  247.40   70.65    0.00    0.00  1  12.090  12.090   0.000    Kuuk_R_Victoria_I_NT
356  247.47   70.15    0.00    0.00  4  12.210  10.220   1.990    PAS-2_Victoria_I_NT
357  243.42   70.16    0.00    0.00  2  11.840  11.720   0.120    C_Back_Victoria_I_NT
358  244.27   70.22    0.00    0.00  4  12.090  11.220   0.870    PAS-1_Victoria_I_NT
359  242.72   70.03    0.00    0.00  12  12.940  11.590   1.350    C_Baring_Victoria_I_
360  243.45   69.67    0.00    0.00  1  12.450  12.450   0.000    Penny_B_Victoria_I_N
361  244.53   69.34    0.00    0.00  4  11.160   2.040   9.120    Pt_Caen_Victoria_I_N
362  247.55   69.07    0.00    0.00  1  10.440  10.440   0.000    Read_I_Victoria_I_NU
363  246.57   68.72    0.00    0.00  1   3.620   3.620   0.000    Cache_Pt-Lady_Frankl
364  250.17   70.10    0.00    0.00  1  10.950  10.950   0.000    Washburn_L_Victoria_
365  251.10   69.10    0.00    0.00  2  10.720  10.420   0.300    Byron_Bay_Victoria_I
366  255.10   69.88    0.00    0.00  2   9.370   9.270   0.100    Ekalluk_R_Victoria_I
367  252.12   72.62    0.00    0.00  1  11.110  11.110   0.000    Storkerson_Pen_NW_Vi
368  249.92   72.37    0.00    0.00  3  13.800   8.060   5.740    Wynniatt_B_Victoria_
369  237.73   48.83    0.00    0.00  12  15.380   0.470  14.910    Washington_NE
370  235.37   48.37    0.00    0.00  2   1.660   1.170   0.490    Washington_NW
