KEY  LON  LAT  LON_lim  LAT_lim  num_datapoint  oldest_age  youngest_age length_age
1407  273.89   71.78    0.28    0.11  17   8.775   0.116   8.659
4101  287.46   41.27    1.14    0.14  33   7.660   0.128   7.532
1621  290.13   60.88    0.36    0.32  34   7.886   0.259   7.627
4080  293.04   45.09    0.78    0.57  14  15.644   0.652  14.992
4091  289.15   42.58    0.69    0.48  15   7.850   0.137   7.713
4118  284.89   38.74    0.15    0.15  23   8.284   0.137   8.147
4050  289.53   47.07    0.86    0.76  121  12.874   0.101  12.773
4034  290.30   48.12    0.22    0.16  44  13.121   0.639  12.482
4074  296.58   44.66    1.29    0.84  26  16.388   0.005  16.383
4099  287.47   41.27    0.18    0.01  25   7.021   0.134   6.887
1301  266.12   72.27    0.61    0.27  4   9.907   0.830   9.077
1633  282.55   55.46    1.96    0.70  35   8.199   0.087   8.112
1132  284.33   78.90    1.13    0.10  13   8.424   0.598   7.826
1623  285.86   62.21    0.93    0.33  32   9.991   0.601   9.390
4112  286.76   40.84    1.52    0.43  15   8.997   0.259   8.738
4123  283.63   38.64    0.34    0.97  32  10.523   0.139  10.384
1647  276.28   64.56    3.35    1.05  23   8.297   0.601   7.696
1643  265.47   58.54    2.48    1.63  10   8.568   0.162   8.406
1484  280.76   69.05    0.00    0.00  1   0.600   0.600   0.000
4015  304.17   47.51    0.00    0.00  1   0.677   0.677   0.000
4111  286.49   40.65    0.00    0.00  1   0.259   0.259   0.000
1619  290.00   59.34    0.71    1.43  20   8.170   0.351   7.819
4006  306.10   49.40    0.57    0.17  9  13.440   0.178  13.262
4051  290.47   47.82    0.66    0.52  24  13.489   0.340  13.149
1684  236.19   69.78    2.07    0.84  9  13.411   0.594  12.817
1610  298.54   56.65    0.98    1.20  23   8.515   0.947   7.568
4098  288.11   41.34    0.09    0.04  3   2.978   0.128   2.850
1174  271.05   80.37    2.42    0.28  7   9.379   0.358   9.021
4001  304.20   51.48    1.36    0.56  37  11.504   0.241  11.263
2009  289.38   76.78    0.59    0.29  3   9.945   0.920   9.025
4116  285.37   39.23    0.09    0.12  5   2.530   0.137   2.393
4117  285.62   39.66    0.61    1.26  17   9.140   0.137   9.003
1246  258.70   76.81    0.01    0.00  2   2.732   0.803   1.929
4014  304.52   46.93    0.18    0.02  3   9.007   0.867   8.140
4064  295.72   45.78    0.00    0.00  19   2.957   0.372   2.585
1316  262.62   73.81    0.70    0.14  6  10.823   0.707  10.116
1634  282.01   54.42    8.12    6.92  97   8.556   0.115   8.441
4094  289.45   41.57    1.03    0.60  23  10.441   0.238  10.203
1663  267.65   70.15    0.22    0.33  4   9.652   0.777   8.875
1410  274.39   72.64    0.27    0.13  6   7.877   0.607   7.270
1628  282.26   60.38    2.23    0.72  9   8.260   0.307   7.953
1642  266.34   56.61    2.11    1.01  15   8.402   0.637   7.765
1461  291.69   63.59    1.33    0.41  21   9.875   0.522   9.353
4030  295.25   50.28    2.04    0.13  11   8.831   0.801   8.030
1613  296.38   59.06    0.41    0.26  7  11.068   0.130  10.938
1313  262.88   72.83    0.72    0.28  8   9.860   0.320   9.540
1404  273.17   72.73    0.27    0.04  8  10.145   0.822   9.323
1645  264.86   63.85    8.47    2.00  6   7.239   0.590   6.649
1329  253.66   69.49    2.22    0.27  11   9.391   0.973   8.418
1302  266.41   72.82    1.01    0.21  9  10.114   0.666   9.448
4087  290.08   43.67    1.76    1.12  39  10.438   0.476   9.962
4026  302.67   51.45    0.79    0.18  29  11.424   0.520  10.904
1347  241.16   71.71    0.69    0.32  18  13.032   0.822  12.210
4086  289.43   43.30    0.01    0.03  14   5.058   0.246   4.812
1146  272.46   76.40    0.13    0.03  11  10.404   0.067  10.337
1258  239.97   76.62    5.60    1.42  7  13.348   0.583  12.765
4085  290.17   43.72    0.40    0.12  21  10.438   0.578   9.860
1405  273.73   72.41    0.07    0.07  13  10.027   0.405   9.622
1447  294.56   67.74    0.45    0.40  7   9.908   0.458   9.450
1235  262.49   74.57    0.18    0.05  5  10.401   0.481   9.920
1337  242.74   69.98    0.28    0.27  22  12.786   0.152  12.634
1414  279.37   73.03    0.00    0.00  12   2.333   0.784   1.549
1336  243.20   69.66    0.65    0.13  14  12.213   0.174  12.039
1340  246.53   70.24    1.35    0.13  12  11.729   0.593  11.136
4109  287.54   41.03    0.29    0.02  2   8.347   0.801   7.546
1226  266.51   76.33    1.23    0.21  8   9.187   0.641   8.546
4093  289.13   41.38    0.28    0.24  9  10.534   0.853   9.681
1678  244.81   67.85    2.40    0.49  15  11.142   0.760  10.382
4025  302.67   50.66    1.01    0.65  29  14.683   0.601  14.082
4067  297.44   46.13    0.86    0.85  9  12.393   0.831  11.562
1305  265.18   74.05    0.13    0.06  7  10.563   0.445  10.118
1604  302.51   54.44    0.98    0.39  23   9.505   0.787   8.718
1130  283.81   79.11    0.73    0.18  11   7.789   0.676   7.113
1667  262.28   68.79    0.57    0.24  2   8.181   0.377   7.804
4105  286.04   41.23    0.00    0.00  5   3.961   0.744   3.217
1488  279.70   69.59    0.22    0.20  7   3.939   0.590   3.349
1252  254.25   75.44    0.52    0.81  3  10.539   0.523  10.016
4081  292.46   44.65    0.37    0.08  15   4.706   0.154   4.552
1609  299.38   55.72    0.80    0.43  4   8.850   0.465   8.385
1322  260.24   73.20    0.70    0.23  10  10.450   0.141  10.309
1644  265.00   61.35    2.25    1.62  11   7.634   0.654   6.980
1408  274.55   71.78    0.43    0.17  10   7.204   0.282   6.922
1455  293.56   66.41    0.28    0.30  4   9.514   0.756   8.758
1180  268.38   78.23    0.52    0.09  5   9.408   0.935   8.473
1653  278.02   68.69    1.57    0.19  4   5.599   0.666   4.933
1654  278.18   69.31    1.41    0.19  9   5.820   0.843   4.977
1341  247.24   70.59    0.71    0.07  16  11.387   0.722  10.665
1175  272.53   79.51    0.05    0.02  5   8.441   0.453   7.988
1635  282.30   53.54    1.52    1.20  13   8.556   0.328   8.228
1133  285.32   78.64    0.91    0.29  29   9.735   0.706   9.029
1449  295.97   67.54    0.03    0.04  3  11.077   0.635  10.442
4089  289.23   42.73    0.44    0.09  7   7.850   0.731   7.119
1342  245.98   70.69    1.13    0.09  11  10.956   0.734  10.222
4120  284.65   39.06    0.22    0.20  9   8.653   0.230   8.423
4077  293.93   44.44    0.89    0.50  13  16.911   0.866  16.045
4068  298.15   47.28    0.46    0.21  12  13.077   0.387  12.690
1452  297.05   66.58    0.00    0.00  1   0.991   0.991   0.000
4007  306.41   48.93    0.52    0.70  12  14.446   0.936  13.510
4092  289.65   41.70    0.07    0.10  7   4.096   0.735   3.361
1331  251.14   69.10    2.08    0.27  3  10.390   0.511   9.879
1253  249.17   74.70    3.93    0.51  14  13.315   0.604  12.711
1251  253.67   76.05    0.00    0.00  1   0.703   0.703   0.000
1312  261.57   72.80    0.29    0.25  4   9.860   0.599   9.261
4110  286.44   40.87    1.22    0.15  9   8.997   0.693   8.304
1419  279.12   71.88    0.03    0.00  2   2.302   0.642   1.660
4049  289.13   46.86    0.12    0.29  7  12.842   1.144  11.698
4083  292.22   44.54    0.64    0.25  24  11.026   1.128   9.898
4052  291.31   48.36    0.81    0.38  35  14.762   1.156  13.606
1640  277.02   54.81    2.37    0.40  4   6.374   1.112   5.262
1601  303.19   51.54    0.47    0.28  26  13.250   1.034  12.216
4082  291.99   44.43    0.01    0.00  10  11.026   1.408   9.618
4108  286.05   41.06    0.11    0.89  28  10.863   1.313   9.550
1158  275.07   78.85    2.66    0.20  7   8.678   1.063   7.615
4100  287.09   41.24    0.17    0.14  8   7.660   1.066   6.594
1676  248.35   67.66    1.26    0.05  3  10.458   1.758   8.700
1335  244.10   69.33    0.84    0.13  26  10.846   1.069   9.777
1606  299.75   53.48    0.63    0.46  8   8.258   1.064   7.194
4063  295.62   45.82    1.19    0.45  24  10.133   1.493   8.640
4115  285.72   39.51    0.33    0.39  12   9.872   1.335   8.537
1652  277.43   68.34    0.04    0.11  2   6.876   1.475   5.401
4075  296.14   45.35    1.28    0.61  26  15.297   1.166  14.131
1612  297.01   58.58    0.57    0.37  8   8.698   1.576   7.122
1418  278.85   72.06    0.28    0.03  5   8.206   1.936   6.270
1476  290.27   62.76    0.58    0.32  14   8.749   1.193   7.556
1687  226.07   70.05    6.50    1.00  10  10.761   1.987   8.774
4106  286.10   41.04    0.02    0.07  11   7.728   1.313   6.415
1686  227.18   69.32    7.44    1.82  35  16.911   1.081  15.830
1314  263.00   73.07    0.40    0.14  8  10.253   1.258   8.995
1602  304.25   52.42    0.00    0.00  1   1.135   1.135   0.000
1422  280.79   71.97    0.63    0.05  3   9.132   1.975   7.157
1249  249.96   75.68    3.87    0.32  5  11.617   1.069  10.548
4088  289.37   42.92    0.40    0.41  21  15.736   1.493  14.243
1304  266.37   74.03    0.57    0.15  5   9.907   1.325   8.582
1672  252.70   67.86    2.50    1.29  12   9.922   1.946   7.976
4090  288.94   42.34    0.12    0.23  8   6.492   1.188   5.304
1339  244.67   70.26    0.67    0.06  16  11.578   1.017  10.561
1495  272.22   70.91    0.88    0.08  5   9.484   1.909   7.575
1234  264.30   74.62    0.23    0.05  4   9.918   1.294   8.624
4065  296.15   46.57    1.64    1.13  12  14.904   1.495  13.409
1333  246.78   68.65    0.39    0.27  15  10.420   1.058   9.362
1204  267.76   76.56    0.89    0.12  5   9.042   1.799   7.243
1617  294.07   58.77    0.29    0.31  9   8.114   1.452   6.662
1415  279.55   72.81    0.32    0.17  19  10.038   1.459   8.579
1605  301.49   54.17    1.09    0.23  4   7.611   1.986   5.625
1203  266.50   76.79    0.07    0.05  2   9.264   1.045   8.219
1466  294.44   62.90    0.95    0.40  15  12.354   1.433  10.921
4103  286.06   41.41    0.00    0.00  6   6.882   1.352   5.530
1622  287.32   61.94    0.92    0.60  13   9.350   1.186   8.164
1603  302.85   53.65    1.33    0.90  6  11.214   1.473   9.741
4079  293.86   45.21    0.41    0.20  21  15.753   1.810  13.943
1625  284.15   62.21    0.91    0.31  24   8.704   1.508   7.196
1229  265.11   76.12    0.01    0.00  2   4.983   1.232   3.751
1406  273.54   72.20    0.03    0.03  5   9.758   1.712   8.046
4019  300.70   47.73    0.16    0.24  8  16.749   1.121  15.628
1632  283.51   56.65    0.52    1.00  27   8.285   1.354   6.931
1326  255.67   71.38    0.00    0.00  1   1.862   1.862   0.000
4053  292.29   48.77    0.91    0.39  27  15.068   1.999  13.069
4119  284.52   39.30    0.16    0.19  6   7.714   1.289   6.425
1502  270.48   71.38    0.75    0.11  6   9.286   1.887   7.399
4003  303.21   49.82    0.04    0.06  3  13.053   1.244  11.809
1483  284.86   69.20    1.37    0.27  6   6.775   1.749   5.026
1306  265.08   72.82    1.27    0.20  7   9.997   1.873   8.124
1630  282.65   57.87    2.22    1.13  5   7.828   1.645   6.183
4122  283.90   39.00    0.00    0.00  1   1.103   1.103   0.000
1413  277.03   73.66    0.13    0.07  5   9.405   1.214   8.191
1624  285.75   62.67    0.24    0.01  3   7.990   1.814   6.176
1220  268.01   74.92    0.30    0.16  18   9.936   1.318   8.618
4076  294.64   43.96    1.85    0.53  5  14.574   1.298  13.276
4028  296.54   49.55    2.19    0.73  29  16.022   1.015  15.007
4121  284.63   39.11    0.24    0.33  9   8.653   1.886   6.767
1159  277.66   78.64    1.91    0.97  11   8.230   1.715   6.515
1225  267.48   76.08    0.36    0.12  9   8.752   1.310   7.442
4021  301.22   48.57    0.74    0.30  45  16.270   1.264  15.006
1231  265.30   75.38    0.00    0.00  1   1.604   1.604   0.000
1680  246.03   68.43    0.00    0.00  1   1.650   1.650   0.000
1607  299.80   54.77    0.95    0.28  5   8.522   1.003   7.519
1250  251.65   76.07    1.87    0.63  9  11.321   2.092   9.229
1201  264.62   77.01    0.26    0.10  5   9.414   2.618   6.796
1212  275.43   75.66    0.29    0.14  15  10.696   2.533   8.163
1498  274.28   71.13    0.18    0.01  5   4.563   2.042   2.521
1202  265.62   76.90    0.76    0.10  6   9.498   2.184   7.314
1358  235.31   71.93    1.94    1.40  12  12.645   2.306  10.339
1666  264.03   70.41    0.74    0.07  3   9.455   2.105   7.350
4024  302.23   49.94    0.27    0.27  12  14.690   2.817  11.873
1453  295.07   65.78    1.04    1.01  8  10.657   2.623   8.034
1451  297.23   67.00    0.00    0.00  1   2.612   2.612   0.000
1614  296.16   59.34    0.39    0.06  4  10.114   2.563   7.551
1496  273.44   70.94    0.22    0.05  2   7.909   2.540   5.369
1350  245.92   73.08    0.75    0.66  8  13.055   2.203  10.852
1144  274.94   76.48    0.20    0.25  7  10.146   2.848   7.298
1487  281.29   69.74    0.97    0.46  3   6.224   2.258   3.966
1151  273.27   77.86    1.09    0.06  10   9.295   2.347   6.948
1238  261.37   75.77    3.54    0.48  22  10.557   2.863   7.694
1136  278.28   77.29    2.24    0.31  30  10.320   2.933   7.387
1259  246.31   77.12    0.33    0.03  3  11.129   2.413   8.716
1255  246.53   76.10    0.00    0.00  1   2.413   2.413   0.000
1454  294.25   66.14    0.36    0.03  9   9.773   2.533   7.240
1320  259.87   73.70    0.37    0.17  3   9.635   2.904   6.731
1626  282.24   62.41    0.71    0.44  5   8.072   2.758   5.314
1190  258.75   78.39    4.73    1.30  20  11.404   2.952   8.452
1490  275.10   70.12    0.50    0.01  4   6.855   2.104   4.751
1409  275.56   71.52    0.30    0.19  9   7.608   2.621   4.987
1662  268.32   68.55    3.05    0.96  6   9.531   2.220   7.311
1674  252.43   66.59    0.84    0.52  6   8.891   2.160   6.731
4056  294.74   49.24    0.41    0.04  15  15.291   2.609  12.682
1485  282.31   70.21    0.28    0.14  6   6.305   2.465   3.840
4054  293.70   49.18    0.37    0.08  10  16.563   2.304  14.259
1631  280.79   56.66    0.01    0.00  3   3.077   2.330   0.747
4073  300.02   44.10    0.77    1.07  8  12.983   2.937  10.046
1618  291.42   58.01    1.70    0.57  3   7.414   2.394   5.020
4061  294.79   47.50    1.29    0.81  14  14.833   2.588  12.245
1493  272.92   70.42    1.87    0.32  8   9.636   2.990   6.646
1354  255.11   73.46    0.70    0.51  6  10.488   2.582   7.906
4114  285.71   40.41    0.03    0.04  3   8.625   2.041   6.584
1433  289.68   69.89    0.88    0.38  13   9.410   2.717   6.693
1494  270.80   70.98    0.50    0.17  4   8.826   2.557   6.269
4104  286.06   41.30    0.00    0.00  3   4.649   2.579   2.070
1423  281.67   71.88    0.00    0.00  1   2.734   2.734   0.000
1179  269.36   78.29    0.00    0.00  2   3.940   3.768   0.172
1317  262.06   73.97    0.58    0.09  2  10.126   3.716   6.410
1500  272.54   71.15    0.64    0.23  6   8.356   3.277   5.079
5142  289.70   52.67    0.00    0.30  2   6.016   3.803   2.213
1227  264.82   76.34    0.99    0.15  9   9.209   3.121   6.088
1669  262.22   68.37    0.00    0.00  1   3.594   3.594   0.000
1260  245.95   77.88    0.41    0.25  4  12.255   3.551   8.704
1223  268.26   75.63    0.32    0.06  3   8.739   3.616   5.123
1480  282.96   63.52    0.51    0.16  3   8.569   3.362   5.207
1685  232.17   70.44    0.67    0.37  2  10.888   3.296   7.592
2010  286.88   76.72    0.11    0.01  5  10.033   3.562   6.471
1499  273.64   71.12    0.19    0.13  4   7.581   3.211   4.370
1233  265.14   74.72    0.57    0.14  26  10.210   3.575   6.635
1303  269.14   73.97    0.69    0.08  3  10.049   3.883   6.166
4084  291.15   44.25    0.04    0.30  5   9.271   3.471   5.800
1315  262.20   73.37    1.97    0.40  7  10.316   3.066   7.250
1434  289.97   69.60    0.03    0.16  8   8.717   3.001   5.716
1505  270.35   72.60    0.32    0.26  14  10.861   3.464   7.397
1206  269.43   76.50    0.00    0.00  1   3.887   3.887   0.000
1638  277.18   50.22    2.75    0.57  10   8.464   4.673   3.791
1431  291.21   70.44    0.57    0.57  7  11.387   4.670   6.717
1219  268.68   74.65    0.20    0.12  6  10.525   4.683   5.842
1430  288.52   70.07    0.25    0.20  4   8.162   4.035   4.127
4027  300.66   50.99    1.03    0.93  5   8.052   4.189   3.863
1319  261.43   74.03    0.00    0.00  1   4.218   4.218   0.000
1442  291.63   68.55    0.90    0.07  3   8.487   4.058   4.429
1211  274.35   75.56    0.44    0.03  9   8.757   4.173   4.584
1492  273.25   70.07    0.05    0.01  2   6.207   4.720   1.487
1608  300.36   55.22    2.07    0.01  5   8.133   4.214   3.919
1311  263.15   72.32    0.00    0.00  1   4.977   4.977   0.000
1486  280.75   70.57    0.00    0.00  1   4.847   4.847   0.000
1308  262.16   71.65    1.05    0.07  4   9.233   4.815   4.418
1637  281.68   50.55    1.93    0.48  5   7.729   4.227   3.502
1497  274.84   70.84    0.28    0.17  2   7.519   4.801   2.718
4069  299.14   45.95    1.14    0.83  15  16.807   4.015  12.792
1629  280.04   59.82    0.18    0.05  5   8.012   4.593   3.419
1657  276.02   69.73    0.47    0.09  4   6.954   4.080   2.874
1503  270.15   72.05    0.47    0.18  9  10.326   4.928   5.398
1184  268.12   79.16    1.13    0.05  4   9.025   4.950   4.075
1443  293.33   68.24    0.35    0.65  8  10.158   5.802   4.356
1230  265.44   75.79    0.43    0.02  2   9.277   5.738   3.539
4066  297.49   45.92    1.54    0.03  3  10.590   5.440   5.150
1186  269.16   79.39    0.57    0.07  10   9.726   5.963   3.763
1656  274.78   69.38    0.36    0.31  9   9.420   5.250   4.170
1160  274.67   79.87    2.37    1.05  30   9.655   5.570   4.085
1213  276.15   75.78    0.42    0.03  11  10.521   5.130   5.391
1207  269.51   76.17    2.15    0.50  6  10.304   5.143   5.161
1470  293.65   62.36    0.58    0.40  22  10.727   5.399   5.328
1616  295.18   60.42    0.00    0.00  1   5.822   5.822   0.000
1131  281.20   79.07    0.00    0.00  1   5.937   5.937   0.000
1328  255.00   69.13    0.55    0.07  2   8.469   5.243   3.226
1411  274.96   73.05    0.05    0.00  6  18.880   5.828  13.052
1129  284.62   79.15    1.43    0.24  5   8.194   6.810   1.384
1636  282.51   52.05    0.84    1.41  8   8.023   6.740   1.283
1481  282.02   63.35    0.25    0.31  5   8.019   6.426   1.593
1171  271.38   81.06    2.88    0.09  14   9.832   6.013   3.819
1479  283.46   64.31    0.59    0.08  3   8.646   6.577   2.069
1128  283.02   79.44    1.67    0.35  4   7.097   6.679   0.418
1668  263.70   66.13    0.00    0.00  1   6.604   6.604   0.000
1440  290.55   68.87    0.00    0.00  1   6.908   6.908   0.000
1416  280.20   73.07    0.31    0.41  4  11.053   6.689   4.364
1459  294.93   63.73    0.00    0.00  3   9.785   6.268   3.517
1620  292.11   60.52    0.15    0.07  4   8.352   6.102   2.250
1651  277.59   68.11    0.00    0.00  1   6.404   6.404   0.000
4017  302.21   47.62    0.31    0.00  3  10.932   6.516   4.416
1491  273.88   70.12    0.00    0.00  1   6.381   6.381   0.000
1164  278.96   80.41    1.86    0.12  11   9.192   6.630   2.562
1456  292.07   66.63    0.00    0.00  1   6.361   6.361   0.000
1135  278.27   77.60    0.42    0.30  9   9.065   6.053   3.012
1355  239.85   73.85    0.14    0.64  2  11.882   6.528   5.354
1257  240.73   75.67    0.00    0.00  1   6.772   6.772   0.000
1426  285.12   71.38    0.88    0.32  8   9.701   6.126   3.575
1239  260.68   76.31    3.23    0.63  26  10.823   6.324   4.499
4016  304.19   47.89    0.03    0.04  4   9.031   6.877   2.154
1659  274.23   68.27    0.00    0.00  1   6.606   6.606   0.000
1655  274.71   69.69    0.24    0.09  4   9.625   6.448   3.177
1139  280.97   75.88    0.04    0.02  9   9.865   6.836   3.029
1658  275.43   68.87    0.57    0.27  3   7.478   6.727   0.751
1649  273.92   66.56    1.52    0.34  5   7.555   7.119   0.436
1161  279.00   79.66    1.25    0.18  8   9.007   7.722   1.285
1401  272.96   73.78    0.21    0.08  8  10.575   7.670   2.905
1641  271.73   54.48    0.00    0.00  1   7.980   7.980   0.000
4029  295.77   49.84    0.36    0.22  12  16.423   7.316   9.107
1155  275.09   78.18    1.87    0.43  8   9.415   7.739   1.676
1417  278.78   72.31    0.11    0.07  4   8.335   7.427   0.908
4035  288.62   48.46    1.59    0.30  15  10.609   7.836   2.773
1187  268.28   79.35    0.74    0.07  5   8.969   7.666   1.303
1143  275.47   76.72    0.00    0.00  1   7.866   7.866   0.000
4018  301.47   47.68    0.41    0.14  2  12.836   7.249   5.587
1448  295.00   67.38    0.00    0.00  1   7.087   7.087   0.000
1441  291.35   68.71    0.00    0.00  3  10.360   7.643   2.717
4044  286.07   45.59    0.51    0.20  17  13.078   7.608   5.470
4031  293.60   50.23    1.34    0.60  30  12.176   7.379   4.797
1127  285.01   79.52    0.02    0.03  2   7.901   7.682   0.219
1432  291.30   69.95    0.43    0.18  5   9.118   7.327   1.791
4039  284.33   45.49    1.04    0.43  34  13.437   7.132   6.305
1237  261.17   75.26    1.75    0.75  9   9.802   7.107   2.695
4047  287.66   45.97    1.33    0.74  17  13.451   7.747   5.704
1627  280.00   62.00    0.00    0.00  1   7.722   7.722   0.000
1138  280.36   76.31    0.85    0.15  2   9.997   7.234   2.763
4036  289.61   47.49    0.27    0.29  8  12.948   7.152   5.796
1467  282.25   63.95    0.00    0.00  1   7.931   7.931   0.000
1169  275.67   80.52    0.00    0.00  1   7.893   7.893   0.000
4055  294.24   49.22    0.54    0.07  36  15.691   7.381   8.310
1165  281.06   80.60    1.20    0.00  4   9.687   7.819   1.868
1351  249.46   72.75    2.10    0.56  4  13.404   7.672   5.732
4096  288.54   41.46    0.00    0.00  1   7.084   7.084   0.000
1102  275.10   81.91    1.69    0.21  15   9.117   7.583   1.534
1236  263.11   75.37    0.34    0.06  6   9.886   7.719   2.167
1156  273.86   78.27    1.65    0.28  12   9.405   7.613   1.792
1501  271.35   71.31    0.36    0.02  2   8.752   7.162   1.590
1650  277.83   67.87    0.01    0.01  2   7.472   7.079   0.393
1104  274.04   82.25    1.25    0.13  5   9.754   7.853   1.901
1436  291.85   69.30    0.07    0.02  4  10.045   7.838   2.207
1611  296.80   57.99    0.00    0.00  1   7.373   7.373   0.000
1482  286.85   65.32    0.00    0.00  1   7.262   7.262   0.000
1681  243.68   68.72    1.32    0.09  4  11.053   7.751   3.302
4129  284.34   35.83    0.73    0.69  9  11.419   8.154   3.265
1478  288.65   63.08    0.00    0.00  1   8.381   8.381   0.000
3054  237.12   49.15    1.05    0.39  65  15.684   8.108   7.576
4127  284.37   36.06    0.39    0.13  5  11.419   8.595   2.824
1402  274.52   73.82    0.29    0.00  9  10.943   8.979   1.964
1670  257.17   66.90    1.29    0.16  2   8.576   8.220   0.356
3066  236.00   44.40    0.00    0.00  1   8.297   8.297   0.000
1141  277.78   76.83    1.03    0.07  2   9.270   8.908   0.362
1232  263.97   75.03    0.00    0.00  1   8.399   8.399   0.000
3044  232.29   51.13    1.22    0.20  12  13.620   8.018   5.602
1307  261.07   71.95    0.00    0.00  1   8.477   8.477   0.000
1189  262.69   78.48    2.84    0.77  9  11.143   8.174   2.969
1176  272.39   79.41    0.58    0.82  2   8.273   8.127   0.146
1224  268.79   75.76    0.00    0.00  1   8.844   8.844   0.000
1352  252.22   71.94    1.86    0.60  8  11.429   8.543   2.886
3043  232.13   52.00    0.35    0.36  7  13.865   8.655   5.210
1464  293.52   63.06    0.00    0.02  3  10.255   8.904   1.351
4043  285.60   45.44    1.04    0.50  15  13.110   8.495   4.615
1477  289.55   62.62    0.40    0.12  7   8.871   8.078   0.793
1661  269.38   69.11    1.29    0.28  2  10.236   8.425   1.811
4033  291.12   48.83    0.00    0.00  6   9.964   8.366   1.598
1217  271.58   74.75    0.00    0.00  1   8.905   8.905   0.000
1615  295.59   59.91    0.43    0.30  7   9.931   8.679   1.252
1101  273.47   81.97    1.25    0.16  5   9.393   8.284   1.109
1248  254.76   77.46    0.60    0.22  3  11.705   8.721   2.984
3027  225.44   58.36    0.25    0.14  15  14.774   8.031   6.743
3042  228.50   52.56    5.42    0.93  100  14.667   8.234   6.433
3049  234.95   49.93    0.30    0.50  13  14.600   8.673   5.927
1170  274.85   81.08    0.15    0.00  2   9.227   8.638   0.589
4045  286.86   45.39    1.21    0.47  23  12.989   8.126   4.863
4032  291.79   49.27    0.30    0.29  19  11.882   8.191   3.691
1218  269.42   74.90    0.00    0.00  1   8.751   8.751   0.000
1178  270.67   78.34    0.87    0.35  2   9.158   8.876   0.282
1241  257.53   75.57    0.50    0.03  3  10.719   8.640   2.079
1474  292.21   62.22    0.13    0.01  2   8.847   8.035   0.812
5144  289.25   53.51    0.00    0.00  1   8.826   8.826   0.000
1462  291.80   63.24    0.38    0.05  10  10.025   8.303   1.722
1639  275.47   51.93    0.00    0.00  1   8.276   8.276   0.000
3036  229.09   54.46    0.12    0.04  8  14.417   8.895   5.522
1152  274.62   77.29    0.00    0.00  1   8.490   8.490   0.000
3065  236.10   45.50    0.00    0.00  2   9.334   8.745   0.589
1240  259.95   76.45    0.00    0.00  5   8.836   8.114   0.722
3017  215.33   60.29    0.95    0.25  4  14.430   8.508   5.922
1446  294.99   68.05    0.14    0.01  3  10.245   8.891   1.354
1475  291.53   62.27    0.36    0.06  3   9.195   8.297   0.898
1157  273.12   78.57    0.55    0.13  3   9.684   8.769   0.915
4107  285.99   40.74    0.00    0.04  5  10.863   8.521   2.342
1173  268.68   80.83    1.53    0.38  3   8.839   8.047   0.792
3034  226.38   55.44    0.05    0.12  3   9.124   8.788   0.336
1150  270.05   77.27    0.00    0.00  1   8.420   8.420   0.000
3032  226.62   55.91    0.92    0.87  12  10.688   8.169   2.519
1677  246.69   67.66    0.02    0.03  3  10.410   8.304   2.106
3025  224.11   58.97    0.60    0.39  7  15.563   8.663   6.900
1473  292.63   62.13    0.02    0.01  4  10.563   8.548   2.015
4042  285.36   45.12    1.18    0.48  17  13.324   8.378   4.946
1163  277.62   80.12    0.47    0.15  2   8.807   8.542   0.265
3060  236.00   46.90    0.00    0.00  4  10.094   8.343   1.751
1172  270.39   81.22    1.22    0.22  3   9.170   8.769   0.401
3016  215.53   60.21    0.02    0.04  2  17.401   8.513   8.888
1425  285.70   71.90    0.00    0.00  1   8.846   8.846   0.000
3057  236.53   48.48    0.30    0.30  28  14.965   8.575   6.390
3022  222.38   58.61    0.20    0.14  4  10.328   8.255   2.073
3041  227.79   53.73    1.29    1.51  33  18.410   8.202  10.208
3038  229.78   54.32    0.45    0.39  13  14.968   8.524   6.444
4010  311.23   46.14    0.58    2.20  4  14.682   8.312   6.370
1323  258.06   72.99    0.07    0.26  4  10.596   8.738   1.858
1327  254.98   69.95    0.48    0.28  5   9.359   8.563   0.796
1162  278.06   79.94    1.04    0.08  3   8.406   8.090   0.316
1185  269.83   79.27    0.16    0.02  5   9.025   8.037   0.988
4012  305.88   47.03    0.00    0.00  1   8.449   8.449   0.000
4011  306.34   46.99    0.08    0.18  2   8.419   8.408   0.011
1428  287.90   71.56    0.44    0.07  2  10.776   8.434   2.342
4128  284.43   35.46    0.00    0.00  3   9.572   8.154   1.418
1256  244.24   75.66    3.75    0.88  3  13.317   8.735   4.582
1183  266.13   79.02    0.00    0.00  1   8.907   8.907   0.000
1103  278.05   82.03    0.00    0.01  3   9.103   8.338   0.765
1673  252.75   67.34    0.66    0.17  2   8.745   8.710   0.035
1149  271.66   77.03    1.27    0.18  2   9.218   8.266   0.952
3051  237.28   49.14    0.80    0.30  16  14.640   8.170   6.470
1205  269.51   76.77    0.00    0.00  1   8.051   8.051   0.000
3047  234.88   49.06    0.10    0.20  9  13.331   8.385   4.946
1427  287.12   71.35    0.00    0.00  1   8.914   8.914   0.000
3061  237.30   47.87    0.00    0.00  1   8.420   8.420   0.000
1154  275.10   77.56    0.72    0.08  3   8.907   8.447   0.460
1192  265.10   77.67    1.20    0.27  8   9.796   8.069   1.727
1330  251.92   70.30    3.50    0.40  2  10.609   8.631   1.978
1334  246.65   69.19    1.87    0.26  3  10.057   8.116   1.941
1420  279.84   72.45    0.69    0.01  2  10.569   8.008   2.561
4059  293.84   48.12    0.95    0.18  12  14.881   8.293   6.588
1450  295.35   66.95    0.00    0.00  1   8.210   8.210   0.000
1435  291.40   69.49    1.07    0.08  4   9.660   8.887   0.773
3033  226.48   55.62    0.00    0.00  5  14.609   8.165   6.444
3050  235.59   49.44    0.70    0.20  13  14.250   8.114   6.136
3035  228.37   55.39    0.56    0.31  10  15.266   8.544   6.722
3018  216.71   60.16    0.64    0.13  2  16.533   9.489   7.044
1214  276.37   74.57    0.48    0.15  18  10.957   9.040   1.917
1445  294.06   67.93    0.43    0.05  4   9.272   9.090   0.182
1471  293.89   62.08    0.10    0.15  10  10.355   9.042   1.313
1679  244.74   68.38    0.60    0.35  10  12.922   9.917   3.005
1458  293.30   64.78    0.00    0.00  1   9.523   9.523   0.000
3028  225.39   58.30    0.76    0.35  18  14.730   9.327   5.403
1181  267.01   78.59    0.43    0.16  3   9.504   9.369   0.135
1310  263.44   72.11    0.12    0.21  3   9.928   9.371   0.557
1148  271.70   76.47    0.00    0.00  1   9.592   9.592   0.000
1343  243.68   70.65    0.09    0.01  2  10.525   9.701   0.824
1439  290.91   68.96    0.10    0.03  3  10.023   9.117   0.906
1338  243.70   70.18    0.43    0.04  3  11.252   9.276   1.976
1682  241.38   69.15    0.16    0.07  4  12.247   9.547   2.700
1321  259.34   73.38    0.42    0.14  4  11.142   9.815   1.327
1147  272.33   76.66    0.20    0.08  4   9.957   9.117   0.840
1221  268.11   75.16    0.24    0.06  2   9.399   9.262   0.137
1457  293.05   65.45    0.00    0.00  1   9.622   9.622   0.000
4037  287.40   46.52    0.77    0.31  10  13.177   9.505   3.672
1191  258.38   77.75    0.00    0.00  1   9.577   9.577   0.000
1324  257.49   72.83    0.21    0.20  4  11.141   9.279   1.862
1215  274.43   74.69    0.02    0.00  2   9.724   9.654   0.070
1228  264.47   76.58    0.00    0.00  1   9.112   9.112   0.000
3031  226.20   55.96    0.00    0.00  6  10.514   9.456   1.058
1209  270.88   75.44    1.36    0.20  3   9.705   9.341   0.364
1222  267.76   75.39    0.00    0.00  1   9.555   9.555   0.000
1168  279.42   80.72    0.00    0.00  2   9.390   9.077   0.313
1142  276.62   76.62    1.01    0.40  2   9.885   9.486   0.399
1664  266.03   71.29    0.81    0.27  3  10.055   9.965   0.090
1244  257.55   76.07    2.04    0.38  5  10.918   9.333   1.585
1438  292.12   69.02    0.00    0.00  1   9.611   9.611   0.000
1134  283.93   78.53    0.00    0.00  1   9.037   9.037   0.000
1463  293.06   63.08    0.10    0.07  3  10.360   9.719   0.641
1504  270.20   71.77    0.00    0.00  1   9.990   9.990   0.000
1345  241.78   71.09    0.48    0.53  8  12.846   9.501   3.345
1325  254.55   72.13    0.00    0.00  1   9.494   9.494   0.000
1137  282.20   76.80    0.00    0.01  2  10.077   9.692   0.385
1344  242.19   70.75    0.10    0.06  7  12.590   9.378   3.212
3030  227.15   56.68    2.71    1.30  20  14.434   9.112   5.322
1208  269.93   75.79    0.00    0.00  1   9.622   9.622   0.000
1318  261.50   73.69    0.35    0.13  3  10.511   9.555   0.956
1437  292.52   69.18    0.60    0.05  2  11.678   9.008   2.670
4009  307.30   47.57    0.00    0.00  2  10.615   9.200   1.415
1177  271.26   78.35    0.00    0.00  1   9.202   9.202   0.000
1660  271.58   67.82    0.00    0.00  1   9.256   9.256   0.000
1145  273.30   76.52    0.00    0.25  2   9.530   9.146   0.384
1140  278.38   76.49    0.00    0.00  1   9.970   9.970   0.000
1309  262.27   72.19    0.31    0.06  3  10.029   9.352   0.677
1216  273.20   74.62    0.00    0.00  1   9.694   9.694   0.000
1188  261.23   79.75    0.00    0.00  1   9.221   9.221   0.000
4023  302.02   49.49    0.38    0.23  15  15.902   9.065   6.837
1665  264.60   70.96    0.00    0.00  1   9.719   9.719   0.000
3039  231.35   54.12    0.24    0.48  12  11.645   9.990   1.655
3024  224.84   58.09    0.51    0.31  10  14.685   9.354   5.331
4048  288.40   46.71    1.78    0.53  28  13.882   9.901   3.981
1356  243.53   73.50    0.87    0.53  2  12.007  10.639   1.368
3040  229.01   53.63    0.80    0.98  15  17.465  10.316   7.149
1465  293.47   62.90    0.00    0.00  2  10.684  10.268   0.416
1210  272.40   75.43    0.00    0.00  1  10.032  10.032   0.000
4095  292.01   41.58    1.47    0.93  3  12.990  10.518   2.472
4005  304.59   49.39    1.67    0.77  17  15.797  10.425   5.372
1460  295.25   62.82    0.00    0.00  1  10.726  10.726   0.000
4046  286.73   44.41    0.30    0.72  6  13.264  10.431   2.833
4004  303.86   49.65    0.22    0.59  13  14.610  10.820   3.790
3020  219.46   59.75    2.92    0.50  2  10.114  10.067   0.047
1403  274.87   73.63    0.00    0.00  1  10.761  10.761   0.000
1469  292.97   62.67    0.11    0.00  2  10.045  10.043   0.002
4038  283.01   45.88    1.46    0.44  10  13.021  10.284   2.737
3012  212.57   60.94    1.56    0.49  3  11.545  10.732   0.813
1242  255.41   75.09    0.38    0.05  2  10.748  10.344   0.404
3026  224.53   59.25    0.00    0.06  3  12.418  10.871   1.547
1675  250.20   67.78    0.00    0.00  1  10.932  10.932   0.000
1472  295.00   61.78    0.00    0.00  2  10.201  10.038   0.163
4097  288.85   40.50    0.55    0.66  2  12.729  10.110   2.619
1353  252.49   72.82    1.90    0.35  4  11.017  10.106   0.911
1688  220.74   69.41    3.07    0.55  8  14.045  10.178   3.867
1683  239.35   69.51    1.45    0.38  9  12.427  10.483   1.944
1429  288.97   71.19    0.00    0.00  1  10.647  10.647   0.000
1332  248.77   68.83    0.00    0.00  1  10.054  10.054   0.000
1346  243.02   71.44    0.00    0.00  1  11.242  11.242   0.000
1468  295.37   62.45    0.41    0.10  3  12.511  11.305   1.206
3029  224.73   57.05    0.53    0.23  4  12.535  11.625   0.910
1357  239.17   71.72    1.20    0.65  2  12.590  11.798   0.792
4057  295.68   48.92    0.22    0.15  8  15.827  11.148   4.679
4058  294.82   48.11    0.99    0.39  12  14.767  11.202   3.565
4002  304.47   50.78    0.00    0.00  1  11.350  11.350   0.000
4040  284.24   45.12    0.67    0.50  11  12.952  11.550   1.402
1245  255.46   76.59    0.00    0.00  1  11.594  11.594   0.000
4020  301.19   48.23    0.44    0.20  18  16.610  11.809   4.801
3053  236.85   49.67    0.13    0.15  3  12.936  12.616   0.320
1254  245.90   74.90    1.75    0.20  3  13.175  12.023   1.152
3015  215.09   60.33    0.75    0.25  2  12.745  12.101   0.644
1348  241.97   72.26    0.00    0.00  1  12.986  12.986   0.000
3023  223.92   58.29    1.56    0.23  7  14.854  12.880   1.974
1349  243.93   73.12    0.00    0.00  1  12.721  12.721   0.000
3019  218.17   60.00    0.00    0.00  2  14.000  12.625   1.375
4070  297.52   45.68    0.33    0.03  5  16.077  12.473   3.604
4022  301.95   49.06    0.93    0.37  17  16.256  12.449   3.807
4041  284.26   44.63    0.46    0.33  5  14.558  12.460   2.098
3059  237.35   48.10    0.90    0.00  2  14.646  13.625   1.021
3052  237.62   48.60    0.30    0.40  6  14.365  13.307   1.058
4071  298.51   45.34    0.75    0.46  5  14.929  13.086   1.843
3046  234.18   49.10    0.05    0.00  3  15.451  13.433   2.018
4060  293.71   47.97    0.64    0.08  13  14.760  13.034   1.726
4062  295.07   46.72    0.00    0.00  1  14.325  14.325   0.000
4072  301.63   44.42    0.00    0.00  1  14.683  14.683   0.000
3056  236.27   49.07    0.00    0.00  1  14.195  14.195   0.000
4078  294.81   45.49    0.00    0.00  1  15.334  15.334   0.000
4113  289.49   40.12    0.05    0.05  2  17.615  15.918   1.697
3037  228.58   54.43    0.50    0.10  3  15.511  15.081   0.430
3045  233.60   49.40    0.00    0.00  1  15.560  15.560   0.000
