KEY  LON  LAT  LON_lim  LAT_lim  num_datapoint  oldest_age  youngest_age length_age   region_tag(1-NA;2-Greenland;3-FN;4-Antarctica;0-Farfield)
1101  273.25   81.97    1.75    0.18  7   9.393   7.980   1.413   1
1102  275.14   81.91    1.69    0.21  16   9.117   7.583   1.534   1
1103  278.05   82.03    0.00    0.01  4   9.103   7.265   1.838   1
1104  274.23   82.26    1.39    0.13  7   9.754   4.891   4.863   1
1105  284.34   82.69    0.63    0.15  5   9.535   7.810   1.725   0
1106  287.26   82.65    0.32    0.18  16   8.614   4.045   4.569   0
1107  286.20   82.83    0.33    0.16  12  10.022   4.110   5.912   0
1108  285.10   83.04    2.13    0.07  15   9.941   3.168   6.773   0
1109  291.82   82.65    1.36    0.23  27  10.680   2.189   8.491   0
1110  292.89   82.78    1.20    0.23  15   9.940   4.728   5.212   2
1111  295.26   82.79    0.13    0.10  4   8.829   0.731   8.098   2
1112  296.76   82.48    6.67    0.05  14  11.148   0.892  10.256   2
1113  297.15   81.98    1.30    0.25  12   9.249   3.672   5.577   2
1114  294.34   81.72    1.87    0.15  16   8.288   3.340   4.948   2
1115  291.29   81.65    2.16    0.26  10   8.642   3.313   5.329   0
1116  293.05   81.35    1.80    0.10  6   9.170   6.670   2.500   2
1117  290.36   81.19    1.30    0.23  10   7.981   5.796   2.185   0
1118  293.32   81.05    0.09    0.00  2   8.325   7.655   0.670   2
1119  294.62   81.34    1.88    0.42  11   8.909   7.161   1.748   2
1120  292.12   80.92    0.03    0.00  2   7.046   5.659   1.387   0
1121  291.53   80.71    1.33    0.16  5   8.169   6.701   1.468   0
1122  289.57   80.47    0.57    0.11  9   7.447   5.700   1.747   0
1123  289.89   80.22    0.08    0.00  4   8.017   5.499   2.518   0
1124  288.48   80.14    1.15    0.17  6   7.801   7.132   0.669   0
1125  288.63   79.81    0.45    0.15  6   7.960   7.492   0.468   0
1126  286.78   79.75    3.30    0.27  8   7.870   5.538   2.332   0
1127  285.05   79.47    0.12    0.15  3   7.901   6.304   1.597   1
1128  283.08   79.42    2.34    0.35  11   7.334   6.075   1.259   1
1129  284.75   79.16    1.53    0.25  9   8.194   6.810   1.384   1
1130  283.60   79.10    2.48    0.18  37   7.789   0.450   7.339   1
1131  281.68   78.91    0.88    0.30  6   6.879   4.574   2.305   1
1132  284.35   78.90    1.44    0.14  29   8.424   0.571   7.853   1
1133  285.32   78.64    0.91    0.29  37   9.735   0.706   9.029   1
1134  283.93   78.53    0.00    0.00  1   9.037   9.037   0.000   1
1135  278.27   77.62    0.42    0.32  11   9.197   6.053   3.144   1
1136  278.25   77.30    2.24    0.31  42  10.320   2.024   8.296   1
1137  282.20   76.80    0.00    0.01  2  10.077   9.692   0.385   1
1138  280.36   76.31    0.85    0.15  2   9.997   7.234   2.763   1
1139  280.97   75.88    0.04    0.02  9   9.865   6.836   3.029   1
1140  278.38   76.49    0.00    0.00  1   9.970   9.970   0.000   1
1141  277.78   76.83    1.03    0.07  2   9.270   8.908   0.362   1
1142  276.62   76.62    1.01    0.40  2   9.885   9.486   0.399   1
1143  275.47   76.72    0.00    0.00  1   7.866   7.866   0.000   1
1144  274.96   76.46    0.20    0.25  11  10.146   2.848   7.298   1
1145  273.77   76.49    0.98    0.32  5   9.734   5.453   4.281   1
1146  272.49   76.39    0.50    0.05  36  10.404   0.067  10.337   1
1147  272.44   76.61    0.62    0.28  5   9.957   0.659   9.298   1
1148  271.70   76.47    0.00    0.00  1   9.592   9.592   0.000   1
1149  271.51   77.00    1.27    0.18  3   9.218   7.682   1.536   1
1150  270.05   77.27    0.00    0.00  1   8.420   8.420   0.000   1
1151  273.24   77.86    1.09    0.06  18   9.459   2.347   7.112   1
1152  275.07   77.30    0.91    0.01  2   8.490   0.750   7.740   1
1153  277.87   78.09    0.07    0.05  2   7.536   7.519   0.017   1
1154  275.10   77.56    0.72    0.08  3   8.907   8.447   0.460   1
1155  275.35   78.20    1.87    0.55  15   9.415   4.857   4.558   1
1156  273.77   78.26    1.68    0.28  14   9.405   6.079   3.326   1
1157  273.12   78.57    0.55    0.13  3   9.684   8.769   0.915   1
1158  275.26   78.87    2.80    0.31  8   8.678   1.063   7.615   1
1159  277.65   78.62    1.91    0.97  15   8.230   1.715   6.515   1
1160  274.81   79.88    2.44    1.05  43   9.655   0.559   9.096   1
1161  279.04   79.66    1.85    0.18  10   9.007   6.880   2.127   1
1162  277.93   79.94    1.04    0.08  6   8.406   3.372   5.034   1
1163  277.53   80.15    0.50    0.15  3   9.510   8.542   0.968   1
1164  278.96   80.41    1.86    0.12  11   9.192   6.630   2.562   1
1165  280.88   80.60    1.20    0.00  6   9.687   7.819   1.868   1
1166  283.07   80.92    2.10    0.12  9   8.261   3.433   4.828   0
1167  282.63   81.37    2.70    0.57  15   8.618   2.952   5.666   0
1168  279.42   80.71    0.01    0.02  3   9.390   6.586   2.804   1
1169  275.71   80.52    0.08    0.00  2  21.006   7.893  13.113   1
1170  274.84   81.07    0.15    0.03  3   9.227   2.997   6.230   1
1171  271.38   81.06    2.88    0.09  14   9.832   6.013   3.819   1
1172  270.51   81.24    1.22    0.22  5   9.170   5.730   3.440   1
1173  268.56   80.90    1.53    0.38  4   8.839   5.122   3.717   1
1174  271.22   80.37    2.57    0.28  8   9.379   0.358   9.021   1
1175  272.54   79.51    0.05    0.02  10   8.441   0.453   7.988   1
1176  272.39   79.41    0.58    0.82  2   8.273   8.127   0.146   1
1177  271.40   78.32    0.29    0.06  2   9.202   7.803   1.399   1
1178  270.67   78.34    0.87    0.35  2   9.158   8.876   0.282   1
1179  269.41   78.27    0.16    0.06  3   5.861   3.768   2.093   1
1180  268.45   78.21    0.86    0.12  7   9.408   0.935   8.473   1
1181  267.24   78.59    1.29    0.16  5   9.504   5.318   4.186   1
1182  266.72   78.80    0.00    0.00  1   4.960   4.960   0.000   1
1183  266.13   79.02    0.00    0.00  1   8.907   8.907   0.000   1
1184  268.16   79.16    1.13    0.05  5   9.025   4.950   4.075   1
1185  269.83   79.27    0.16    0.02  5   9.025   8.037   0.988   1
1186  269.18   79.39    0.57    0.07  13   9.726   4.720   5.006   1
1187  268.29   79.35    0.74    0.07  6   8.969   7.666   1.303   1
1188  261.23   79.75    0.00    0.00  1   9.221   9.221   0.000   1
1189  262.69   78.48    2.84    0.77  9  11.143   8.174   2.969   1
1190  258.58   78.36    4.73    1.30  25  11.404   0.340  11.064   1
1191  258.38   77.75    0.00    0.00  1   9.577   9.577   0.000   1
1192  265.10   77.67    1.20    0.27  8   9.796   8.069   1.727   1
1201  264.43   77.01    1.47    0.10  8   9.414   0.913   8.501   1
1202  265.68   76.91    0.97    0.11  16   9.498   1.131   8.367   1
1203  266.52   76.79    0.08    0.05  4   9.264   1.045   8.219   1
1204  267.86   76.56    0.89    0.12  10   9.042   1.674   7.368   1
1205  269.51   76.77    0.00    0.00  1   8.051   8.051   0.000   1
1206  269.43   76.50    0.00    0.00  1   3.887   3.887   0.000   1
1207  269.54   76.18    2.20    0.50  8  10.304   3.983   6.321   1
1208  269.93   75.79    0.00    0.00  1   9.622   9.622   0.000   1
1209  271.02   75.45    1.36    0.20  5   9.705   3.270   6.435   1
1210  272.40   75.43    0.00    0.00  1  10.032  10.032   0.000   1
1211  274.34   75.56    0.44    0.05  15   8.757   3.563   5.194   1
1212  275.42   75.66    0.29    0.14  27  10.696   2.533   8.163   1
1213  276.17   75.78    0.45    0.03  15  10.521   3.535   6.986   1
1214  276.37   74.57    0.48    0.15  19  10.957   9.040   1.917   1
1215  274.43   74.69    0.02    0.00  2   9.724   9.654   0.070   1
1216  273.20   74.62    0.00    0.00  1   9.694   9.694   0.000   1
1217  271.58   74.80    0.00    0.09  2   9.414   8.905   0.509   1
1218  269.42   74.90    0.00    0.00  1   8.751   8.751   0.000   1
1219  268.66   74.65    0.20    0.12  8  10.525   1.999   8.526   1
1220  268.01   74.91    0.30    0.16  23   9.936   1.318   8.618   1
1221  268.11   75.16    0.24    0.06  2   9.399   9.262   0.137   1
1222  267.76   75.39    0.00    0.00  1   9.555   9.555   0.000   1
1223  268.11   75.66    0.54    0.10  6   8.739   0.937   7.802   1
1224  268.79   75.76    0.00    0.00  1   8.844   8.844   0.000   1
1225  267.48   76.06    0.62    0.23  15   8.752   0.328   8.424   1
1226  266.60   76.32    1.63    0.21  25   9.187   0.571   8.616   1
1227  265.03   76.31    0.99    0.15  18   9.209   1.355   7.854   1
1228  264.46   76.58    0.02    0.00  2   9.112   7.777   1.335   1
1229  265.11   76.12    0.01    0.00  3   4.983   0.827   4.156   1
1230  265.44   75.79    0.43    0.02  2   9.277   5.738   3.539   1
1231  265.26   75.38    0.08    0.00  2   5.409   1.604   3.805   1
1232  263.91   75.06    0.12    0.05  2   8.399   7.484   0.915   1
1233  265.12   74.72    0.57    0.14  31  10.210   3.575   6.635   1
1234  264.28   74.61    0.23    0.09  5   9.918   1.294   8.624   1
1235  262.45   74.56    0.37    0.12  11  10.401   0.481   9.920   1
1236  263.13   75.37    0.34    0.06  9   9.886   3.424   6.462   1
1237  261.32   75.26    3.05    0.75  14  10.183   1.025   9.158   1
1238  261.35   75.77    3.54    0.49  26  10.557   1.739   8.818   1
1239  260.67   76.30    3.23    0.63  28  10.823   6.324   4.499   1
1240  259.95   76.45    0.00    0.00  5   8.836   8.114   0.722   1
1241  257.67   75.58    0.86    0.07  4  10.719   8.640   2.079   1
1242  255.41   75.09    0.38    0.05  2  10.748  10.344   0.404   1
1243  262.74   75.51    0.03    0.02  3   3.174   2.198   0.976   1
1244  257.60   76.04    2.04    0.38  6  10.918   7.306   3.612   1
1245  256.34   76.43    1.64    0.27  9  11.796   0.828  10.968   1
1246  258.73   76.81    0.08    0.00  3   2.732   0.803   1.929   1
1247  255.97   77.15    0.00    0.00  1  11.453  11.453   0.000   1
1248  254.73   77.43    0.95    0.37  6  11.804   8.721   3.083   1
1249  249.62   75.70    3.87    0.32  6  11.617   1.069  10.548   1
1250  251.65   76.08    1.87    0.63  13  11.321   0.774  10.547   1
1251  253.67   76.05    0.00    0.00  1   0.703   0.703   0.000   1
1252  254.03   75.42    1.85    1.05  11  10.539   0.125  10.414   1
1253  249.32   74.73    3.93    0.64  18  13.315   0.604  12.711   1
1254  245.90   74.90    1.75    0.20  3  13.175  12.023   1.152   1
1255  246.53   76.10    0.00    0.00  1   2.413   2.413   0.000   1
1256  244.63   75.87    3.75    0.92  6  13.317   8.735   4.582   1
1257  240.73   75.67    0.00    0.00  1   6.772   6.772   0.000   1
1258  240.73   76.56    6.20    1.42  15  13.348   0.130  13.218   1
1259  246.31   77.12    0.33    0.03  3  11.129   2.413   8.716   1
1260  245.87   77.84    0.80    0.25  8  12.255   3.551   8.704   1
1301  266.13   72.25    0.64    0.43  15  10.122   0.552   9.570   1
1302  266.40   72.83    1.01    0.21  18  10.114   0.609   9.505   1
1303  269.23   73.96    0.69    0.08  5  10.049   1.513   8.536   1
1304  266.26   74.06    0.82    0.17  7   9.907   1.325   8.582   1
1305  265.12   74.00    0.57    0.41  10  10.563   0.445  10.118   1
1306  264.94   72.81    1.27    0.37  13   9.997   1.873   8.124   1
1307  260.65   71.70    0.97    0.58  5   8.477   1.545   6.932   1
1308  262.26   71.65    1.05    0.09  7   9.413   4.815   4.598   1
1309  262.27   72.19    0.31    0.06  3  10.029   9.352   0.677   1
1310  263.44   72.11    0.12    0.21  3   9.928   9.371   0.557   1
1311  263.36   72.44    0.42    0.23  2   4.977   0.404   4.573   1
1312  261.55   72.77    0.30    0.30  7   9.860   0.599   9.261   1
1313  262.95   72.83    0.72    0.28  11   9.860   0.320   9.540   1
1314  263.04   73.09    0.42    0.19  14  10.253   0.108  10.145   1
1315  262.21   73.36    1.97    0.40  9  10.316   1.123   9.193   1
1316  262.60   73.81    0.70    0.14  9  10.823   0.707  10.116   1
1317  262.19   74.03    0.58    0.21  5  10.126   2.236   7.890   1
1318  261.52   73.73    0.35    0.17  5  10.511   1.448   9.063   1
1319  261.05   73.97    0.72    0.11  8   5.485   0.589   4.896   1
1320  260.31   73.69    1.24    0.17  8  12.088   2.904   9.184   1
1321  259.40   73.38    0.53    0.14  5  11.142   4.408   6.734   1
1322  260.24   73.20    0.70    0.23  10  10.450   0.141  10.309   1
1323  258.22   72.91    0.62    0.31  9  11.654   0.837  10.817   1
1324  257.44   72.87    0.36    0.25  11  11.141   1.310   9.831   1
1325  254.55   72.13    0.00    0.00  1   9.494   9.494   0.000   1
1326  255.67   71.38    0.00    0.00  1   1.862   1.862   0.000   1
1327  254.98   69.95    0.48    0.28  5   9.359   8.563   0.796   1
1328  254.94   69.13    0.55    0.07  4   8.469   1.952   6.517   1
1329  253.69   69.46    2.22    0.27  18   9.391   0.973   8.418   1
1330  251.92   70.30    3.50    0.40  2  10.609   8.631   1.978   1
1331  251.14   69.10    2.08    0.27  3  10.390   0.511   9.879   1
1332  249.30   68.73    1.06    0.20  2  10.054   5.624   4.430   1
1333  246.71   68.64    0.49    0.27  34  10.420   0.282  10.138   1
1334  246.65   69.19    1.87    0.26  3  10.057   8.116   1.941   1
1335  244.15   69.32    0.84    0.13  45  10.846   0.537  10.309   1
1336  243.20   69.65    0.65    0.13  19  12.213   0.174  12.039   1
1337  242.74   69.98    0.30    0.27  40  12.786   0.121  12.665   1
1338  243.48   70.16    0.83    0.11  7  11.252   1.065  10.187   1
1339  244.63   70.26    0.67    0.06  31  11.578   0.600  10.978   1
1340  246.52   70.25    1.35    0.13  15  11.729   0.593  11.136   1
1341  247.22   70.58    0.71    0.10  31  11.594   0.600  10.994   1
1342  246.09   70.69    1.17    0.09  17  10.956   0.734  10.222   1
1343  243.68   70.65    0.09    0.01  2  10.525   9.701   0.824   1
1344  242.17   70.76    0.16    0.08  8  12.724   9.378   3.346   1
1345  241.78   71.06    0.53    0.53  16  12.846   0.372  12.474   1
1346  243.02   71.44    0.00    0.00  1  11.242  11.242   0.000   1
1347  241.17   71.69    0.69    0.32  29  13.032   0.228  12.804   1
1348  241.95   72.25    0.04    0.02  2  12.986  12.682   0.304   1
1349  243.93   73.12    0.00    0.00  1  12.721  12.721   0.000   1
1350  246.01   72.95    0.75    0.72  11  13.055   2.203  10.852   1
1351  249.39   72.70    2.10    0.74  6  13.404   3.422   9.982   1
1352  252.39   71.93    1.86    0.60  12  11.429   0.599  10.830   1
1353  252.35   72.97    1.90    0.59  7  11.489   1.111  10.378   1
1354  254.99   73.56    0.70    0.55  9  10.488   1.246   9.242   1
1355  240.21   73.95    1.15    0.64  3  12.988   6.528   6.460   1
1356  243.11   73.25    1.52    0.76  6  12.466   7.473   4.993   1
1357  239.36   71.83    1.20    0.65  3  12.920  11.798   1.122   1
1358  235.48   71.87    1.94    1.40  18  12.645   2.306  10.339   1
1401  272.95   73.78    0.21    0.08  9  10.575   7.670   2.905   1
1402  274.53   73.82    0.30    0.00  10  10.943   8.979   1.964   1
1403  274.88   73.63    0.01    0.00  2  10.761   7.771   2.990   1
1404  273.20   72.72    0.28    0.05  13  10.145   0.822   9.323   1
1405  273.74   72.41    0.07    0.07  22  10.027   0.405   9.622   1
1406  273.54   72.19    0.04    0.06  19   9.758   0.791   8.967   1
1407  273.89   71.78    0.28    0.11  36   8.775   0.116   8.659   1
1408  274.54   71.78    0.43    0.17  23   7.204   0.282   6.922   1
1409  275.52   71.50    0.33    0.23  26   7.608   0.944   6.664   1
1410  274.39   72.65    0.27    0.13  7   7.877   0.607   7.270   1
1411  274.96   73.05    0.05    0.00  9  20.075   5.828  14.247   1
1412  275.71   73.16    0.14    0.11  2   9.732   7.583   2.149   1
1413  277.03   73.66    0.13    0.07  5   9.405   1.214   8.191   1
1414  279.37   73.03    0.00    0.03  34   3.852   0.619   3.233   1
1415  279.58   72.80    0.32    0.17  39  10.038   1.087   8.951   1
1416  280.65   73.04    3.92    0.41  7  11.053   6.689   4.364   1
1417  278.77   72.30    0.11    0.08  6   8.335   4.025   4.310   1
1418  278.91   72.06    1.06    0.11  16   8.206   0.185   8.021   1
1419  279.11   71.88    0.07    0.01  8   7.139   0.642   6.497   1
1420  279.84   72.45    0.69    0.01  2  10.569   8.008   2.561   1
1421  281.99   72.69    0.06    0.02  3   4.656   0.559   4.097   1
1422  281.08   71.94    0.98    0.13  9   9.132   1.975   7.157   1
1423  282.10   71.78    0.63    0.16  6   7.192   2.734   4.458   1
1424  283.67   71.75    0.00    0.00  1   7.358   7.358   0.000   1
1425  285.73   71.91    0.09    0.02  3   8.846   7.893   0.953   1
1426  285.13   71.36    0.88    0.32  13   9.701   2.848   6.853   1
1427  287.12   71.44    0.00    0.28  3   8.914   5.671   3.243   1
1428  288.14   71.44    0.95    0.40  3  11.387   8.434   2.953   1
1429  288.76   71.20    0.34    0.01  3  11.435   4.793   6.642   1
1430  288.46   70.07    0.42    0.27  9   8.162   4.035   4.127   1
1431  291.16   70.47    0.57    0.57  11  13.378   4.475   8.903   1
1432  291.30   69.95    0.43    0.18  5   9.118   7.327   1.791   1
1433  289.64   69.88    0.88    0.38  17   9.410   2.717   6.693   1
1434  289.98   69.61    0.03    0.16  12   8.717   2.764   5.953   1
1435  291.60   69.50    1.29    0.08  5   9.660   3.958   5.702   1
1436  291.85   69.30    0.07    0.02  4  10.045   7.838   2.207   1
1437  292.52   69.18    0.60    0.05  2  11.678   9.008   2.670   1
1438  291.66   68.98    0.69    0.06  3   9.611   6.211   3.400   1
1439  290.93   68.96    0.10    0.03  5  10.023   3.703   6.320   1
1440  290.65   68.84    0.50    0.16  8   6.908   3.388   3.520   1
1441  291.36   68.74    0.03    0.07  5  10.360   4.116   6.244   1
1442  291.62   68.56    0.90    0.10  8   9.289   4.058   5.231   1
1443  293.28   68.30    0.61    0.69  11  10.158   2.152   8.006   1
1444  292.62   68.20    0.00    0.00  1   5.979   5.979   0.000   1
1445  294.01   67.90    0.43    0.13  5   9.272   5.390   3.882   1
1446  295.06   68.03    0.30    0.10  9  11.507   1.105  10.402   1
1447  294.57   67.68    0.45    0.41  11   9.908   0.458   9.450   1
1448  295.01   67.35    0.04    0.09  3   7.087   5.934   1.153   1
1449  295.98   67.55    0.06    0.06  5  11.077   0.635  10.442   1
1450  295.35   66.95    0.00    0.00  1   8.210   8.210   0.000   1
1451  297.23   67.00    0.00    0.00  1   2.612   2.612   0.000   1
1452  297.05   66.58    0.00    0.00  1   0.991   0.991   0.000   1
1453  295.07   65.81    1.04    1.01  12  10.657   0.815   9.842   1
1454  294.23   66.14    0.36    0.03  12   9.773   2.533   7.240   1
1455  293.50   66.45    0.46    0.34  5   9.514   0.552   8.962   1
1456  292.34   66.59    0.62    0.08  7   6.817   0.602   6.215   1
1457  293.05   65.45    0.00    0.00  1   9.622   9.622   0.000   1
1458  293.30   64.78    0.00    0.00  1   9.523   9.523   0.000   1
1459  294.95   63.67    0.10    0.24  4  10.257   6.268   3.989   1
1460  295.49   63.10    0.48    0.56  2  10.726   0.623  10.103   1
1461  291.63   63.63    1.33    0.41  31   9.875   0.522   9.353   1
1462  291.80   63.24    0.38    0.05  10  10.025   8.303   1.722   1
1463  293.06   63.08    0.10    0.07  3  10.360   9.719   0.641   1
1464  293.52   63.06    0.02    0.02  4  10.436   8.904   1.532   1
1465  293.47   62.90    0.00    0.00  2  10.684  10.268   0.416   1
1466  294.43   62.90    0.95    0.40  19  12.607   1.433  11.174   1
1467  282.25   63.95    0.00    0.00  1   7.931   7.931   0.000   1
1468  295.28   62.46    0.41    0.10  7  13.119  11.305   1.814   1
1469  292.96   62.67    0.11    0.00  2  10.045  10.043   0.002   1
1470  293.66   62.36    0.58    0.40  28  11.031   4.722   6.309   1
1471  293.89   62.08    0.10    0.15  13  10.355   9.042   1.313   1
1472  295.00   61.78    0.00    0.00  2  10.201  10.038   0.163   1
1473  292.63   62.13    0.02    0.01  4  10.563   8.548   2.015   1
1474  292.21   62.22    0.13    0.01  2   8.847   8.035   0.812   1
1475  291.53   62.27    0.36    0.06  3   9.195   8.297   0.898   1
1476  290.35   62.70    0.58    0.35  37   8.749   0.589   8.160   1
1477  289.55   62.62    0.40    0.12  8   8.871   6.981   1.890   1
1478  288.65   63.08    0.00    0.00  1   8.381   8.381   0.000   1
1479  283.50   64.37    0.95    0.57  6   8.646   5.831   2.815   1
1480  282.96   63.52    0.51    0.16  3   8.569   3.362   5.207   1
1481  282.01   63.32    0.25    0.31  6   8.019   6.426   1.593   1
1482  287.65   65.60    1.65    0.71  4   7.485   4.855   2.630   1
1483  284.84   69.25    1.82    0.44  13   7.361   1.634   5.727   1
1484  281.06   69.15    0.56    0.19  4   4.202   0.600   3.602   1
1485  282.32   70.20    1.01    0.37  19   6.305   2.465   3.840   1
1486  280.75   70.57    0.00    0.00  1   4.847   4.847   0.000   1
1487  281.14   69.85    0.97    0.46  17   6.224   0.754   5.470   1
1488  279.75   69.62    0.66    0.28  15   6.768   0.590   6.178   1
1489  276.89   70.02    0.00    0.00  1   2.925   2.925   0.000   1
1490  275.00   70.13    0.60    0.06  8   6.855   2.104   4.751   1
1491  273.88   70.12    0.00    0.00  1   6.381   6.381   0.000   1
1492  273.34   70.04    0.22    0.08  8   6.958   4.720   2.238   1
1493  272.84   70.41    1.87    0.32  11   9.636   1.061   8.575   1
1494  270.82   70.97    0.50    0.32  13   8.826   0.790   8.036   1
1495  272.31   70.92    0.97    0.08  10   9.484   1.909   7.575   1
1496  273.45   70.95    0.26    0.08  8   7.926   2.492   5.434   1
1497  274.98   70.90    0.40    0.20  8   7.519   1.746   5.773   1
1498  274.28   71.12    0.23    0.05  8   4.842   2.042   2.800   1
1499  273.53   71.09    0.54    0.16  7   7.581   3.211   4.370   1
1500  272.50   71.13    0.67    0.25  12   8.356   2.022   6.334   1
1501  271.35   71.31    0.36    0.02  2   8.752   7.162   1.590   1
1502  270.41   71.39    0.75    0.15  8   9.286   1.887   7.399   1
1503  270.12   72.04    0.49    0.18  19  10.326   2.052   8.274   1
1504  270.20   71.77    0.00    0.00  1   9.990   9.990   0.000   1
1505  270.31   72.59    0.34    0.26  21  10.861   2.824   8.037   1
1601  303.21   51.55    0.47    0.28  48  13.250   0.619  12.631   1
1602  304.22   52.70    0.34    0.50  6   5.820   0.981   4.839   1
1603  303.04   53.72    1.33    0.90  14  11.214   0.965  10.249   1
1604  302.51   54.44    0.98    0.41  51   9.505   0.383   9.122   1
1605  301.59   54.19    1.17    0.35  8  11.845   0.679  11.166   1
1606  299.75   53.48    0.63    0.46  13   8.258   0.814   7.444   1
1607  299.83   54.76    0.95    0.28  8   8.522   0.787   7.735   1
1608  300.60   55.21    2.12    0.14  11  11.810   3.505   8.305   1
1609  299.46   55.75    0.80    0.45  8   8.850   0.465   8.385   1
1610  298.54   56.75    1.98    1.20  54   8.515   0.600   7.915   1
1611  297.00   58.07    0.58    0.23  3   7.373   4.722   2.651   1
1612  297.02   58.55    0.57    0.37  15   8.698   1.120   7.578   1
1613  296.37   59.06    0.41    0.26  9  11.068   0.130  10.938   1
1614  296.18   59.34    0.39    0.06  5  10.114   1.252   8.862   1
1615  295.59   59.91    0.43    0.30  7   9.931   8.679   1.252   1
1616  295.18   60.42    0.00    0.00  2   5.822   5.728   0.094   1
1617  294.00   58.74    0.69    0.32  18   8.114   0.308   7.806   1
1618  291.64   58.05    1.70    0.57  5   7.476   2.394   5.082   1
1619  290.03   59.37    0.91    1.43  37   8.170   0.351   7.819   1
1620  292.06   60.50    0.47    0.12  7   8.352   0.978   7.374   1
1621  290.13   60.88    0.43    0.32  79   7.886   0.259   7.627   1
1622  287.25   61.98    0.92    0.62  21   9.350   1.186   8.164   1
1623  285.77   62.19    1.05    0.40  59   9.991   0.376   9.615   1
1624  285.77   62.66    0.28    0.04  6   7.990   1.814   6.176   1
1625  284.18   62.21    1.04    0.37  39   8.704   1.508   7.196   1
1626  282.26   62.19    1.05    1.09  17   8.072   2.368   5.704   1
1627  280.00   62.00    0.00    0.00  3   7.722   6.971   0.751   1
1628  282.23   60.41    2.23    0.73  20   8.260   0.307   7.953   1
1629  280.02   59.83    0.18    0.05  11   8.012   0.836   7.176   1
1630  282.91   57.82    2.88    1.13  14   7.828   1.025   6.803   1
1631  280.79   56.66    0.01    0.00  4   3.077   2.330   0.747   1
1632  283.55   56.57    1.65    1.00  60   8.285   0.558   7.727   1
1633  282.58   55.45    2.38    0.70  87   8.199   0.087   8.112   1
1634  282.38   54.73    9.20    6.92  211   8.556   0.087   8.469   1
1635  282.15   53.63    1.93    1.54  25   8.556   0.328   8.228   1
1636  282.26   51.99    2.17    1.42  15   8.023   0.117   7.906   1
1637  281.64   50.60    1.99    0.61  9   7.729   4.227   3.502   1
1638  277.46   50.27    2.75    0.57  15   8.464   4.631   3.833   1
1639  276.34   51.47    2.25    0.86  4   8.276   4.411   3.865   1
1640  276.25   54.32    4.05    1.88  10   7.814   1.112   6.702   1
1641  272.42   55.24    1.42    1.17  4   7.980   3.212   4.768   1
1642  266.34   56.71    3.55    1.79  38   8.402   0.637   7.765   1
1643  265.58   58.71    3.55    2.08  25   8.568   0.130   8.438   1
1644  265.04   61.37    2.50    1.62  33   7.634   0.654   6.980   1
1645  266.14   63.69   11.99    2.00  20   7.482   0.457   7.025   1
1646  277.00   62.50    0.00    0.00  1   6.375   6.375   0.000   1
1647  276.05   64.57    3.47    1.85  36   8.297   0.601   7.696   1
1648  269.77   66.17    0.00    0.00  1   6.015   6.015   0.000   1
1649  273.71   66.59    1.52    0.34  9   7.729   2.903   4.826   1
1650  277.79   67.88    0.15    0.06  3   7.472   6.765   0.707   1
1651  277.30   68.15    0.50    0.28  3   7.320   6.404   0.916   1
1652  277.39   68.36    0.30    0.11  6   6.876   1.475   5.401   1
1653  277.59   68.66    1.64    0.20  9   7.202   0.666   6.536   1
1654  278.09   69.32    1.73    0.40  31   6.349   0.843   5.506   1
1655  274.70   69.70    0.24    0.09  7   9.625   3.081   6.544   1
1656  274.77   69.37    0.36    0.33  12   9.813   5.250   4.563   1
1657  275.81   69.68    1.23    0.47  7   7.204   4.080   3.124   1
1658  275.22   68.82    0.89    0.35  9   7.478   2.541   4.937   1
1659  274.24   68.24    0.02    0.06  2   6.975   6.606   0.369   1
1660  271.58   67.82    0.00    0.00  1   9.256   9.256   0.000   1
1661  269.32   69.03    1.29    0.39  3  10.236   7.950   2.286   1
1662  267.89   68.62    3.78    1.07  11   9.531   0.927   8.604   1
1663  267.67   70.12    0.22    0.33  5   9.652   0.777   8.875   1
1664  266.03   71.29    0.81    0.27  3  10.055   9.965   0.090   1
1665  264.46   71.10    0.22    0.32  3   9.719   0.151   9.568   1
1666  263.94   70.40    0.74    0.07  4   9.455   2.105   7.350   1
1667  262.53   69.25    2.16    1.25  7   8.181   0.377   7.804   1
1668  263.70   66.13    0.00    0.00  1   6.604   6.604   0.000   1
1669  262.22   68.37    0.00    0.00  1   3.594   3.594   0.000   1
1670  257.17   66.90    1.29    0.16  2   8.576   8.220   0.356   1
1671  254.95   68.13    0.00    0.00  1   5.061   5.061   0.000   1
1672  252.66   67.83    2.50    1.29  15   9.922   1.946   7.976   1
1673  252.75   67.34    0.66    0.17  2   8.745   8.710   0.035   1
1674  252.63   66.63    0.84    0.52  10   8.891   1.423   7.468   1
1675  249.81   67.83    0.78    0.09  2  10.932   4.256   6.676   1
1676  248.55   67.66    1.33    0.05  4  10.473   1.758   8.715   1
1677  246.61   67.66    0.34    0.03  4  11.285   8.304   2.981   1
1678  244.90   67.89    2.40    0.58  30  11.142   0.753  10.389   1
1679  244.74   68.41    0.60    0.37  15  12.922   7.827   5.095   1
1680  246.03   68.43    0.00    0.00  2   1.650   0.707   0.943   1
1681  243.80   68.73    1.52    0.14  9  11.900   6.094   5.806   1
1682  241.41   69.14    0.18    0.07  6  12.247   9.547   2.700   1
1683  239.35   69.51    1.45    0.38  9  12.427  10.483   1.944   1
1684  236.59   69.75    2.15    0.87  21  13.411   0.531  12.880   1
1685  232.39   70.29    0.75    0.47  6  10.888   2.230   8.658   1
1686  227.11   69.36    7.61    1.82  56  22.424   0.526  21.898   1
1687  226.74   70.14    6.50    1.00  23  11.418   0.536  10.882   1
1688  221.16   69.28    3.07    0.78  25  14.045   0.303  13.742   1
2001  302.30   81.90    5.05    0.83  10  11.004   4.874   6.130   2
2002  300.74   81.74    1.39    0.19  22  10.432   3.731   6.701   2
2003  298.85   81.54    0.78    0.53  15   9.280   4.283   4.997   2
2004  295.17   80.28    4.31    1.28  17   9.009   3.965   5.044   2
2005  287.47   78.48    0.75    0.67  10   8.483   0.586   7.897   0
2006  289.68   77.65    0.97    0.35  7   9.659   8.715   0.944   0
2007  293.33   77.50    0.00    0.00  3   9.471   7.642   1.829   2
2008  293.11   77.15    0.14    0.02  10   9.600   5.831   3.769   2
2009  289.40   76.80    0.75    0.30  6  10.169   0.920   9.249   1
2010  286.87   76.72    0.11    0.01  6  10.033   3.562   6.471   1
2011  290.58   76.67    0.01    0.01  4   9.663   9.405   0.258   0
2012  290.27   76.60    0.05    0.00  6  12.200   8.738   3.462   0
2013  291.09   76.52    1.59    0.34  10  11.447   8.890   2.557   2
2014  297.45   75.60    7.90    0.46  2   9.538   2.919   6.619   2
2015  307.33   70.73    0.00    0.00  1   9.584   9.584   0.000   2
2016  305.90   70.47    0.00    0.00  1  10.447  10.447   0.000   2
2017  307.90   70.07    0.00    0.00  3   9.959   6.593   3.366   2
2018  305.31   69.94    0.67    0.76  18  12.361   0.601  11.760   2
2019  306.25   69.33    1.03    0.55  17   9.646   0.875   8.771   2
2020  306.94   69.38    1.47    0.39  15  11.850   0.436  11.414   2
2021  309.02   69.39    2.27    1.13  17   9.884   0.531   9.353   2
2022  309.11   69.20    1.18    1.31  59   9.754   0.663   9.091   2
2023  308.96   68.61    0.81    0.51  49   9.583   0.941   8.642   2
2024  307.67   68.61    1.35    0.15  33  10.360   1.187   9.173   2
2025  307.06   68.47    0.13    0.10  8  10.640   0.197  10.443   2
2026  308.52   67.83    1.93    0.31  4   8.285   4.593   3.692   2
2027  306.49   67.50    0.95    0.77  13  10.167   6.401   3.766   2
2028  306.44   66.84    1.53    0.68  48  10.124   2.534   7.590   2
2029  308.69   67.17    0.90    0.47  9   8.523   1.202   7.321   2
2030  306.41   66.89    2.35    0.19  23   9.174   1.181   7.993   2
2031  307.37   66.97    3.11    0.12  3   8.990   6.477   2.513   2
2032  309.05   66.85    0.80    0.30  16   8.020   0.052   7.968   2
2033  307.93   66.57    0.82    0.27  8   9.633   7.360   2.273   2
2034  306.38   66.42    0.00    0.00  2   8.480   7.010   1.470   2
2035  307.20   65.62    0.25    0.36  6   9.516   6.666   2.850   2
2036  309.67   64.43    0.65    0.50  18   9.811   0.673   9.138   2
2037  308.22   64.32    1.02    0.63  22  11.218   3.933   7.285   2
2038  308.94   63.40    0.99    0.30  8  10.060   8.587   1.473   2
2039  310.46   62.09    0.34    0.13  17  11.354   0.853  10.501   2
2040  313.88   60.80    2.29    0.48  36  11.400   0.265  11.135   2
2041  315.10   60.65    2.01    3.06  40  13.650   0.655  12.995   2
2042  322.72   65.72    0.00    0.00  6  10.990   6.675   4.315   2
2043  332.90   70.70    2.12    0.82  9   9.345   7.079   2.266   2
2044  334.67   71.17    0.00    0.00  1   9.482   9.482   0.000   2
2045  335.45   71.41    3.37    1.38  213  15.374   2.312  13.062   2
2046  336.06   72.09    0.67    0.23  29  10.403   0.687   9.716   2
2047  335.79   72.26    1.43    0.45  21  10.213   6.316   3.897   2
2048  333.92   72.41    0.31    0.02  2   7.486   6.655   0.831   2
2049  333.17   72.72    0.00    0.00  1   7.801   7.801   0.000   2
2050  332.58   73.17    0.00    0.00  1   7.495   7.495   0.000   2
2051  335.20   72.92    0.00    0.00  1   8.327   8.327   0.000   2
2052  335.91   72.65    3.71    0.53  24  10.683   5.767   4.916   2
2053  337.30   72.89    1.45    0.02  2  10.364  10.213   0.151   2
2054  338.57   73.13    0.09    0.05  3  10.389   0.000  10.389   2
2055  337.41   73.44    2.14    0.27  3  10.185   9.395   0.790   2
2056  333.88   73.63    0.69    0.57  2   8.020   4.579   3.441   2
2057  335.46   73.74    0.24    0.06  3   9.541   8.774   0.767   2
2058  335.47   73.81    0.23    0.15  2   8.992   8.707   0.285   2
2059  337.12   73.67    1.07    0.10  2   8.817   6.727   2.090   2
2060  338.38   73.48    0.00    0.00  1   6.797   6.797   0.000   2
2061  339.31   73.67    0.18    0.18  3  11.830   2.061   9.769   2
2062  338.20   73.81    0.92    0.25  7   9.763   6.776   2.987   2
2063  337.68   74.08    0.00    0.00  1   8.781   8.781   0.000   2
2064  338.73   74.10    0.00    0.00  1  10.272  10.272   0.000   2
2065  338.04   74.33    0.18    0.03  2   8.829   8.435   0.394   2
2066  339.59   74.47    0.43    0.22  10  10.027   0.191   9.836   2
2067  339.28   75.22    0.34    0.05  3   9.376   7.729   1.647   2
2068  340.14   75.35    0.66    0.55  9  11.047   6.793   4.254   2
2069  341.08   75.33    0.00    0.00  1   9.884   9.884   0.000   2
2070  339.98   76.97    0.78    0.42  12   9.492   5.957   3.535   2
2071  342.24   77.80    0.40    0.21  5  10.318   7.907   2.411   2
2072  339.23   78.07    1.32    0.18  9   8.102   2.917   5.185   2
2073  340.57   79.21    0.66    0.18  3   9.116   3.847   5.269   2
2074  338.21   79.62    1.59    0.12  34   7.767   4.715   3.052   2
2075  340.87   79.78    0.76    0.09  5   9.715   5.406   4.309   2
2076  339.33   80.09    0.00    0.05  4   7.608   3.451   4.157   2
2077  339.46   80.45    0.63    0.05  3   8.228   7.317   0.911   2
2078  343.93   80.49    0.33    0.03  5   9.290   7.399   1.891   2
2079  345.00   80.83    0.00    0.00  3  10.238   3.646   6.592   2
2080  346.00   81.17    0.00    0.00  4  10.950   9.325   1.625   2
2081  336.73   80.79    2.84    0.66  13   8.143   2.442   5.701   2
2082  343.36   81.59    0.15    0.02  4   8.521   4.522   3.999   2
2083  332.34   81.90    3.51    0.58  3  10.128   4.189   5.939   2
2084  329.18   82.19    9.08    0.89  31   8.550   2.515   6.035   2
2085  340.12   82.52    0.26    0.00  3   9.419   3.204   6.215   2
2086  338.37   82.26    2.01    0.42  7   9.969   2.442   7.527   2
2087  336.09   82.88    3.45    0.33  6   7.759   2.629   5.130   2
2088  327.97   83.64    3.02    0.07  6   9.285   0.989   8.296   2
2089  328.03   83.60    0.00    0.00  1   9.219   9.219   0.000   2
2090  327.40   83.07    4.77    0.07  8   8.929   1.879   7.050   2
2091  324.75   83.15    0.00    0.00  1   6.715   6.715   0.000   2
2092  322.70   82.94    3.54    0.11  12   8.069   4.827   3.242   2
2093  319.69   82.32    0.93    0.12  4   6.343   5.818   0.525   2
2094  316.71   83.05    2.92    0.24  3  10.045   6.127   3.918   2
2095  311.32   82.12    3.59    0.59  4  10.480   5.570   4.910   2
2096  307.51   81.64    2.82    0.25  2   8.261   6.538   1.723   2
2101  337.74   65.59    1.28    0.64  9  14.124   1.600  12.524   2
2102  338.31   64.31    1.03    0.53  11  12.870   1.910  10.960   2
3001  202.56   71.09   18.82    1.43  32  16.778   1.014  15.764   0
3002  192.75   67.88    5.00    2.50  4  19.443  14.937   4.506   0
3003  195.27   66.48    7.03    1.45  97   5.612   0.300   5.312   0
3004  193.54   64.24   11.81    4.23  37  22.546   0.322  22.224   0
3005  203.00   58.67    0.00    0.00  1   3.730   3.730   0.000   0
3006  191.08   53.00    0.07    0.00  20  11.328   5.151   6.177   0
3007  199.23   55.36    0.52    0.10  3  12.635   4.283   8.352   0
3008  206.50   57.23    2.12    1.02  11  16.112   2.453  13.659   0
3009  208.61   60.32    3.16    1.71  65  19.030   0.099  18.931   0
3010  209.98   61.20    0.45    0.23  7  17.075  12.077   4.998   0
3011  210.78   60.95    0.17    0.02  44   3.764   0.118   3.646   0
3012  211.57   60.96    3.08    0.49  9  11.545   1.966   9.579   1
3013  212.34   60.22    0.91    1.06  8   4.046   0.273   3.773   1
3014  213.79   59.53    0.65    0.47  5   6.849   0.638   6.211   1
3015  214.76   60.38    1.34    0.28  35  12.745   0.349  12.396   1
3016  215.48   60.21    0.55    0.07  39  17.401   0.115  17.286   1
3017  215.37   60.29    0.95    0.25  6  14.430   4.148  10.282   1
3018  216.34   60.06    1.10    0.20  23  16.533   0.134  16.399   1
3019  218.20   60.00    0.27    0.02  8  14.000   0.977  13.023   1
3020  220.01   59.69    2.92    0.68  9  12.690   0.804  11.886   1
3021  221.32   59.16    0.48    0.38  4   5.655   2.239   3.416   1
3022  222.42   58.58    0.47    0.27  13  12.812   0.938  11.874   1
3023  223.91   58.38    1.72    0.46  47  14.854   0.172  14.682   1
3024  224.82   58.15    0.51    0.31  18  14.685   0.795  13.890   1
3025  224.04   58.97    0.82    0.62  23  15.563   1.615  13.948   1
3026  224.57   59.30    0.15    0.22  4  12.418   2.538   9.880   1
3027  225.46   58.35    0.28    0.14  27  14.774   3.802  10.972   1
3028  225.40   58.31    0.77    0.35  25  14.730   9.327   5.403   1
3029  224.77   57.08    0.70    0.23  9  12.535   1.766  10.769   1
3030  227.18   56.62    2.71    1.80  27  14.434   6.538   7.896   1
3031  226.21   55.93    0.13    0.08  17  10.514   1.201   9.313   1
3032  226.84   55.94    1.17    0.87  34  10.688   0.116  10.572   1
3033  226.48   55.62    0.00    0.00  12  14.609   2.761  11.848   1
3034  226.33   55.40    0.20    0.12  12   9.124   3.691   5.433   1
3035  228.37   55.39    0.56    0.31  12  15.266   7.345   7.921   1
3036  229.14   54.46    0.18    0.12  38  14.417   0.601  13.816   1
3037  228.32   54.33    0.88    0.38  5  15.511  11.168   4.343   1
3038  229.68   54.30    1.71    0.39  69  14.968   0.141  14.827   1
3039  231.37   54.19    0.41    0.55  17  12.106   5.404   6.702   1
3040  229.09   53.56    0.80    0.98  20  17.465   3.270  14.195   1
3041  227.82   53.77    1.47    1.51  121  19.098   0.141  18.957   1
3042  228.48   52.60    5.88    1.10  135  14.667   0.385  14.282   1
3043  232.02   51.98    1.37    0.83  48  13.865   0.118  13.747   1
3044  232.35   51.12    1.22    0.20  17  13.620   1.485  12.135   1
3045  233.32   49.72    0.90    0.40  17  15.560   0.150  15.410   1
3046  234.10   49.13    0.27    0.13  21  15.451   0.273  15.178   1
3047  235.03   49.03    0.90    0.20  11  13.331   3.212  10.119   1
3048  235.17   49.25    0.00    0.00  12   4.535   0.240   4.295   1
3049  234.99   49.89    1.30    0.60  24  14.600   1.617  12.983   1
3050  235.68   49.37    1.30    0.50  38  14.250   0.450  13.800   1
3051  237.10   49.12    1.10    0.30  49  14.640   0.261  14.379   1
3052  237.48   48.50    0.90    0.60  15  14.365   0.311  14.054   1
3053  236.82   49.63    0.14    0.17  8  12.936  11.217   1.719   1
3054  237.05   49.14    1.52    0.39  298  22.207   0.092  22.115   1
3055  236.93   49.08    0.18    0.16  14   5.090   0.310   4.780   1
3056  236.59   48.88    0.48    0.32  35  14.195   0.128  14.067   1
3057  236.56   48.58    0.80    0.50  60  14.965   0.258  14.707   1
3058  235.49   48.26    1.00    0.20  17   2.408   0.414   1.994   1
3059  237.34   47.90    0.90    1.00  43  14.646   0.142  14.504   1
3060  236.10   46.63    0.40    0.80  131  10.094   0.131   9.963   1
3061  237.27   47.86    0.15    0.09  15   8.420   0.666   7.754   1
3062  235.48   48.28    0.36    0.20  6   2.866   0.715   2.151   1
3063  235.88   47.09    0.15    0.10  12   1.800   0.230   1.570   1
3064  236.17   46.58    0.44    0.82  96   4.290   0.040   4.250   1
3065  236.08   45.42    0.10    1.10  123   9.334   0.134   9.200   1
3066  236.00   44.23    0.00    0.60  62  11.429   0.145  11.284   1
3067  124.29   43.27    0.20    0.30  67   6.620   0.135   6.485   0
3068  235.80   41.70    0.00    0.00  5   2.705   0.145   2.560   1
3069  235.89   40.75    0.10    0.40  46   4.188   0.140   4.048   0
3070  238.20   38.00    0.00    0.00  59   6.582   0.889   5.693   0
3071  238.50   38.00    0.00    0.00  60   9.899   0.889   9.010   0
3072  237.90   37.50    0.00    0.00  11  10.400   3.620   6.780   0
3073  242.71   32.88    0.04    0.05  6  13.200   4.230   8.970   0
3074  245.44   30.70    1.33    2.27  4   2.190   0.530   1.660   0
3075  249.56   24.56    0.25    0.63  2   3.120   2.550   0.570   0
3076  254.55   21.60    1.00    0.88  12  17.850   0.960  16.890   0
3077  265.27   16.25    0.24    0.02  2   2.100   1.150   0.950   0
3078  272.55   11.47    0.00    0.00  1   1.950   1.950   0.000   0
4001  304.24   51.49    1.36    0.56  73  12.702   0.241  12.461   1
4002  304.47   50.78    0.00    0.00  1  11.350  11.350   0.000   1
4003  303.19   49.80    0.15    0.14  6  13.053   0.894  12.159   1
4004  303.86   49.68    0.22    0.70  15  14.610  10.820   3.790   1
4005  304.57   49.38    1.67    0.77  20  15.797  10.425   5.372   1
4006  306.14   49.40    0.57    0.17  17  13.440   0.178  13.262   1
4007  306.34   48.86    0.57    0.70  25  14.446   0.414  14.032   1
4008  306.04   48.03    0.00    0.00  1   3.920   3.920   0.000   1
4009  307.06   47.67    0.47    0.21  4  10.615   2.756   7.859   1
4010  310.58   46.00    4.90    2.20  9  22.391   0.000  22.391   1
4011  306.50   46.88    0.42    0.34  5   8.419   0.695   7.724   1
4012  305.99   47.30    0.24    0.84  18   8.449   0.080   8.369   1
4013  305.08   47.53    0.00    0.00  2   2.344   1.130   1.214   1
4014  304.44   46.95    0.61    0.69  8   9.007   0.667   8.340   1
4015  304.20   47.51    0.32    0.09  3  12.582   0.677  11.905   1
4016  304.19   47.89    0.03    0.04  4   9.031   6.877   2.154   1
4017  302.17   47.62    0.31    0.00  4  10.932   6.516   4.416   1
4018  301.47   47.68    0.41    0.14  2  12.836   7.249   5.587   1
4019  300.71   47.70    0.16    0.24  11  16.749   1.121  15.628   1
4020  301.19   48.23    0.44    0.20  18  16.610  11.809   4.801   1
4021  301.26   48.56    0.77    0.30  67  30.620   0.399  30.221   1
4022  301.94   49.05    0.93    0.61  20  16.256  10.188   6.068   1
4023  302.02   49.49    0.38    0.24  16  15.902   9.065   6.837   1
4024  302.21   49.92    0.27    0.27  20  14.690   0.124  14.566   1
4025  302.65   50.68    1.01    0.65  53  14.683   0.601  14.082   1
4026  302.66   51.44    0.79    0.18  47  11.424   0.481  10.943   1
4027  300.06   50.79    2.96    1.34  10   8.052   0.614   7.438   1
4028  296.52   49.57    2.19    0.73  34  16.022   1.015  15.007   1
4029  295.76   49.83    0.39    0.22  20  16.423   0.307  16.116   1
4030  295.40   50.28    2.39    0.25  22  11.603   0.801  10.802   1
4031  293.64   50.24    1.34    0.60  35  12.176   6.235   5.941   1
4032  291.80   49.27    0.30    0.29  26  11.882   8.191   3.691   1
4033  291.12   48.83    0.00    0.00  6   9.964   8.366   1.598   1
4034  290.30   48.12    0.23    0.16  78  13.121   0.639  12.482   1
4035  288.58   48.46    1.59    0.31  19  11.686   7.836   3.850   1
4036  289.61   47.49    0.27    0.29  11  13.653   0.537  13.116   1
4037  287.34   46.50    0.78    0.31  14  13.177   9.505   3.672   1
4038  282.97   45.89    1.46    0.44  13  13.021  10.284   2.737   1
4039  284.26   45.49    1.25    0.43  48  13.437   5.341   8.096   1
4040  284.23   45.17    0.67    0.50  17  12.952  11.550   1.402   1
4041  284.18   44.62    1.00    0.33  7  14.558  11.872   2.686   1
4042  285.33   45.10    1.25    0.48  28  13.324   8.378   4.946   1
4043  285.56   45.42    1.04    0.51  24  13.110   8.495   4.615   1
4044  286.10   45.62    0.69    0.49  25  13.078   7.608   5.470   1
4045  286.87   45.40    1.39    0.47  32  12.989   8.126   4.863   1
4046  286.74   44.54    0.35    0.97  9  13.264  10.431   2.833   1
4047  287.66   45.99    1.33    0.74  20  13.451   7.747   5.704   1
4048  288.38   46.71    1.78    0.53  49  13.882   5.887   7.995   1
4049  289.19   46.95    0.41    0.79  15  12.842   0.730  12.112   1
4050  289.55   47.08    0.86    0.76  235  13.052   0.101  12.951   1
4051  290.48   47.86    0.68    0.60  64  13.489   0.123  13.366   1
4052  291.28   48.36    0.81    0.38  60  14.762   1.156  13.606   1
4053  292.29   48.78    0.91    0.39  51  15.068   0.506  14.562   1
4054  293.67   49.17    0.37    0.08  20  16.563   1.397  15.166   1
4055  294.23   49.22    0.54    0.07  52  15.691   0.673  15.018   1
4056  294.70   49.24    0.41    0.04  27  15.291   2.547  12.744   1
4057  295.67   48.93    0.22    0.15  9  15.827  11.148   4.679   1
4058  294.80   48.10    0.99    0.39  13  14.767  11.202   3.565   1
4059  293.86   48.13    0.95    0.18  13  14.881   8.293   6.588   1
4060  293.71   47.97    0.64    0.08  13  14.760  13.034   1.726   1
4061  294.74   47.43    1.32    0.84  26  14.833   0.292  14.541   1
4062  295.07   46.72    0.00    0.00  1  14.325  14.325   0.000   1
4063  295.69   45.84    1.21    0.53  51  12.435   0.616  11.819   1
4064  295.72   45.78    0.00    0.00  46   3.440   0.372   3.068   1
4065  296.07   46.56    1.64    1.13  19  14.904   1.495  13.409   1
4066  296.78   46.12    2.86    0.92  10  10.590   3.000   7.590   1
4067  297.63   46.20    1.16    0.88  18  12.393   0.823  11.570   1
4068  298.16   47.30    0.65    0.33  22  13.588   0.387  13.201   1
4069  299.18   45.98    1.14    0.83  22  16.807   0.830  15.977   1
4070  297.50   45.70    1.80    0.16  8  16.077   1.424  14.653   1
4071  298.57   45.37    0.75    0.47  8  14.929  11.384   3.545   1
4072  301.89   44.48    0.52    0.33  13  22.484   0.853  21.631   1
4073  299.97   44.18    0.77    1.07  17  12.983   0.065  12.918   1
4074  296.55   44.64    1.62    1.16  61  16.388   0.005  16.383   1
4075  296.05   45.28    1.31    1.27  46  15.297   0.600  14.697   1
4076  294.46   43.92    1.90    0.62  10  14.574   0.600  13.974   1
4077  294.06   44.33    0.89    1.34  20  16.911   0.715  16.196   1
4078  294.81   45.49    0.00    0.00  1  15.334  15.334   0.000   1
4079  293.82   45.20    0.43    0.20  27  15.753   0.139  15.614   1
4080  293.03   45.08    0.78    0.60  21  15.644   0.384  15.260   1
4081  292.46   44.65    0.37    0.08  32   5.490   0.154   5.336   1
4082  291.99   44.43    0.01    0.00  17  11.026   0.586  10.440   1
4083  292.30   44.57    0.64    0.25  49  11.026   0.154  10.872   1
4084  291.07   44.19    0.75    0.45  8   9.271   2.136   7.135   1
4085  290.16   43.72    0.45    0.27  37  10.438   0.143  10.295   1
4086  289.43   43.30    0.04    0.05  41   5.917   0.246   5.671   1
4087  289.90   43.56    1.76    1.12  86  10.438   0.143  10.295   1
4088  289.36   42.90    0.41    0.48  31  15.736   0.724  15.012   1
4089  289.21   42.73    0.44    0.11  26   7.850   0.137   7.713   1
4090  288.96   42.36    0.12    0.23  17   6.492   0.234   6.258   1
4091  289.11   42.59    0.69    0.48  43   7.850   0.137   7.713   1
4092  289.67   41.69    0.66    0.29  31   6.281   0.238   6.043   1
4093  289.11   41.36    0.28    0.24  12  10.534   0.853   9.681   1
4094  289.51   41.60    1.03    0.60  43  10.534   0.238  10.296   1
4095  292.11   41.66    1.47    0.93  4  12.990  10.518   2.472   1
4096  288.54   41.46    0.01    0.01  5  10.657   0.587  10.070   1
4097  288.85   40.50    0.55    0.66  2  12.729  10.110   2.619   1
4098  287.99   41.31    0.49    0.21  13   7.912   0.128   7.784   1
4099  287.46   41.27    0.20    0.02  71   7.021   0.134   6.887   1
4100  287.11   41.25    0.25    0.14  12   7.660   0.820   6.840   1
4101  287.49   41.27    1.14    0.21  96   7.912   0.128   7.784   1
4102  286.04   41.61    0.00    0.00  5   5.031   2.342   2.689   1
4103  286.06   41.41    0.00    0.01  11   6.882   1.352   5.530   1
4104  286.06   41.30    0.00    0.01  9   5.223   2.579   2.644   1
4105  286.04   41.23    0.00    0.00  9   3.961   0.744   3.217   1
4106  286.10   41.04    0.02    0.11  22   7.728   1.313   6.415   1
4107  285.99   40.73    0.01    0.04  10  10.863   5.812   5.051   1
4108  286.06   41.17    0.13    0.89  76  10.863   0.744  10.119   1
4109  287.65   41.08    0.41    0.17  4   8.347   0.801   7.546   1
4110  286.59   40.88    1.39    0.20  17   8.997   0.321   8.676   1
4111  286.36   40.59    0.80    0.19  4   5.881   0.259   5.622   1
4112  286.72   40.86    1.99    0.73  25   8.997   0.259   8.738   1
4113  289.49   40.12    0.05    0.05  2  17.615  15.918   1.697   1
4114  285.74   40.42    0.14    0.05  11   8.625   0.697   7.928   1
4115  285.67   39.50    0.33    0.39  31   9.872   0.213   9.659   1
4116  285.34   39.22    0.15    0.12  19   4.454   0.133   4.321   1
4117  285.57   39.55    0.64    1.27  60   9.140   0.133   9.007   1
4118  284.89   38.74    0.18    0.16  60   8.284   0.137   8.147   1
4119  284.53   39.27    0.18    0.19  15   7.714   0.891   6.823   1
4120  284.64   39.05    0.23    0.29  23   8.653   0.230   8.423   1
4121  284.60   39.14    0.37    0.54  38   8.653   0.230   8.423   1
4122  283.90   38.66    0.00    0.60  7   5.160   1.103   4.057   1
4123  283.65   38.56    0.34    0.97  106  10.523   0.026  10.497   1
4124  284.14   37.28    0.18    0.28  10   2.234   0.113   2.121   1
4125  284.39   37.66    0.15    0.23  18   5.926   0.199   5.727   1
4126  284.30   37.53    0.42    0.66  28   5.926   0.113   5.813   1
4127  284.28   35.94    0.74    0.30  45  11.419   0.150  11.269   1
4128  284.48   35.42    0.37    0.59  15   9.572   0.143   9.429   1
4129  284.28   35.80    0.88    0.99  69  11.419   0.143  11.276   1
4130  283.09   34.64    1.80    1.39  24  11.669   0.150  11.519   0
4131  281.96   33.96    0.19    0.51  19  11.669   0.141  11.528   0
4132  283.22   33.79    2.00    0.92  5  22.198  13.817   8.381   0
4133  280.80   33.40    0.00    0.00  5   6.992   2.660   4.332   0
4134  280.60   33.20    0.00    0.00  4   5.220   3.311   1.909   0
4135  280.86   33.45    0.40    0.38  18  10.853   2.174   8.679   0
4136  280.10   32.90    0.00    0.00  11   5.754   2.025   3.729   0
4137  279.30   32.70    0.00    0.00  6   6.384   3.052   3.332   0
4138  279.10   32.60    0.00    0.00  2   2.117   0.720   1.397   0
4139  279.00   32.10    0.00    0.00  4   3.316   2.392   0.924   0
4140  279.61   32.68    1.10    0.80  23   6.384   0.720   5.664   0
4141  278.52   31.06    0.06    0.56  3   4.139   2.866   1.273   0
4142  278.39   30.51    0.42    0.59  8   7.631  -0.052   7.683   0
4143  279.79   29.19    0.53    1.26  6  19.574  10.303   9.271   0
4144  279.57   27.83    0.00    0.00  4   2.530   0.622   1.908   0
4145  279.80   26.30    0.00    0.00  4   6.430   3.730   2.700   0
4146  279.76   25.27    0.25    0.55  46  10.610   2.000   8.610   0
4147  278.38   24.54    1.52    0.42  9   8.900   6.700   2.200   0
4148  278.88   25.48    0.78    0.83  13   4.477   0.000   4.477   0
4149  275.08   29.77    0.10    0.22  2   4.300   4.139   0.161   0
4150  272.04   30.68    0.00    0.00  10   9.780   0.675   9.105   0
4151  269.07   29.95    3.31    2.28  92  16.250   2.650  13.600   0
4152  268.40   29.63    0.00    0.10  19   8.076   1.250   6.826   0
4153  267.00   29.85    0.00    0.00  8   4.550   0.520   4.030   0
4154  265.62   29.44    8.72    2.33  96  16.745   0.140  16.605   0
4155  265.04   27.82    5.21    2.01  15  19.597   7.210  12.387   0
4156  263.49   28.59    0.01    0.01  5  11.692   2.213   9.479   0
4157  262.64   27.81    0.21    0.07  17   9.480   1.590   7.890   0
4158  262.29   26.85    0.07    2.88  27   5.037   0.183   4.854   0
4159  267.00   29.35   12.88    6.18  254  19.597   0.140  19.457   0
4160  268.91   20.52    4.11    0.29  32   7.335   0.000   7.335   0
4161  271.84   16.88    0.20    0.60  110   9.400   0.140   9.260   0
4162  271.82   16.85    0.00    0.00  55   8.260   0.660   7.600   0
4163  273.73   16.40    0.52    0.09  4   1.425   0.400   1.025   0
4164  280.10    9.20    0.13    0.09  14  11.300   1.280  10.020   0
4165  280.13    9.40    0.00    0.00  10   7.570   0.615   6.955   0
5001  295.24   32.29    0.00    0.40  92  12.436   0.313  12.123   0
5002  282.81   25.24    0.53    0.38  9  28.440   0.530  27.910   0
5003  281.18   22.47    0.21    0.19  5   2.530   0.405   2.125   0
5004  275.00   19.29    0.00    0.00  18   9.878   0.567   9.311   0
5005  282.17   18.02    0.00    0.00  55   8.959   0.486   8.473   0
5006  288.30   18.50    0.00    0.00  2   5.930   4.760   1.170   0
5007  294.20   18.23    1.50    0.16  5   3.300   0.720   2.580   0
5008  295.37   17.77    0.16    0.12  70  10.270   0.150  10.120   0
5009  298.25   17.08    0.00    0.00  2   4.150   0.644   3.506   0
5010  299.00   14.60    0.00    0.00  5   2.160   0.540   1.620   0
5011  300.45   13.10    0.54    0.10  137  31.366   0.320  31.046   0
5012  291.24   12.12    0.60    0.07  19   7.591   1.075   6.516   0
5013  293.82   11.79    0.01    0.05  3   8.060   1.290   6.770   0
5014  298.38   10.49    1.53    0.23  10   6.960   0.581   6.379   0
5015  326.19   -3.85    0.00    0.00  18   3.490   0.490   3.000   0
5101  292.50   10.53    0.85    0.05  16   4.500   0.620   3.880   0
5102  304.57    5.54    2.27    0.38  24   9.543   0.578   8.965   0
5103  323.70   -5.15    0.23    0.12  40   7.430   0.000   7.430   0
5104  324.76   -5.80    0.05    0.00  34   8.115   0.360   7.755   0
5105  325.05   -8.26    0.04    0.20  11   5.900   0.390   5.510   0
5106  321.48  -13.01    0.16    0.01  12   5.195   0.365   4.830   0
5107  320.91  -14.73    0.08    0.10  9   7.100   0.830   6.270   0
5108  317.35  -22.78    2.25    1.59  15   5.200   1.750   3.450   0
5109  317.08  -22.95    0.27    0.06  16   8.771   0.250   8.521   0
5110  315.65  -23.05    0.86    0.32  16   5.200   0.230   4.970   0
5111  314.35  -23.69    1.00    0.46  14   7.950   0.620   7.330   0
5112  313.53  -24.02    0.70    0.33  30   7.700   0.790   6.910   0
5113  312.15  -24.94    1.02    1.72  32   5.410   1.440   3.970   0
5114  311.57  -25.66    0.82    1.36  15   5.300   0.490   4.810   0
5115  311.23  -28.52    0.12    0.27  25   5.763   0.127   5.636   0
5116  306.28  -33.94    1.20    1.66  33   6.090   1.021   5.069   0
5117  304.90  -34.93    0.33    0.08  4   4.431   2.141   2.290   0
5118  301.89  -33.96    3.17    1.72  24   6.835   3.126   3.709   0
5119  300.83  -33.28    1.03    0.55  17   6.440   2.198   4.242   0
5120  301.75  -34.18    0.00    0.00  2   6.199   6.132   0.067   0
5121  302.51  -35.51    2.08    3.10  28   8.620   1.644   6.976   0
5122  302.65  -37.59    0.23    0.33  9   3.840   1.340   2.500   0
5123  302.66  -37.65    0.24    0.34  8   3.840   1.340   2.500   0
5124  297.72  -38.70    0.28    0.25  11   6.650   3.570   3.080   0
5125  297.90  -39.47    0.10    0.08  5   3.600   1.240   2.360   0
5126  297.85  -39.61    0.22    0.27  11   6.930   0.410   6.520   0
5127  297.75  -39.72    0.44    0.93  53   9.640   0.407   9.233   0
5128  297.69  -39.80    0.48    0.68  21   9.460   2.170   7.290   0
5129  297.62  -40.63    0.27    0.14  9   8.920   0.987   7.933   0
5130  297.26  -40.91    0.28    0.27  10   7.120   0.628   6.492   0
5131  294.99  -41.87    0.22    0.40  3  13.170   0.750  12.420   0
5132  296.42  -42.27    0.58    0.36  8   5.720   1.330   4.390   0
5133  294.72  -44.65    0.49    0.54  28   7.000   0.117   6.883   0
5134  293.42  -45.19    0.00    0.07  25   8.635   1.840   6.795   0
5135  292.48  -45.69    0.00    0.00  5   6.190   3.000   3.190   0
5136  292.63  -45.71    0.02    0.04  6   6.310   2.040   4.270   0
5137  292.43  -46.24    0.11    0.43  17   8.000   0.332   7.668   0
5138  292.81  -46.72    1.05    0.98  8   4.450   0.500   3.950   0
5139  293.31  -46.91    0.09    0.26  14   8.000   0.500   7.500   0
5140  294.11  -47.73    0.16    0.03  25   8.000   0.118   7.882   0
5141  292.19  -49.28    0.00    0.00  9   8.000   0.143   7.857   0
5142  289.70   52.74    0.00    0.30  4   6.277   3.803   2.474   1
5143  291.63  -53.27    1.27    0.50  5   3.820   1.310   2.510   0
5144  289.25   53.51    0.00    0.00  2   8.826   4.482   4.344   1
5145  292.18  -53.72    0.00    0.00  1   7.850   7.850   0.000   0
5146  292.13  -11.76    1.29  109.80  28   8.742   0.558   8.184   0
5201  288.50  -30.18    0.35    0.40  11   6.380   0.910   5.470   0
5202  288.49  -30.21    0.35    0.35  10   6.380   0.910   5.470   0
5203  283.75  -14.00    0.00    0.00  1   3.110   3.110   0.000   0
6001  358.97   60.34    0.00    0.00  7   7.500   3.575   3.925   3
6003  356.88   58.45    0.02    0.00  14   9.420   0.920   8.500   3
6004  355.74   57.87    0.08    0.02  7  10.710   5.930   4.780   3
6005  355.54   57.49    0.08    0.09  9  10.780   5.530   5.250   3
6006  354.64   58.05    0.02    0.03  8   9.920   4.480   5.440   3
6007  352.45   57.51    0.14    0.00  2   8.420   5.390   3.030   3
6008  353.99   57.16    0.15    0.29  17  18.760   3.039  15.721   3
6009  354.20   57.58    0.03    0.01  7  14.340   3.660  10.680   3
6010  354.50   57.26    0.18    0.05  16   9.450   0.660   8.790   3
6011  354.15   56.91    0.08    0.07  51  15.985   2.740  13.245   3
6012  354.16   56.76    0.04    0.02  15  14.710   0.970  13.740   3
6013  358.02   57.66    0.00    0.00  9   9.450   5.530   3.920   3
6014  358.01   57.33    0.00    0.00  4   7.630   4.190   3.440   3
6015  357.48   56.71    0.04    0.03  7   8.120   7.530   0.590   3
6016  356.80   56.38    0.52    0.11  36  11.060   6.500   4.560   3
6017  355.85   56.12    0.55    0.08  22  10.990   4.550   6.440   3
6018  353.66   55.81    0.00    0.00  10  11.315   1.195  10.120   3
6019  354.45   55.79    0.08    0.06  15  17.340   1.750  15.590   3
6020  354.96   55.87    0.00    0.00  6  14.114  11.706   2.408   3
6021  355.51   55.86    0.01    0.01  5  10.250   3.770   6.480   3
6022  355.32   55.53    0.19    0.34  10  10.980   4.410   6.570   3
6023  357.30   56.03    0.23    0.01  3   8.250   2.590   5.660   3
6024  358.08   55.69    0.07    0.03  16  14.040   3.610  10.430   3
6025  358.27   55.60    0.18    0.10  10  11.150   4.030   7.120   3
6026  358.41   55.34    0.07    0.16  27   8.630   2.760   5.870   3
6027  358.33   54.96    0.00    0.00  1   8.530   8.530   0.000   3
6028  358.77   54.63    0.11    0.12  29  10.940   2.780   8.160   3
6029  355.55   54.89    0.06    0.04  22   9.664   3.650   6.014   3
6030  356.49   54.97    1.33    0.20  21  10.370   1.780   8.590   3
6031  356.82   54.90    0.26    0.10  11   8.550   2.400   6.150   3
6032  356.69   54.40    0.45    0.53  27  16.819   2.617  14.202   3
6033  355.59   54.37    0.11    0.10  16  10.791   4.554   6.237   3
6034  357.04   54.08    0.23    0.38  21  10.170   1.410   8.760   3
6035  357.01   53.69    0.40    0.65  42   9.490   0.700   8.790   3
6036  356.86   53.40    0.05    0.02  15   8.550   2.750   5.800   3
6037  356.24   53.30    0.83    0.08  32  15.020   4.480  10.540   3
6038  355.94   52.47    0.05    0.09  14   6.730   1.060   5.670   3
6039  359.34   53.65    0.57    0.31  64   9.490   0.970   8.520   3
6040  359.90   53.66    0.36    0.22  33   9.090   2.250   6.840   3
6041    0.25   53.31    0.29    0.32  32   8.550   2.090   6.460   3
6042    0.17   52.74    0.46    0.77  207   7.990   0.670   7.320   3
6043    0.79   52.97    0.47    0.03  61  11.267   2.325   8.942   3
6044    1.64   52.49    0.28    0.42  26   8.360   0.540   7.820   3
6045  355.07   51.61    0.17    0.06  6   6.820   0.650   6.170   3
6046  356.23   51.58    0.03    0.02  5   9.980   3.630   6.350   3
6047  356.98   51.35    0.97    0.44  50   9.450   2.760   6.690   3
6048    0.83   51.70    0.49    0.18  9   8.320   0.120   8.200   3
6049    0.31   51.46    0.58    0.07  39   9.220   2.610   6.610   3
6050    1.09   51.58    0.95    4.42  34   7.330   1.730   5.600   3
6051    0.45   50.84    0.26    0.10  9   9.760   2.140   7.620   3
6052  358.65   50.80    0.02    0.03  10   7.230   1.170   6.060   3
6053  357.88   50.68    0.56    0.11  13   7.200   0.100   7.100   3
6054  356.32   50.32    0.66    0.81  30   9.692   1.550   8.142   3
6055  354.27   50.09    1.51    0.61  11   7.372   1.110   6.262   0
6070    6.00   55.07    0.75    0.38  3   9.960   9.150   0.810   3
6071    2.98   55.02    0.00    0.00  1   8.990   8.990   0.000   3
6072    3.71   53.35    1.52    2.52  7  11.400   8.990   2.410   3
6073    3.40   52.50    0.80    0.00  4  10.150   9.250   0.900   3
6074    0.17   53.99    0.00    0.00  2  13.340  13.050   0.290   3
6075    1.11   52.99    0.00    0.00  4  10.040   8.360   1.680   3
6076    2.08   53.21    0.68    0.26  6  13.230   8.890   4.340   3
6099  354.75   56.07    0.38    0.34  8   8.960   0.960   8.000   3
6101  353.86   53.32    0.19    0.18  7   7.632   4.119   3.513   3
6102  353.77   52.52    0.00    0.00  2   6.096   1.932   4.164   3
6103  353.58   52.30    0.48    0.18  15   7.366   2.403   4.963   3
6104  353.70   51.40    0.00    0.00  2  13.210   9.388   3.822   3
6105  352.06   51.95    0.78    0.24  11   9.205   0.724   8.481   0
6106  350.83   51.62    1.33    0.19  28  13.438   0.232  13.206   0
6107  350.11   52.11    0.00    0.00  11   5.512   1.017   4.495   0
6108  350.42   52.71    0.43    0.22  7   4.709   0.214   4.495   0
6109  351.02   52.68    0.05    0.16  3   1.409   0.611   0.798   0
6110  351.26   52.67    0.08    0.00  9   7.140   1.911   5.229   0
6111  350.69   53.24    0.00    0.00  1   4.075   4.075   0.000   0
6112  350.10   53.71    0.00    0.00  15  13.500   0.134  13.366   0
6113  350.46   54.32    0.02    0.01  8  21.697  19.125   2.572   3
6114  351.39   54.26    0.00    0.00  1   4.477   4.477   0.000   3
6115  351.54   54.88    0.17    0.22  18  11.600   0.747  10.853   3
6116  352.09   55.16    0.94    0.02  9   6.580   0.728   5.852   3
6117  352.71   55.26    0.29    0.14  8  20.250   6.325  13.925   3
6118  353.15   55.15    0.29    0.11  9  10.026   0.732   9.294   3
6119  353.97   55.08    0.21    0.31  9  14.389   5.394   8.995   3
6120  354.36   54.55    0.47    0.23  15  15.017   2.392  12.625   3
6121  354.28   54.32    0.27    0.07  10  16.617   2.402  14.215   3
6122  353.86   53.99    0.41    0.29  16  20.051   6.236  13.815   3
7001   36.60   68.98    1.35    0.37  12   9.040   1.175   7.865   3
7002   29.06   70.31    5.49    0.81  21   8.780   0.520   8.260   3
7003   19.78   69.95    0.67    0.45  13  12.140   0.757  11.383   3
7004   19.06   69.80    0.67    0.05  12  12.250   2.500   9.750   3
7005   16.02   69.17    0.50    0.10  14   9.890   3.480   6.410   3
7006   16.75   68.68    0.00    0.01  2  12.300  11.400   0.900   3
7007   16.00   68.60    0.00    0.00  16  17.000   2.000  15.000   3
7008   14.33   68.21    2.50    0.30  19   9.060   0.575   8.485   3
7009   11.45   64.91    0.01    0.00  14  10.600   1.570   9.030   3
7010    9.88   63.77    0.25    0.53  16  11.920   2.450   9.470   3
7011   11.46   63.85    0.50    0.13  17  10.710   1.630   9.080   3
7012   10.85   63.64    0.27    0.18  9  10.480   4.030   6.450   3
7013    8.73   63.73    0.18    0.07  5  10.360   4.880   5.480   3
7014    8.98   63.54    0.03    0.04  7  12.210   5.160   7.050   3
7015    8.20   62.80    0.00    0.00  4  12.210  10.030   2.180   3
7016    6.22   62.67    0.00    0.00  6   9.640   7.280   2.360   3
7017    6.44   62.64    0.00    0.00  6  12.500   2.500  10.000   3
7018    6.60   62.40    0.00    0.00  5  12.400  10.150   2.250   3
7019    6.20   62.30    0.00    0.00  10  12.350   4.240   8.110   3
7020    5.70   62.26    0.20    0.05  11  13.020   8.140   4.880   3
7021    5.00   62.00    0.00    0.00  2   8.340   6.090   2.250   3
7022    5.00   60.80    0.00    0.00  13  10.710   1.850   8.860   3
7023    5.00   60.73    0.00    0.00  5  10.200   2.000   8.200   3
7024    5.09   60.30    0.00    0.00  40  14.050   2.240  11.810   3
7025    5.29   60.21    0.51    0.10  13  14.140   4.260   9.880   3
7026    5.20   59.58    0.00    0.00  10  11.200   2.750   8.450   3
7027    5.67   59.38    0.00    0.00  13  12.500   9.850   2.650   3
7028    5.52   59.00    0.23    0.03  13  13.250   2.000  11.250   3
7029    5.60   58.50    0.00    0.00  17  13.000   1.000  12.000   3
7030    6.72   58.00    0.37    0.02  15  12.000   1.000  11.000   3
7031    7.68   58.04    0.14    0.05  5   8.770   3.050   5.720   3
7032    9.67   58.82    0.77    1.11  10   8.850   2.360   6.490   3
7033    9.35   58.95    0.45    0.65  15   9.180   2.360   6.820   3
7034   10.36   59.41    0.00    0.00  5  10.200   2.500   7.700   3
7035   10.61   60.18    0.00    0.00  17  10.020   2.670   7.350   3
7036   10.75   60.00    1.32    0.08  7  10.000   2.500   7.500   3
7037   10.86   59.72    0.60    0.24  15  10.800   3.400   7.400   3
7038   10.96   59.36    0.00    0.00  13  10.300   2.380   7.920   3
7039   11.20   58.60    0.00    0.00  11  11.000   1.000  10.000   3
7040   12.29   58.45    0.00    0.00  11  11.150   9.800   1.350   3
7041   12.48   58.18    0.00    0.00  12  12.150   9.550   2.600   3
7042   13.61   58.09    0.00    0.00  6  11.250   9.300   1.950   3
7043   11.70   57.70    0.00    0.00  13  12.000   1.000  11.000   3
7044   12.00   57.35    0.00    0.00  12  12.350   2.300  10.050   3
7045   12.60   56.45    0.00    0.00  5   7.700   1.550   6.150   3
7046   12.55   56.20    0.24    0.00  10  16.100   4.670  11.430   3
7047   12.98   55.75    0.09    0.15  25  11.400   2.250   9.150   3
7048   14.62   56.02    0.00    0.00  5   4.780   3.900   0.880   3
7049   15.12   56.17    0.22    0.01  23   7.100   3.920   3.180   3
7050   15.75   56.13    0.94    0.05  32  12.370   0.929  11.441   3
7051   16.27   57.22    0.44    0.10  25  12.100   8.440   3.660   3
7052   18.64   57.43    0.48    0.21  15  11.050   8.700   2.350   3
7053   16.46   59.23    0.65    0.37  9   7.500   3.100   4.400   3
7054   17.49   59.35    3.54    0.96  64   8.950   0.112   8.838   3
7055   16.71   60.74    0.90    1.99  20  10.900   2.890   8.010   3
7056   17.52   63.13    1.40    0.61  22   8.917   0.204   8.713   3
7057   19.87   63.95    0.57    0.22  4   8.909   3.100   5.809   3
7058   21.24   65.87    1.31    0.56  16  10.645   5.130   5.515   3
7059   24.37   66.27    0.31    0.13  5   8.400   6.000   2.400   3
7060   24.67   66.54    2.15    0.64  12   9.260   3.500   5.760   3
7061   26.47   64.77    0.05    0.28  7   8.450   6.480   1.970   3
7062   23.52   62.88    0.00    0.00  1   7.750   7.750   0.000   3
7063   21.40   62.30    0.00    0.00  8   9.000   2.000   7.000   3
7064   22.20   60.96    0.00    0.00  3   8.070   6.960   1.110   3
7065   21.86   61.13    0.88    1.00  36   7.700   0.270   7.430   3
7066   22.00   60.50    0.00    0.00  16   9.690   0.600   9.090   3
7067   20.00   60.20    0.00    0.00  10   8.950   0.600   8.350   3
7068   22.73   60.36    0.00    0.00  3   8.740   6.620   2.120   3
7069   23.49   59.99    1.69    1.03  72   8.820   0.550   8.270   3
7070   27.71   60.27   23.00    0.10  22   9.000   3.620   5.380   3
7071   25.52   60.37    0.78    0.37  18   9.090   2.400   6.690   3
7072   25.77   60.36    0.00    0.00  5   8.480   5.970   2.510   3
7073   28.22   60.34    0.00    0.00  18   9.540   2.360   7.180   3
7074   28.40   59.50    0.00    0.00  28   7.680   3.910   3.770   3
7075   24.69   59.39    2.07    0.40  19   8.250   1.770   6.480   3
7076   24.42   59.25    0.00    0.00  1   7.180   7.180   0.000   3
7077   22.50   58.50    0.00    0.00  1   8.400   8.400   0.000   3
7078   18.12   54.58    4.86    0.66  27   9.510   0.380   9.130   3
7079   13.46   54.56    0.00    0.00  31   7.940   0.320   7.620   3
7081   11.57   56.70    0.00    0.00  6   6.300   1.300   5.000   3
7082   10.59   55.81    0.00    0.00  33   8.265   0.007   8.258   3
7083    8.30   55.40    0.00    0.00  31   4.274   0.069   4.205   3
7084   12.00   55.00    0.00    0.00  7   7.000   1.000   6.000   3
7085    8.83   54.90    0.00    0.00  3   3.650   1.180   2.470   3
7086    8.62   53.88    0.00    0.00  36  11.800   2.450   9.350   3
7087    7.60   53.69    0.11    0.03  17   5.472   1.790   3.682   3
7101   15.52   77.03    0.76    0.07  15   7.580   1.080   6.500   3
7102   14.31   78.32    1.52    0.53  13  10.080   4.250   5.830   3
7103   16.54   78.53    0.47    0.18  22  10.460   3.080   7.380   3
7104   11.60   78.90    0.00    0.00  33  13.100   0.165  12.935   3
7105   16.83   79.83    0.00    0.00  4  10.940   6.530   4.410   3
7106   18.64   80.05    1.12    0.70  22   9.900   0.540   9.360   3
7107   28.00   80.17    0.00    0.00  8   9.710   3.420   6.290   3
7108   22.00   79.42    0.00    0.00  22   9.640   1.570   8.070   3
7109   22.00   78.59    0.00    0.00  25   9.620   0.655   8.965   3
7110   20.97   78.26    1.53    0.40  4   8.360   2.400   5.960   3
7111   23.00   78.22    0.00    0.00  27   9.890   0.580   9.310   3
7112   20.50   78.00    0.00    0.00  1   5.070   5.070   0.000   3
7113   21.53   77.91    0.00    0.00  20  10.020   1.270   8.750   3
7114   23.00   77.36    0.00    0.00  15  10.200   0.620   9.580   3
7115   25.17   76.60    0.00    0.00  17   9.800   0.700   9.100   3
7116   29.06   78.73    2.33    0.83  17   9.850   0.110   9.740   3
7117   54.18   80.19    0.00    0.00  22  10.290   0.775   9.515   3
7118   54.98   80.25    0.00    0.00  8  10.000   2.560   7.440   3
7119   57.33   80.53    1.44    0.02  11  10.000   1.080   8.920   3
7120   60.28   80.35    0.00    0.00  7  10.000   1.850   8.150   3
7121   58.08   80.17    0.00    0.00  2  10.000   8.130   1.870   3
7122   57.80   80.10    0.00    0.00  8  10.000   1.330   8.670   3
7123   59.10   80.12    0.00    0.00  11  10.000   1.100   8.900   3
7124   58.80   79.99    0.00    0.00  10  10.000   0.980   9.020   3
7125   68.80   76.32    0.00    0.00  3   6.750   3.100   3.650   3
7126   68.90   76.40    0.00    0.00  8   6.750   1.240   5.510   3
7127   69.05   76.74    0.00    0.00  10   6.750   0.700   6.050   3
7128   67.20   76.91    0.00    0.00  9   7.470   0.580   6.890   3
7129   66.00   76.75    0.00    0.00  8   6.750   0.360   6.390   3
7130   62.30   76.25    0.00    0.00  14   6.750   0.150   6.600   3
7131   60.00   70.00    0.00    0.00  4   6.750   0.155   6.595   3
8001    7.05   53.14    0.00    0.00  6   6.420   2.910   3.510   3
8002    6.00   53.40    0.00    0.00  1   6.255   6.255   0.000   3
8003    6.08   53.49    0.50    0.03  3   0.530   0.380   0.150   3
8004    5.13   53.33    0.40    0.09  3   1.530   0.270   1.260   3
8005    4.82   52.84    0.10    0.19  5   7.570   4.885   2.685   3
8006    4.76   52.50    0.00    0.00  10   8.000   2.275   5.725   3
8007    4.75   52.20    0.00    0.00  1   7.030   7.030   0.000   3
8008    4.60   51.80    0.00    0.00  14   8.090   2.790   5.300   3
8009    4.00   51.50    0.00    0.00  14   7.810   4.340   3.470   3
8010    5.35   52.78    2.25    0.81  83   8.773   0.270   8.503   3
8011    2.82   51.11    0.60    0.56  40   8.440   1.610   6.830   3
8012    1.63   50.43    0.34    0.47  13   7.980   2.070   5.910   3
8013    1.35   49.98    0.00    0.00  3   9.870   7.470   2.400   3
8014    0.15   49.49    0.18    0.03  14   9.900   2.250   7.650   3
8015  358.81   49.40    2.47    0.80  11   9.880   0.600   9.280   3
8016  358.87   49.33    0.00    0.00  2   7.550   3.050   4.500   0
8017  358.60   48.67    0.00    0.00  3   6.200   1.260   4.940   0
8018  358.48   48.95    0.00    0.00  2   3.880   0.680   3.200   0
8019  358.40   49.67    0.07    0.01  3   9.880   8.200   1.680   3
8020  358.26   48.57    0.03    0.05  63  11.600   0.360  11.240   0
8021  355.57   48.54    0.74    0.38  42   7.923   0.483   7.440   0
8022  357.30   47.49    2.33    0.25  15  10.200   0.780   9.420   0
8023  358.00   47.00    0.00    0.00  4   5.700   3.000   2.700   0
8024  358.09   46.69    0.30    0.26  8   8.213   3.359   4.854   0
8025  357.20   46.40    3.00    1.00  6   8.030   1.730   6.300   0
8026  357.54   48.57    4.67    6.03  195  11.600   0.360  11.240   0
8027  357.27   43.29    0.57    0.07  55   9.945   0.187   9.758   0
8028  350.80   38.70    0.00    0.00  19  11.500   2.540   8.960   0
8029  352.18   37.16    1.11    0.16  57  19.836   0.358  19.478   0
8030    3.32   39.78    0.07    2.77  11  81.950   2.270  79.680   0
8031    3.10   42.70    0.00    0.00  6  12.900   2.000  10.900   0
8032    4.89   43.45    0.14    0.09  23   7.150   1.120   6.030   0
8033    5.37   43.30    0.00    0.00  12   4.289   0.255   4.034   0
8034    5.60   43.05    0.00    0.00  25   4.350   0.140   4.210   0
8035    6.14   43.04    0.00    0.00  4   2.340   1.030   1.310   0
8036    6.43   43.00    0.00    0.00  13   2.850   0.000   2.850   0
8037    6.75   43.33    0.00    0.00  8   2.800   1.050   1.750   0
8038    6.74   43.33    0.00    0.00  10   2.800   1.750   1.050   0
8039    5.78   43.17    1.37    0.28  47   4.350   0.140   4.210   0
8040    7.34   43.68    0.00    0.00  2   1.310   0.170   1.140   0
8041    7.23   43.69    0.18    0.11  34  13.900   0.960  12.940   0
8042    9.41   43.02    0.00    0.00  4   3.120   1.050   2.070   0
8043    9.35   42.97    0.00    0.00  5   3.580   0.830   2.750   0
8044    8.55   42.30    0.00    0.00  13   3.865   0.150   3.715   0
8045    9.13   41.41    0.49    0.22  7   7.945   0.180   7.765   0
8046    9.23   41.24    0.32    0.13  12   9.705   0.180   9.525   0
8047    9.22   41.27    0.00    0.00  1   1.700   1.700   0.000   0
8048    9.22   41.27    0.00    0.00  1   9.938   9.938   0.000   0
8049    8.31   40.23    0.25    0.71  2   7.300   2.200   5.100   0
8050    8.94   39.12    0.61    0.37  12   9.753   1.650   8.103   0
8051    9.25   40.98    0.95    4.13  57   9.938   0.150   9.788   0
8052    9.24   44.34    0.00    0.00  2   2.235   2.000   0.235   0
8053   10.34   43.81    0.00    0.00  19  53.000   2.182  50.818   0
8054   10.42   43.67    0.38    0.09  5  12.668   7.845   4.823   0
8055   10.40   43.60    0.00    0.00  1   2.300   2.300   0.000   0
8056   10.09   42.59    0.00    0.00  2   2.000   1.800   0.200   0
8057   11.08   42.42    0.00    0.00  14  11.638   2.000   9.638   0
8058   11.77   42.12    0.00    0.00  3   1.950   1.950   0.000   0
8059   11.82   42.05    0.01    0.01  3   2.000   1.950   0.050   0
8060   11.83   42.04    0.00    0.00  2   2.000   2.000   0.000   0
8061   11.90   42.04    0.00    0.00  2   2.000   2.000   0.000   0
8062   11.86   42.03    0.00    0.00  3   2.000   2.000   0.000   0
8063   11.95   42.02    0.00    0.00  3   2.450   2.070   0.380   0
8064   11.78   42.11    0.09    0.09  14   4.700   1.950   2.750   0
8065   12.26   41.76    0.03    0.01  14  11.644   1.610  10.034   0
8066   12.72   41.42    0.12    0.01  4   2.000   1.840   0.160   0
8067   12.27   41.76    0.89    0.61  29  11.644   1.950   9.694   0
8068   13.42   41.35    0.00    0.00  9   8.629   7.388   1.241   0
8069   13.61   41.26    0.00    0.00  2   2.000   2.000   0.000   0
8070   13.57   41.21    0.00    0.00  1   2.000   2.000   0.000   0
8071   13.96   41.04    0.00    0.00  5   7.450   4.765   2.685   0
8072   13.75   41.14    0.00    0.00  17   8.629   2.000   6.629   0
8073   12.97   40.89    0.00    0.00  1   2.000   2.000   0.000   0
8074   13.43   40.80    0.00    0.00  1   2.000   2.000   0.000   0
8075   12.86   40.93    0.00    0.00  1   2.562   2.562   0.000   0
8076   13.00   41.30    0.00    0.00  2   1.570   0.580   0.990   0
8077   14.20   40.80    0.00    0.00  1   2.000   2.000   0.000   0
8078   15.27   40.03    0.00    0.00  8  13.915   8.223   5.692   0
8079   16.00   38.43    0.00    0.00  1   1.806   1.806   0.000   0
8080   15.88   38.59    0.05    0.04  4   5.762   3.863   1.899   0
8081   15.83   38.35    0.00    0.00  2   4.587   2.529   2.058   0
8082   15.70   38.25    0.01    0.00  15   4.933   1.881   3.052   0
8083   15.69   37.95    0.00    0.00  1   5.004   5.004   0.000   0
8084   15.75   38.33    0.21    0.36  22   5.762   1.881   3.881   0
8085   15.62   38.26    0.00    0.00  1   5.954   5.954   0.000   0
8086   15.23   38.26    0.03    0.04  8   6.184   1.413   4.771   0
8087   14.35   38.16    2.16    0.04  4  21.000   2.400  18.600   0
8088   13.53   38.12    0.00    0.00  1   9.528   9.528   0.000   0
8089   15.27   38.26    0.40    0.04  10   6.184   1.413   4.771   0
8090   12.72   38.12    0.00    0.00  2   0.430   0.188   0.242   0
8091   12.08   37.95    0.00    0.00  10  39.280   0.163  39.117   0
8092   12.05   36.80    0.00    0.00  2   0.912   0.694   0.218   0
8093   14.52   35.87    0.05    0.07  4   3.200   1.000   2.200   0
8094   15.30   37.85    0.00    0.00  7   5.963   1.791   4.172   0
8095   15.05   37.85    0.00    0.00  2   9.883   9.451   0.432   0
8096   15.06   37.36    0.00    0.00  2   9.699   6.759   2.940   0
8097   15.25   37.10    0.13    0.27  12   8.229   2.600   5.629   0
8098   15.24   37.08    0.21    0.45  25   9.883   1.791   8.092   0
8099   17.09   38.89    0.00    0.00  1   2.990   2.990   0.000   0
8100   16.50   39.73    0.05    0.06  17  11.129   1.315   9.814   0
8101   17.80   40.72    0.00    0.00  1   3.500   3.500   0.000   0
8102   16.98   41.07    0.53    0.25  5   1.950   0.150   1.800   0
8103   15.83   41.55    0.00    0.00  5   5.954   2.655   3.299   0
8104   15.50   41.90    0.00    0.00  7   6.246   0.394   5.852   0
8105   15.34   41.91    0.00    0.00  4   6.374   0.498   5.876   0
8106   14.50   42.16    0.00    0.00  2  14.290  12.500   1.790   0
8107   14.23   42.46    0.00    0.00  4   7.682   2.386   5.296   0
8108   14.23   42.46    0.00    0.00  1   3.951   3.951   0.000   0
8109   13.57   43.57    0.00    0.00  2   1.950   1.950   0.000   0
8110   12.04   44.68    0.37    0.41  4   8.737   7.401   1.336   0
8111   12.45   44.92    0.02    0.15  2   9.111   9.005   0.106   0
8112   12.71   44.85    0.24    0.24  7   9.991   9.263   0.728   0
8113   12.62   44.94    0.85    0.60  21  13.111   5.924   7.187   0
8114   12.43   45.51    0.31    0.15  7   7.364   1.007   6.357   0
8115   12.89   45.64    0.17    0.03  10   8.448   1.953   6.495   0
8116   13.03   45.67    0.00    0.00  1   4.746   4.746   0.000   0
8117   12.84   45.76    0.02    0.00  5   6.330   1.755   4.575   0
8118   12.75   45.63    0.79    0.33  24   8.448   1.007   7.441   0
8119   13.32   45.71    0.00    0.00  4   5.855   0.639   5.216   0
8120   13.10   45.50    0.00    0.00  1   1.800   1.800   0.000   0
8121   13.57   45.78    0.00    0.01  6   6.245   0.473   5.772   0
8122   13.71   45.63    0.24    0.07  6   9.929   1.577   8.352   0
8123   13.69   45.55    0.08    0.06  3   1.950   0.900   1.050   0
8124   13.58   45.52    0.00    0.00  1   1.900   1.900   0.000   0
8125   13.52   45.51    0.03    0.02  2   9.976   1.950   8.026   0
8126   13.52   45.46    0.00    0.00  1   1.900   1.900   0.000   0
8127   13.63   45.66    0.47    0.29  24   9.976   0.473   9.503   0
8128   13.59   45.28    0.00    0.00  1   1.900   1.900   0.000   0
8129   13.77   44.91    0.00    0.00  2   1.950   1.950   0.000   0
8130   14.97   44.48    0.00    0.00  1   7.920   7.920   0.000   0
8131   15.27   43.86    0.00    0.00  1   1.900   1.900   0.000   0
8132   15.97   43.52    0.00    0.00  2   4.050   3.050   1.000   0
8133   16.63   43.32    0.00    0.00  5  13.950   2.530  11.420   0
8134   16.17   43.07    0.03    0.05  28   2.720   0.310   2.410   0
8135   19.82   39.56    0.01    0.03  6   4.540   2.750   1.790   0
8136   20.70   38.13    0.40    0.20  12   4.870   0.450   4.420   0
8137   20.90   37.70    0.00    0.00  4   2.560   1.960   0.600   0
8138   21.70   36.92    0.00    0.00  12   9.310   0.200   9.110   0
8139   22.00   37.05    0.00    0.00  4   4.910   1.960   2.950   0
8140   22.68   36.83    0.00    0.00  2   8.910   5.270   3.640   0
8141   22.80   37.60    0.00    0.00  3   6.150   4.910   1.240   0
8142   22.85   38.03    0.00    0.00  3   5.820   1.990   3.830   0
8143   22.92   38.05    0.00    0.00  3   4.705   0.620   4.085   0
8144   23.68   38.69    0.73    0.19  8   3.130   0.000   3.130   0
8145   23.57   35.50    0.00    0.00  8   4.200   1.660   2.540   0
8146   23.53   35.32    0.00    0.00  20   3.880   1.550   2.330   0
8147   25.00   41.00    0.00    0.00  4   7.294   2.500   4.794   0
8148   25.52   40.48    0.00    0.00  7   9.885   4.308   5.577   0
8149   25.00   40.04    0.00    0.00  24   6.900   1.135   5.765   0
8150   26.28   39.26    0.00    0.00  8   5.444   0.695   4.749   0
8151   27.04   38.94    0.00    0.00  5   7.506   1.514   5.992   0
8152   26.78   38.37    0.00    0.00  26   6.845   0.100   6.745   0
8153   27.00   37.78    0.00    0.00  10   3.514   0.593   2.921   0
8154   27.00   37.00    0.00    0.00  4   4.000   1.000   3.000   0
8155   28.18   36.23    0.28    0.33  29   5.550   0.390   5.160   0
8156   35.85   36.10    0.10    0.20  12   5.170   1.350   3.820   0
8157   35.78   35.51    0.00    0.00  9   5.595   1.335   4.260   0
8158   35.76   34.49    0.00    0.00  5   6.374   1.335   5.039   0
8159   35.67   34.30    0.00    0.00  7   2.457   1.470   0.987   0
8160   35.65   34.21    0.00    0.00  4   2.120   1.560   0.560   0
8161   35.65   34.09    0.00    0.00  1   2.786   2.786   0.000   0
8162   35.62   34.03    0.06    0.04  11   2.975   0.700   2.275   0
8163   35.27   33.41    0.20    0.31  5   2.188   0.000   2.188   0
8164   34.75   32.50    0.00    0.00  13   8.140   2.150   5.990   0
9001    9.99   33.85    3.06    0.47  22   8.660   1.750   6.910   0
9002  353.45   34.02    1.93    0.13  6   8.770   0.800   7.970   0
9003  343.42   22.23    0.00    0.00  3   5.250   4.100   1.150   0
9004  344.27   17.71    0.83    1.97  15   6.970   2.650   4.320   0
9005  343.51   15.91    0.10    0.03  4   5.050   1.620   3.430   0
9006  343.55   15.96    1.13    2.08  27  25.100   1.620  23.480   0
9007  344.36   15.78    0.27    0.21  3   1.980   1.550   0.430   0
9008  336.97   16.63    0.10    0.69  3   2.040   0.000   2.040   0
9009  346.72    8.50    0.00    0.00  3   1.420   0.650   0.770   0
9010  354.37    4.83    4.33    1.18  21  23.000   0.270  22.730   0
9011    0.00    5.68    0.00    0.00  3   5.810   1.620   4.190   0
9012    8.29    0.35    7.59    9.92  14  23.000   7.200  15.800   0
9013   11.71   -4.64    0.78    0.56  13  11.980   0.520  11.460   0
9014   12.12  -15.10    0.03    0.20  3   3.430   1.620   1.810   0
9015   15.36  -26.59    1.85    4.93  13   7.640   1.580   6.060   0
9016   15.76  -27.79    0.54    8.52  20  16.100   2.730  13.370   0
9017   18.58  -33.12    2.25    2.84  43   8.420   0.100   8.320   0
9018   23.59  -33.90    2.93    0.30  7   6.870   0.675   6.195   0
9019   24.58  -34.47    0.80    0.73  5  16.990   7.580   9.410   0
9020   30.78  -29.56    0.30    2.00  10   9.440   8.070   1.370   0
9021   32.09  -27.84    6.08    5.10  15  11.600   0.910  10.690   0
9022   46.83  -25.18    0.50    0.50  8   8.910   0.980   7.930   0
9023   43.63  -23.40    0.00    0.00  14   7.580   0.990   6.590   0
9024   55.50  -21.12    0.00    0.00  8   8.000   0.800   7.200   0
9025   57.50  -20.33    0.00    0.00  24   8.440   1.600   6.840   0
9026   50.17  -14.20    0.00    0.00  1   2.020   2.020   0.000   0
9027   45.17  -12.83    0.00    0.00  10   9.600   1.500   8.100   0
9028   45.17  -12.83    0.00    0.00  40  33.600   1.500  32.100   0
9029   45.17  -12.83    0.00    0.00  2  16.100  16.100   0.000   0
9030   39.20   -5.94    0.00    0.00  8   7.968   1.690   6.278   0
9031   55.50   -4.66    0.00    0.00  13   9.700   3.740   5.960   0
9032   55.50   -4.66    0.00    0.00  9   7.500   2.100   5.400   0
9033   39.47   15.62    0.00    0.00  1   3.900   3.900   0.000   0
9034   34.10   26.33    0.00    0.00  1   4.356   4.356   0.000   0
9035   33.58   27.13    0.00    0.00  1   5.127   5.127   0.000   0
9036   34.58   29.26    0.00    0.00  2   5.924   2.502   3.422   0
10001  135.73   71.06    0.90    0.06  3   3.640   0.840   2.800   0
10002  176.75   64.10    2.05    0.04  13  31.500   3.150  28.350   0
10003  137.44   45.82    1.95    1.98  6   4.320   1.230   3.090   0
10004  134.49   43.44    2.15    1.90  10  12.190   2.880   9.310   0
10005  126.68   35.65    1.17    1.00  18   7.270   0.229   7.041   0
10006  118.03   39.00    1.36    0.01  40  12.050   0.980  11.070   0
10007  121.80   31.30    0.00    0.00  46   9.471   0.668   8.803   0
10008  121.33   30.50    1.00    2.00  3   8.010   5.520   2.490   0
10009  127.06   30.48    1.75    4.50  9  23.700  11.850  11.850   0
10010  119.50   23.69    0.52    2.61  32   9.848   0.790   9.058   0
10011  117.00   23.65    0.00    0.00  25   7.160   0.666   6.494   0
10012  116.00   23.00    0.00    0.00  32   9.545   0.534   9.011   0
10013  114.50   22.47    0.00    0.20  7   8.080   5.510   2.570   0
10014  114.00   22.50    0.00    0.00  52   8.641   0.581   8.060   0
10015  112.00   22.00    0.00    0.00  50   9.507   0.932   8.575   0
10016  109.93   20.25    0.00    0.00  13   7.050   6.603   0.447   0
10017   89.00   22.89    0.00    0.00  4   9.195   1.595   7.600   0
10018   90.49   24.31    0.31    4.98  11   7.500   1.700   5.800   0
10019   80.32   13.32    0.00    0.00  1   0.670   0.670   0.000   0
10020   79.82    7.24    0.04    0.64  2   5.790   1.680   4.110   0
10021   80.23    6.00    0.90    6.20  50   6.600   0.000   6.600   0
10022   78.04    8.64    0.69    0.75  8   5.550   0.420   5.130   0
10023   79.22    9.28    0.18    0.05  17   7.300   0.140   7.160   0
10024   72.60   10.55    0.00    0.00  4   2.740   1.830   0.910   0
10025   72.90    4.25    0.00    0.00  26   8.555   1.780   6.775   0
10026   73.73   15.60    0.00    0.00  2   0.960   0.820   0.140   0
10027   72.52   18.65    3.03    2.92  13  11.010   1.990   9.020   0
10028   59.08   25.55    2.43    0.38  5   7.300   4.870   2.430   0
10029   57.23   26.00    0.00    0.00  9   6.540   1.530   5.010   0
10030   55.89   27.05    0.96    0.37  4   5.000   3.550   1.450   0
10031   47.94   31.39    0.32    1.15  15   8.805   0.080   8.725   0
10032   48.45   29.98    0.00    0.00  2   9.910   8.420   1.490   0
10033   48.10   29.48    0.27    0.33  11  14.000   2.000  12.000   0
10034   49.35   27.35    0.30    0.36  2   4.205   3.558   0.647   0
10035   50.18   25.80    0.74    1.34  5   6.020   3.405   2.615   0
10036   51.29   25.50    0.70    0.20  3   5.420   4.280   1.140   0
10037   57.39   24.11    2.48    1.50  4   5.390   4.015   1.375   0
10038   55.58   25.58    0.00    0.00  7   7.000   1.000   6.000   0
10039   51.18   23.81    7.03   29.26  6  14.380   3.770  10.610   0
11001  143.00   44.00    0.00    0.00  2   6.050   5.610   0.440   0
11002  139.80   35.80    0.00    0.00  9  12.300   1.000  11.300   0
11003  133.88   34.58    6.18    0.43  40  15.440   3.460  11.980   0
11004  133.50   33.50    0.00    0.00  4   7.150   3.980   3.170   0
11005  130.00   32.77    2.27    0.40  26   9.060   1.475   7.585   0
11006  130.00   28.30    0.00    0.00  128   8.120   1.388   6.732   0
11007  128.57   27.21    0.25    0.31  7   5.290   0.730   4.560   0
11008  127.75   26.12    0.00    0.00  5   5.300   2.400   2.900   0
11009  126.75   26.34    0.02    0.00  4   2.980   1.260   1.720   0
11010  123.52   25.77    0.00    0.00  5   5.000   2.280   2.720   0
11011  124.22   24.44    0.99    0.40  19  22.170   1.050  21.120   0
11012  119.65   23.60    0.00    0.00  12   4.935   0.500   4.435   0
11013  121.74   25.15    0.00    0.00  13   7.800   1.760   6.040   0
11014  121.42   23.33    0.00    0.00  43   8.760   0.820   7.940   0
11015  120.70   22.00    0.00    0.00  10   8.660   1.470   7.190   0
11016  106.74   20.66    1.33    0.76  13  14.949   1.975  12.974   0
11017  108.92   15.35    0.86    2.51  11  43.210   6.410  36.800   0
11018  108.89   11.40    0.46    1.17  21   7.180   0.585   6.595   0
11019  105.14   11.06    0.22    1.60  58  14.220   0.664  13.556   0
11020  108.17    9.05    0.90    2.30  9  27.140  10.940  16.200   0
11021  100.51   13.72    1.20    0.92  32   8.540   2.325   6.215   0
11022   99.75   11.75    0.00    0.00  2   3.900   2.800   1.100   0
11023   98.42    7.83    0.00    0.00  11   6.775   2.155   4.620   0
11024  100.20    7.34    0.08    0.92  11   8.600   2.535   6.065   0
11025  100.71    6.21    3.20    0.99  23   9.500   1.700   7.800   0
11026  101.25    3.00    0.00    0.00  6   6.365   4.530   1.835   0
11027  102.93    1.81    2.62    1.19  26   9.475   0.965   8.510   0
11028  103.75    1.33    0.00    0.00  114   9.350   0.073   9.277   0
11029  104.25    2.75    0.00    0.00  4   3.900   1.150   2.750   0
11030  103.33    3.00    0.00    0.00  1   4.405   4.405   0.000   0
11031   96.27    2.35    0.35    0.10  11   5.400   0.050   5.350   0
11032   96.32    2.35    0.00    0.00  10   5.800   0.050   5.750   0
11033  107.62    2.68    0.00    0.00  17   7.077   5.161   1.916   0
11034  107.77    2.00    0.80    3.00  3   6.260   5.270   0.990   0
11035  108.78    3.83    1.25    1.27  38  21.020   9.340  11.680   0
11036  108.53    7.34    1.57   13.25  47  43.210   6.410  36.800   0
11037  123.43   12.32    1.58    8.97  20   8.110   0.790   7.320   0
11038  115.22    5.16    0.40    0.49  3   5.800   4.400   1.400   0
11039  117.50   -0.60    0.00    0.00  11   4.220   0.231   3.989   0
11040   96.70  -11.70    0.00    0.00  11   3.560   1.050   2.510   0
11041  120.00  -10.00    0.00    0.00  10   6.350   2.030   4.320   0
11042  123.76   -5.50    0.00    0.00  13   7.298   4.632   2.666   0
11043  124.56   -8.18    0.01    0.05  2   6.370   6.240   0.130   0
11044  136.91   -4.82    0.12    0.09  5   3.957   0.910   3.047   0
11045  123.85  -11.95    0.00    0.00  1  19.980  19.980   0.000   0
11046  124.45  -12.89    0.00    0.00  2  21.980  17.810   4.170   0
11047  126.30  -11.21    0.00    0.00  2  17.650  17.450   0.200   0
11048  128.07  -12.19    0.70    0.84  36  44.960   4.690  40.270   0
11049  127.58  -11.98    4.45    1.68  28  37.020  12.970  24.050   0
11050  137.58  -10.65    0.00    0.00  1  12.200  12.200   0.000   0
11051  142.62  -10.10    0.52    0.65  27   7.010   1.390   5.620   0
11052  147.69   -6.19    0.20    0.20  180  61.400   0.736  60.664   0
11053  182.35   28.28    0.96    0.20  7   3.750   1.230   2.520   0
11054  201.34   21.82    1.80    0.94  88   4.750   0.120   4.630   0
11055  145.20   14.10    0.00    0.00  33   5.700   0.120   5.580   0
11056  144.78   13.41    0.00    0.00  24   5.115   0.260   4.855   0
11057  134.35    7.42    0.00    0.00  8   8.310   3.920   4.390   0
11058  134.35    7.42    0.00    0.00  13   7.970   0.000   7.970   0
11059  144.45    7.25    0.00    0.00  1   4.000   4.000   0.000   0
11060  152.04    7.19    2.16    2.05  8   6.500   1.270   5.230   0
11061  159.98    6.33    4.72    1.58  7   6.080   1.000   5.080   0
11062  162.38   11.44    0.07    0.08  11   5.681   0.140   5.541   0
11063  162.97    5.28    0.00    0.00  1   3.280   3.280   0.000   0
11064  168.87    5.76    0.94    2.71  8   3.450   2.290   1.160   0
11065  173.46    0.08    1.09    4.50  17   3.980   1.320   2.660   0
11066  189.00   -3.13    0.00    0.00  3   4.890   2.400   2.490   0
11067  200.00   -0.25    0.00    0.00  1   3.980   3.980   0.000   0
11068  202.62    1.82    0.06    0.06  6   5.060   2.130   2.930   0
11069  205.50   -4.05    0.00    0.00  1   3.550   3.550   0.000   0
11070  204.00   -5.62    0.00    0.00  1   2.400   2.400   0.000   0
11071  178.83   -8.53    1.09    0.18  9   2.760   1.040   1.720   0
11072  198.30  -10.20    0.00    0.00  3   3.180   2.467   0.713   0
11073  188.06  -13.95    0.92    0.53  24   4.845   0.000   4.845   0
11074  196.89  -13.26    0.07    0.11  4   4.650   1.700   2.950   0
11075  192.99  -15.61    0.00    0.00  23  22.709   6.150  16.559   0
11076  166.07  -22.00    2.13    1.69  23   8.160   0.770   7.390   0
11077  168.18  -17.70    2.20    0.25  11  29.880   1.670  28.210   0
11078  177.93  -18.78    0.54    0.44  2   1.550   1.285   0.265   0
11079  178.00  -17.33    0.00    0.00  7   5.175   1.090   4.085   0
11080  178.20  -18.33    0.00    0.00  25   6.400   1.485   4.915   0
11081  178.78  -17.74    0.03    0.12  17   6.465   2.905   3.560   0
11082  179.38  -16.91    0.00    0.00  12   6.400   2.290   4.110   0
11083  180.84  -18.39    1.45    1.69  14   5.325   1.545   3.780   0
11084  178.97  -17.91    3.72    2.09  77   6.465   1.090   5.375   0
11085  185.12  -20.97    1.70    1.59  6   5.900   3.090   2.810   0
11086  200.68  -21.14    1.86    3.05  37   7.103   0.150   6.953   0
11087  200.22  -21.23    0.00    0.00  3   6.090   2.030   4.060   0
11088  209.57  -22.93    1.80    0.86  2   1.900   1.800   0.100   0
11089  210.42  -17.53    0.00    0.00  165  16.080   2.936  13.144   0
11090  210.45  -17.45    0.00    0.00  34  16.020   7.210   8.810   0
11091  208.29  -16.72    4.23    1.08  7   4.100   2.250   1.850   0
11092  212.78  -15.24    3.55    1.26  32   5.420   0.705   4.715   0
11093  217.01   18.20    4.41    3.99  17   6.150   0.210   5.940   0
11094  221.75   18.93    2.90    2.50  17   4.300   1.275   3.025   0
11095  221.16  -21.81    0.12    0.07  19  59.000   2.910  56.090   0
11096  225.32  -23.21    0.39    0.23  2   2.600   1.950   0.650   0
11101  115.89  -32.02    0.45    0.32  12   9.240   1.180   8.060   0
11102  113.81  -28.69    0.03    0.02  24   9.800   1.058   8.742   0
11103  113.00  -24.60    0.00    0.00  3   5.040   3.190   1.850   0
11104  124.11  -15.64    6.13    2.05  23  11.300   1.905   9.395   0
11105  130.33  -12.72    0.00    0.00  5   3.390   2.050   1.340   0
11106  131.87  -12.22    0.00    0.00  5   4.490   1.030   3.460   0
11107  136.67  -15.78    0.00    0.00  1   5.808   5.808   0.000   0
11108  140.83  -17.42    0.00    0.00  5   6.380   0.868   5.512   0
11109  143.95  -14.03    0.00    0.00  14   6.820   3.660   3.160   0
11110  144.24  -14.20    0.12    0.18  15   6.490   3.090   3.400   0
11111  145.50  -14.67    0.00    0.00  10   8.170   0.077   8.093   0
11112  145.14  -14.74    2.24    3.50  16   6.450   1.430   5.020   0
11113  145.50  -16.58    0.00    0.00  5   5.150   1.190   3.960   0
11114  146.31  -17.39    0.30    1.23  13  10.050   7.200   2.850   0
11115  146.17  -18.03    0.00    0.00  9   7.110   4.520   2.590   0
11116  146.23  -18.26    0.10    0.92  26   8.935   3.380   5.555   0
11117  146.50  -18.62    0.00    0.00  10   6.610   1.630   4.980   0
11118  146.68  -18.69    0.79    0.43  16   6.400   2.630   3.770   0
11119  147.43  -19.20    0.00    0.00  13   9.225   0.635   8.590   0
11120  146.60  -19.03    0.00    0.00  4   7.010   5.380   1.630   0
11121  146.87  -19.11    0.01    0.15  32   7.390   0.410   6.980   0
11122  148.18  -19.23    0.00    0.00  2   5.800   4.390   1.410   0
11123  148.13  -19.28    0.00    0.00  12   7.010   2.770   4.240   0
11124  148.12  -19.98    0.39    0.23  8   6.870   1.270   5.600   0
11125  148.88  -20.60    0.00    0.00  2   2.510   1.930   0.580   0
11126  150.50  -20.74    0.00    0.00  22   7.890   1.820   6.070   0
11127  150.08  -20.97    0.00    0.00  13  36.700   4.470  32.230   0
11128  152.34  -23.29    0.26    0.62  3  16.900  13.860   3.040   0
11129  153.00  -30.53    0.00    0.10  6   3.840   1.860   1.980   0
11130  159.08  -31.30    0.00    0.00  5   6.100   0.800   5.300   0
11131  151.49  -33.41    2.00    1.16  22  26.540   2.280  24.260   0
11132  151.03  -34.15    0.22    0.40  27   8.260   0.250   8.010   0
11133  150.57  -34.89    0.70    0.13  48   9.855   1.740   8.115   0
11134  142.66  -35.78  150.25    0.36  20  10.400   1.780   8.620   0
11135  147.13  -40.59    1.62    1.17  4   7.380   2.330   5.050   0
11136  147.63  -42.82    0.60    0.95  8   6.105   0.043   6.062   0
11137  144.97  -37.75    0.00    0.00  3   8.780   6.010   2.770   0
11138  138.69  -34.76    0.12    0.02  22   6.800   0.260   6.540   0
11139  138.60  -34.65    0.00    0.00  17   6.690   0.300   6.390   0
11140  138.13  -34.08    0.00    0.00  30   7.070   0.460   6.610   0
11141  138.20  -34.70    0.00    0.00  27  44.650   0.000  44.650   0
11142  138.00  -33.17    0.00    0.00  35   6.695   0.394   6.301   0
11143  137.90  -32.68    0.00    0.00  39   7.900   0.000   7.900   0
11144  137.00  -33.65    0.00    0.00  15   7.210   1.780   5.430   0
11145  136.00  -34.70    0.00    0.00  26   6.410   1.310   5.100   0
11146  133.79  -32.10    0.25    0.60  24   6.860   1.360   5.500   0
11201  174.20  -36.50    0.00    0.00  8   4.440   1.000   3.440   0
11202  174.80  -36.90    0.00    0.00  18   6.260   0.365   5.895   0
11203  175.20  -37.10    0.00    0.00  19   4.550   0.200   4.350   0
11204  178.20  -38.50    0.00    0.00  17   9.960   1.000   8.960   0
11205  178.00  -38.70    0.00    0.00  23  18.120   1.051  17.069   0
11206  178.00  -38.70    0.00    0.00  18   9.374   1.999   7.375   0
11207  177.95  -39.08    0.00    0.00  14   4.560   0.260   4.300   0
11208  178.00  -39.10    0.00    0.00  16   3.900   0.310   3.590   0
11209  175.30  -40.45    0.00    0.00  1   9.900   9.900   0.000   0
11210  175.10  -41.40    0.00    0.00  13   8.360   3.470   4.890   0
11211  174.38  -41.57    0.00    0.00  11  10.000   1.000   9.000   0
11212  172.77  -43.68    0.00    0.00  26   9.850   0.740   9.110   0
11213  170.32  -45.96    0.80    0.68  13   6.750   0.413   6.337   0
11214  159.00  -54.50    0.00    0.00  1   6.100   6.100   0.000   0
12001  300.42  -62.34    2.40    0.48  104  27.948   0.000  27.948   4
12002  302.66  -63.61    0.01    0.01  4   6.977   1.582   5.395   4
12003  302.22  -63.85    0.41    0.15  18   7.360   3.630   3.730   4
12004  291.70  -67.70    0.00    0.00  20   4.950   0.000   4.950   4
12005  292.74  -67.70    0.10    0.21  6   6.420   1.180   5.240   4
12006   39.61  -69.32    2.10    0.86  116   9.290   0.000   9.290   4
12007   76.23  -69.38    0.31    0.04  9  12.210   2.092  10.118   4
12008   78.13  -68.60    1.17    0.37  39  13.368   1.462  11.906   4
12009  163.81  -74.87    1.08    1.08  101   7.500   0.080   7.420   4
12010  163.49  -77.25    0.86    0.84  148  10.380   0.000  10.380   4
12011  162.98  -76.72    0.05    0.03  22   5.840   1.435   4.405   4
12012  163.17  -77.04    0.00    0.00  14   3.269   0.000   3.269   4
12013  163.50  -77.24    0.00    0.00  23  10.380   1.244   9.136   4
12014  163.56  -77.34    0.00    0.05  25   6.306   2.270   4.036   4
12015  163.74  -77.40    0.00    0.00  14   5.942   4.290   1.652   4
12016  163.77  -77.45    0.07    0.03  34   6.840   0.777   6.063   4
12017  163.50  -77.54    0.02    0.00  17   5.370   3.320   2.050   4
12018  257.06  -73.82    0.00    0.00  1   2.200   2.200   0.000   4
12019  291.55  -70.82    0.00    0.00  1   4.600   4.600   0.000   4
12021   77.80  -68.81    0.13    0.02  8  13.368   8.465   4.903   4
12022  110.55  -66.30    0.00    0.00  9   6.860   1.835   5.025   4
12023  109.00  -66.50    0.00    0.00  1   7.500   7.500   0.000   4
12024  111.00  -66.50    0.00    0.00  1   7.500   7.500   0.000   4
12025  134.37  -66.10    0.00    0.00  1   7.500   7.500   0.000   4
12026  142.67  -67.00    0.00    0.00  1   7.500   7.500   0.000   4
12027  157.00  -69.10    0.00    0.00  1   7.500   7.500   0.000   4
12028   50.67  -66.75    0.00    0.00  2   9.750   7.500   2.250   4
12029  323.41  -54.43    0.00    0.00  9  10.755   0.710  10.045   0
