KEY  LON  LAT  LON_lim  LAT_lim  num_datapoint  oldest_age  youngest_age length_age
1135  278.27   77.62    0.42    0.32  11   9.197   6.053   3.144
1136  278.25   77.30    2.24    0.31  42  10.320   2.024   8.296
1137  282.20   76.80    0.00    0.01  2  10.077   9.692   0.385
1138  280.36   76.31    0.85    0.15  2   9.997   7.234   2.763
1139  280.97   75.88    0.04    0.02  9   9.865   6.836   3.029
1140  278.38   76.49    0.00    0.00  1   9.970   9.970   0.000
1141  277.78   76.83    1.03    0.07  2   9.270   8.908   0.362
1142  276.62   76.62    1.01    0.40  2   9.885   9.486   0.399
1143  275.47   76.72    0.00    0.00  1   7.866   7.866   0.000
1144  274.96   76.46    0.20    0.25  11  10.146   2.848   7.298
1145  273.77   76.49    0.98    0.32  5   9.734   5.453   4.281
1146  272.49   76.39    0.50    0.05  36  10.404   0.067  10.337
1147  272.44   76.61    0.62    0.28  5   9.957   0.659   9.298
1148  271.70   76.47    0.00    0.00  1   9.592   9.592   0.000
1149  271.51   77.00    1.27    0.18  3   9.218   7.682   1.536
1150  270.05   77.27    0.00    0.00  1   8.420   8.420   0.000
1151  273.24   77.86    1.09    0.06  18   9.459   2.347   7.112
1152  275.07   77.30    0.91    0.01  2   8.490   0.750   7.740
1154  275.10   77.56    0.72    0.08  3   8.907   8.447   0.460
1192  264.94   77.59    1.20    0.19  4   9.444   8.532   0.912
1201  264.43   77.01    1.47    0.10  8   9.414   0.913   8.501
1202  265.68   76.91    0.97    0.11  16   9.498   1.131   8.367
1203  266.52   76.79    0.08    0.05  4   9.264   1.045   8.219
1204  267.86   76.56    0.89    0.12  10   9.042   1.674   7.368
1205  269.51   76.77    0.00    0.00  1   8.051   8.051   0.000
1206  269.43   76.50    0.00    0.00  1   3.887   3.887   0.000
1207  269.54   76.18    2.20    0.50  8  10.304   3.983   6.321
1208  269.93   75.79    0.00    0.00  1   9.622   9.622   0.000
1209  271.02   75.45    1.36    0.20  5   9.705   3.270   6.435
1210  272.40   75.43    0.00    0.00  1  10.032  10.032   0.000
1211  274.34   75.56    0.44    0.05  15   8.757   3.563   5.194
1212  275.42   75.66    0.29    0.14  27  10.696   2.533   8.163
1213  276.17   75.78    0.45    0.03  15  10.521   3.535   6.986
1214  276.37   74.57    0.48    0.15  19  10.957   9.040   1.917
1215  274.43   74.69    0.02    0.00  2   9.724   9.654   0.070
1216  273.20   74.62    0.00    0.00  1   9.694   9.694   0.000
1217  271.58   74.80    0.00    0.09  2   9.414   8.905   0.509
1218  269.42   74.90    0.00    0.00  1   8.751   8.751   0.000
1219  268.66   74.65    0.20    0.12  8  10.525   1.999   8.526
1220  268.01   74.91    0.30    0.16  23   9.936   1.318   8.618
1221  268.11   75.16    0.24    0.06  2   9.399   9.262   0.137
1222  267.76   75.39    0.00    0.00  1   9.555   9.555   0.000
1223  268.11   75.66    0.54    0.10  6   8.739   0.937   7.802
1224  268.79   75.76    0.00    0.00  1   8.844   8.844   0.000
1225  267.48   76.06    0.62    0.23  15   8.752   0.328   8.424
1226  266.60   76.32    1.63    0.21  25   9.187   0.571   8.616
1227  265.03   76.31    0.99    0.15  18   9.209   1.355   7.854
1228  264.46   76.58    0.02    0.00  2   9.112   7.777   1.335
1229  265.11   76.12    0.01    0.00  3   4.983   0.827   4.156
1230  265.44   75.79    0.43    0.02  2   9.277   5.738   3.539
1231  265.26   75.38    0.08    0.00  2   5.409   1.604   3.805
1232  263.91   75.06    0.12    0.05  2   8.399   7.484   0.915
1233  265.12   74.72    0.57    0.14  31  10.210   3.575   6.635
1234  264.28   74.61    0.23    0.09  5   9.918   1.294   8.624
1235  262.45   74.56    0.37    0.12  11  10.401   0.481   9.920
1236  263.13   75.37    0.34    0.06  9   9.886   3.424   6.462
1237  261.32   75.26    3.05    0.75  14  10.183   1.025   9.158
1238  261.35   75.77    3.54    0.49  26  10.557   1.739   8.818
1239  260.67   76.30    3.23    0.63  28  10.823   6.324   4.499
1240  259.95   76.45    0.00    0.00  5   8.836   8.114   0.722
1241  257.67   75.58    0.86    0.07  4  10.719   8.640   2.079
1242  255.41   75.09    0.38    0.05  2  10.748  10.344   0.404
1243  262.74   75.51    0.03    0.02  3   3.174   2.198   0.976
1244  257.60   76.04    2.04    0.38  6  10.918   7.306   3.612
1245  256.34   76.43    1.64    0.27  9  11.796   0.828  10.968
1246  258.73   76.81    0.08    0.00  3   2.732   0.803   1.929
1249  250.48   75.65    2.87    0.32  4  11.617   7.485   4.132
1250  251.89   75.96    1.70    0.32  8  10.162   0.774   9.388
1251  253.67   76.05    0.00    0.00  1   0.703   0.703   0.000
1252  254.03   75.42    1.85    1.05  11  10.539   0.125  10.414
1253  249.32   74.73    3.93    0.64  18  13.315   0.604  12.711
1254  246.44   74.83    0.28    0.03  2  13.175  12.535   0.640
1301  266.13   72.25    0.64    0.43  15  10.122   0.552   9.570
1302  266.40   72.83    1.01    0.21  18  10.114   0.609   9.505
1303  269.23   73.96    0.69    0.08  5  10.049   1.513   8.536
1304  266.26   74.06    0.82    0.17  7   9.907   1.325   8.582
1305  265.12   74.00    0.57    0.41  10  10.563   0.445  10.118
1306  264.94   72.81    1.27    0.37  13   9.997   1.873   8.124
1307  260.65   71.70    0.97    0.58  5   8.477   1.545   6.932
1308  262.26   71.65    1.05    0.09  7   9.413   4.815   4.598
1309  262.27   72.19    0.31    0.06  3  10.029   9.352   0.677
1310  263.44   72.11    0.12    0.21  3   9.928   9.371   0.557
1311  263.36   72.44    0.42    0.23  2   4.977   0.404   4.573
1312  261.55   72.77    0.30    0.30  7   9.860   0.599   9.261
1313  262.95   72.83    0.72    0.28  11   9.860   0.320   9.540
1314  263.04   73.09    0.42    0.19  14  10.253   0.108  10.145
1315  262.21   73.36    1.97    0.40  9  10.316   1.123   9.193
1316  262.60   73.81    0.70    0.14  9  10.823   0.707  10.116
1317  262.19   74.03    0.58    0.21  5  10.126   2.236   7.890
1318  261.52   73.73    0.35    0.17  5  10.511   1.448   9.063
1319  261.05   73.97    0.72    0.11  8   5.485   0.589   4.896
1320  260.31   73.69    1.24    0.17  8  12.088   2.904   9.184
1321  259.40   73.38    0.53    0.14  5  11.142   4.408   6.734
1322  260.24   73.20    0.70    0.23  10  10.450   0.141  10.309
1323  258.22   72.91    0.62    0.31  9  11.654   0.837  10.817
1324  257.44   72.87    0.36    0.25  11  11.141   1.310   9.831
1325  254.55   72.13    0.00    0.00  1   9.494   9.494   0.000
1326  255.67   71.38    0.00    0.00  1   1.862   1.862   0.000
1327  254.98   69.95    0.48    0.28  5   9.359   8.563   0.796
1328  254.94   69.13    0.55    0.07  4   8.469   1.952   6.517
1329  253.69   69.46    2.22    0.27  18   9.391   0.973   8.418
1330  251.92   70.30    3.50    0.40  2  10.609   8.631   1.978
1331  251.14   69.10    2.08    0.27  3  10.390   0.511   9.879
1332  249.30   68.73    1.06    0.20  2  10.054   5.624   4.430
1333  246.71   68.64    0.49    0.27  34  10.420   0.282  10.138
1334  246.65   69.19    1.87    0.26  3  10.057   8.116   1.941
1335  244.15   69.32    0.84    0.13  45  10.846   0.537  10.309
1336  243.20   69.65    0.65    0.13  19  12.213   0.174  12.039
1337  242.74   69.98    0.30    0.27  40  12.786   0.121  12.665
1338  243.48   70.16    0.83    0.11  7  11.252   1.065  10.187
1339  244.63   70.26    0.67    0.06  31  11.578   0.600  10.978
1340  246.52   70.25    1.35    0.13  15  11.729   0.593  11.136
1341  247.22   70.58    0.71    0.10  31  11.594   0.600  10.994
1342  246.09   70.69    1.17    0.09  17  10.956   0.734  10.222
1343  243.68   70.65    0.09    0.01  2  10.525   9.701   0.824
1344  242.17   70.76    0.16    0.08  8  12.724   9.378   3.346
1345  241.78   71.06    0.53    0.53  16  12.846   0.372  12.474
1346  243.02   71.44    0.00    0.00  1  11.242  11.242   0.000
1347  241.17   71.69    0.69    0.32  29  13.032   0.228  12.804
1348  241.95   72.25    0.04    0.02  2  12.986  12.682   0.304
1349  243.93   73.12    0.00    0.00  1  12.721  12.721   0.000
1350  246.01   72.95    0.75    0.72  11  13.055   2.203  10.852
1351  249.39   72.70    2.10    0.74  6  13.404   3.422   9.982
1352  252.39   71.93    1.86    0.60  12  11.429   0.599  10.830
1353  252.35   72.97    1.90    0.59  7  11.489   1.111  10.378
1354  254.99   73.56    0.70    0.55  9  10.488   1.246   9.242
1356  243.11   73.25    1.52    0.76  6  12.466   7.473   4.993
1401  272.95   73.78    0.21    0.08  9  10.575   7.670   2.905
1402  274.53   73.82    0.30    0.00  10  10.943   8.979   1.964
1403  274.88   73.63    0.01    0.00  2  10.761   7.771   2.990
1404  273.20   72.72    0.28    0.05  13  10.145   0.822   9.323
1405  273.74   72.41    0.07    0.07  22  10.027   0.405   9.622
1406  273.54   72.19    0.04    0.06  19   9.758   0.791   8.967
1407  273.89   71.78    0.28    0.11  36   8.775   0.116   8.659
1408  274.54   71.78    0.43    0.17  23   7.204   0.282   6.922
1409  275.52   71.50    0.33    0.23  26   7.608   0.944   6.664
1410  274.39   72.65    0.27    0.13  7   7.877   0.607   7.270
1411  274.96   73.05    0.05    0.00  9  20.075   5.828  14.247
1412  275.71   73.16    0.14    0.11  2   9.732   7.583   2.149
1413  277.03   73.66    0.13    0.07  5   9.405   1.214   8.191
1414  279.37   73.03    0.00    0.03  34   3.852   0.619   3.233
1415  279.58   72.80    0.32    0.17  39  10.038   1.087   8.951
1416  280.65   73.04    3.92    0.41  7  11.053   6.689   4.364
1417  278.77   72.30    0.11    0.08  6   8.335   4.025   4.310
1418  278.91   72.06    1.06    0.11  16   8.206   0.185   8.021
1419  279.11   71.88    0.07    0.01  8   7.139   0.642   6.497
1420  279.84   72.45    0.69    0.01  2  10.569   8.008   2.561
1421  281.99   72.69    0.06    0.02  3   4.656   0.559   4.097
1422  281.08   71.94    0.98    0.13  9   9.132   1.975   7.157
1423  282.10   71.78    0.63    0.16  6   7.192   2.734   4.458
1424  283.67   71.75    0.00    0.00  1   7.358   7.358   0.000
1425  285.73   71.91    0.09    0.02  3   8.846   7.893   0.953
1426  285.13   71.36    0.88    0.32  13   9.701   2.848   6.853
1427  287.12   71.44    0.00    0.28  3   8.914   5.671   3.243
1428  288.14   71.44    0.95    0.40  3  11.387   8.434   2.953
1429  288.76   71.20    0.34    0.01  3  11.435   4.793   6.642
1430  288.46   70.07    0.42    0.27  9   8.162   4.035   4.127
1431  291.16   70.47    0.57    0.57  11  13.378   4.475   8.903
1432  291.30   69.95    0.43    0.18  5   9.118   7.327   1.791
1433  289.64   69.88    0.88    0.38  17   9.410   2.717   6.693
1434  289.98   69.61    0.03    0.16  12   8.717   2.764   5.953
1435  291.60   69.50    1.29    0.08  5   9.660   3.958   5.702
1436  291.85   69.30    0.07    0.02  4  10.045   7.838   2.207
1437  292.52   69.18    0.60    0.05  2  11.678   9.008   2.670
1438  291.66   68.98    0.69    0.06  3   9.611   6.211   3.400
1439  290.93   68.96    0.10    0.03  5  10.023   3.703   6.320
1440  290.65   68.84    0.50    0.16  8   6.908   3.388   3.520
1441  291.36   68.74    0.03    0.07  5  10.360   4.116   6.244
1442  291.62   68.56    0.90    0.10  8   9.289   4.058   5.231
1443  293.28   68.30    0.61    0.69  11  10.158   2.152   8.006
1444  292.62   68.20    0.00    0.00  1   5.979   5.979   0.000
1445  294.01   67.90    0.43    0.13  5   9.272   5.390   3.882
1446  295.06   68.03    0.30    0.10  9  11.507   1.105  10.402
1447  294.57   67.68    0.45    0.41  11   9.908   0.458   9.450
1448  295.01   67.35    0.04    0.09  3   7.087   5.934   1.153
1449  295.98   67.55    0.06    0.06  5  11.077   0.635  10.442
1450  295.35   66.95    0.00    0.00  1   8.210   8.210   0.000
1451  297.23   67.00    0.00    0.00  1   2.612   2.612   0.000
1452  297.05   66.58    0.00    0.00  1   0.991   0.991   0.000
1453  295.07   65.81    1.04    1.01  12  10.657   0.815   9.842
1454  294.23   66.14    0.36    0.03  12   9.773   2.533   7.240
1455  293.50   66.45    0.46    0.34  5   9.514   0.552   8.962
1456  292.34   66.59    0.62    0.08  7   6.817   0.602   6.215
1457  293.05   65.45    0.00    0.00  1   9.622   9.622   0.000
1458  293.30   64.78    0.00    0.00  1   9.523   9.523   0.000
1459  294.95   63.67    0.10    0.24  4  10.257   6.268   3.989
1460  295.49   63.10    0.48    0.56  2  10.726   0.623  10.103
1461  291.63   63.63    1.33    0.41  31   9.875   0.522   9.353
1462  291.80   63.24    0.38    0.05  10  10.025   8.303   1.722
1463  293.06   63.08    0.10    0.07  3  10.360   9.719   0.641
1464  293.52   63.06    0.02    0.02  4  10.436   8.904   1.532
1465  293.47   62.90    0.00    0.00  2  10.684  10.268   0.416
1466  294.43   62.90    0.95    0.40  19  12.607   1.433  11.174
1467  282.25   63.95    0.00    0.00  1   7.931   7.931   0.000
1468  295.28   62.46    0.41    0.10  7  13.119  11.305   1.814
1469  292.97   62.67    0.11    0.00  2  10.045  10.043   0.002
1470  293.66   62.36    0.58    0.40  28  11.031   4.722   6.309
1471  293.89   62.08    0.10    0.15  13  10.355   9.042   1.313
1472  295.00   61.78    0.00    0.00  2  10.201  10.038   0.163
1473  292.63   62.13    0.02    0.01  4  10.563   8.548   2.015
1474  292.21   62.22    0.13    0.01  2   8.847   8.035   0.812
1475  291.53   62.27    0.36    0.06  3   9.195   8.297   0.898
1476  290.35   62.70    0.58    0.35  37   8.749   0.589   8.160
1477  289.55   62.62    0.40    0.12  8   8.871   6.981   1.890
1478  288.65   63.08    0.00    0.00  1   8.381   8.381   0.000
1479  283.50   64.37    0.95    0.57  6   8.646   5.831   2.815
1480  282.96   63.52    0.51    0.16  3   8.569   3.362   5.207
1481  282.01   63.32    0.25    0.31  6   8.019   6.426   1.593
1482  287.65   65.60    1.65    0.71  4   7.485   4.855   2.630
1483  284.84   69.25    1.82    0.44  13   7.361   1.634   5.727
1484  281.06   69.15    0.56    0.19  4   4.202   0.600   3.602
1485  282.32   70.20    1.01    0.37  19   6.305   2.465   3.840
1486  280.75   70.57    0.00    0.00  1   4.847   4.847   0.000
1487  281.14   69.85    0.97    0.46  17   6.224   0.754   5.470
1488  279.75   69.62    0.66    0.28  15   6.768   0.590   6.178
1489  276.89   70.02    0.00    0.00  1   2.925   2.925   0.000
1490  275.00   70.13    0.60    0.06  8   6.855   2.104   4.751
1491  273.88   70.12    0.00    0.00  1   6.381   6.381   0.000
1492  273.34   70.04    0.22    0.08  8   6.958   4.720   2.238
1493  272.84   70.41    1.87    0.32  11   9.636   1.061   8.575
1494  270.82   70.97    0.50    0.32  13   8.826   0.790   8.036
1495  272.31   70.92    0.97    0.08  10   9.484   1.909   7.575
1496  273.45   70.95    0.26    0.08  8   7.926   2.492   5.434
1497  274.98   70.90    0.40    0.20  8   7.519   1.746   5.773
1498  274.28   71.12    0.23    0.05  8   4.842   2.042   2.800
1499  273.53   71.09    0.54    0.16  7   7.581   3.211   4.370
1500  272.50   71.13    0.67    0.25  12   8.356   2.022   6.334
1501  271.35   71.31    0.36    0.02  2   8.752   7.162   1.590
1502  270.41   71.39    0.75    0.15  8   9.286   1.887   7.399
1503  270.12   72.04    0.49    0.18  19  10.326   2.052   8.274
1504  270.20   71.77    0.00    0.00  1   9.990   9.990   0.000
1505  270.31   72.59    0.34    0.26  21  10.861   2.824   8.037
1603  303.04   53.72    1.33    0.90  14  11.214   0.965  10.249
1604  302.51   54.44    0.98    0.41  51   9.505   0.383   9.122
1605  301.59   54.19    1.17    0.35  8  11.845   0.679  11.166
1606  299.75   53.48    0.63    0.46  13   8.258   0.814   7.444
1607  299.83   54.76    0.95    0.28  8   8.522   0.787   7.735
1608  300.60   55.21    2.12    0.14  11  11.810   3.505   8.305
1609  299.46   55.75    0.80    0.45  8   8.850   0.465   8.385
1610  298.54   56.75    1.98    1.20  54   8.515   0.600   7.915
1611  297.00   58.07    0.58    0.23  3   7.373   4.722   2.651
1612  297.02   58.55    0.57    0.37  15   8.698   1.120   7.578
1613  296.37   59.06    0.41    0.26  9  11.068   0.130  10.938
1614  296.18   59.34    0.39    0.06  5  10.114   1.252   8.862
1615  295.59   59.91    0.43    0.30  7   9.931   8.679   1.252
1616  295.18   60.42    0.00    0.00  2   5.822   5.728   0.094
1617  294.00   58.74    0.69    0.32  18   8.114   0.308   7.806
1618  291.64   58.05    1.70    0.57  5   7.476   2.394   5.082
1619  290.03   59.37    0.91    1.43  37   8.170   0.351   7.819
1620  292.06   60.50    0.47    0.12  7   8.352   0.978   7.374
1621  290.13   60.88    0.43    0.32  79   7.886   0.259   7.627
1622  287.25   61.98    0.92    0.62  21   9.350   1.186   8.164
1623  285.77   62.19    1.05    0.40  59   9.991   0.376   9.615
1624  285.77   62.66    0.28    0.04  6   7.990   1.814   6.176
1625  284.18   62.21    1.04    0.37  39   8.704   1.508   7.196
1626  282.26   62.19    1.05    1.09  17   8.072   2.368   5.704
1627  280.00   62.00    0.00    0.00  3   7.722   6.971   0.751
1628  282.23   60.41    2.23    0.73  20   8.260   0.307   7.953
1629  280.02   59.83    0.18    0.05  11   8.012   0.836   7.176
1630  282.91   57.82    2.88    1.13  14   7.828   1.025   6.803
1631  280.79   56.66    0.01    0.00  4   3.077   2.330   0.747
1632  283.55   56.57    1.65    1.00  60   8.285   0.558   7.727
1633  282.58   55.45    2.38    0.70  87   8.199   0.087   8.112
1634  282.38   54.73    9.20    6.92  211   8.556   0.087   8.469
1635  282.15   53.63    1.93    1.54  25   8.556   0.328   8.228
1636  282.26   51.99    2.17    1.42  15   8.023   0.117   7.906
1637  281.64   50.60    1.99    0.61  9   7.729   4.227   3.502
1638  277.46   50.27    2.75    0.57  15   8.464   4.631   3.833
1639  276.34   51.47    2.25    0.86  4   8.276   4.411   3.865
1640  276.25   54.32    4.05    1.88  10   7.814   1.112   6.702
1641  272.42   55.24    1.42    1.17  4   7.980   3.212   4.768
1642  266.34   56.71    3.55    1.79  38   8.402   0.637   7.765
1643  265.58   58.71    3.55    2.08  25   8.568   0.130   8.438
1644  265.04   61.37    2.50    1.62  33   7.634   0.654   6.980
1645  266.14   63.69   11.99    2.00  20   7.482   0.457   7.025
1646  277.00   62.50    0.00    0.00  1   6.375   6.375   0.000
1647  276.05   64.57    3.47    1.85  36   8.297   0.601   7.696
1648  269.77   66.17    0.00    0.00  1   6.015   6.015   0.000
1649  273.71   66.59    1.52    0.34  9   7.729   2.903   4.826
1650  277.79   67.88    0.15    0.06  3   7.472   6.765   0.707
1651  277.30   68.15    0.50    0.28  3   7.320   6.404   0.916
1652  277.39   68.36    0.30    0.11  6   6.876   1.475   5.401
1653  277.59   68.66    1.64    0.20  9   7.202   0.666   6.536
1654  278.09   69.32    1.73    0.40  31   6.349   0.843   5.506
1655  274.70   69.70    0.24    0.09  7   9.625   3.081   6.544
1656  274.77   69.37    0.36    0.33  12   9.813   5.250   4.563
1657  275.81   69.68    1.23    0.47  7   7.204   4.080   3.124
1658  275.22   68.82    0.89    0.35  9   7.478   2.541   4.937
1659  274.24   68.24    0.02    0.06  2   6.975   6.606   0.369
1660  271.58   67.82    0.00    0.00  1   9.256   9.256   0.000
1661  269.32   69.03    1.29    0.39  3  10.236   7.950   2.286
1662  267.89   68.62    3.78    1.07  11   9.531   0.927   8.604
1663  267.67   70.12    0.22    0.33  5   9.652   0.777   8.875
1664  266.03   71.29    0.81    0.27  3  10.055   9.965   0.090
1665  264.46   71.10    0.22    0.32  3   9.719   0.151   9.568
1666  263.94   70.40    0.74    0.07  4   9.455   2.105   7.350
1667  262.53   69.25    2.16    1.25  7   8.181   0.377   7.804
1668  263.70   66.13    0.00    0.00  1   6.604   6.604   0.000
1669  262.22   68.37    0.00    0.00  1   3.594   3.594   0.000
1670  257.17   66.90    1.29    0.16  2   8.576   8.220   0.356
1671  254.95   68.13    0.00    0.00  1   5.061   5.061   0.000
1672  252.66   67.83    2.50    1.29  15   9.922   1.946   7.976
1673  252.75   67.34    0.66    0.17  2   8.745   8.710   0.035
1674  252.62   66.63    0.84    0.52  10   8.891   1.423   7.468
1675  249.81   67.83    0.78    0.09  2  10.932   4.256   6.676
1676  248.55   67.66    1.33    0.05  4  10.473   1.758   8.715
1677  246.61   67.66    0.34    0.03  4  11.285   8.304   2.981
1678  244.90   67.89    2.40    0.58  30  11.142   0.753  10.389
1679  244.74   68.41    0.60    0.37  15  12.922   7.827   5.095
1680  246.03   68.43    0.00    0.00  2   1.650   0.707   0.943
1681  243.80   68.73    1.52    0.14  9  11.900   6.094   5.806
1682  241.41   69.14    0.18    0.07  6  12.247   9.547   2.700
1683  239.35   69.51    1.45    0.38  9  12.427  10.483   1.944
1684  237.42   69.37    0.00    0.00  1  12.978  12.978   0.000
2009  289.40   76.80    0.75    0.30  6  10.169   0.920   9.249
2010  286.87   76.72    0.11    0.01  6  10.033   3.562   6.471
4026  302.16   51.38    0.23    0.11  8  10.214   0.520   9.694
4027  300.06   50.79    2.96    1.34  10   8.052   0.614   7.438
4028  296.52   49.57    2.19    0.73  34  16.022   1.015  15.007
4029  295.76   49.83    0.39    0.22  20  16.423   0.307  16.116
4030  295.40   50.28    2.39    0.25  22  11.603   0.801  10.802
4031  293.64   50.24    1.34    0.60  35  12.176   6.235   5.941
4032  291.80   49.27    0.30    0.29  26  11.882   8.191   3.691
4033  291.12   48.83    0.00    0.00  6   9.964   8.366   1.598
4034  290.30   48.12    0.23    0.16  78  13.121   0.639  12.482
4035  288.58   48.46    1.59    0.31  19  11.686   7.836   3.850
4036  289.61   47.49    0.27    0.29  11  13.653   0.537  13.116
4037  287.34   46.50    0.78    0.31  14  13.177   9.505   3.672
4038  282.97   45.89    1.46    0.44  13  13.021  10.284   2.737
4039  284.26   45.49    1.25    0.43  48  13.437   5.341   8.096
4040  284.23   45.17    0.67    0.50  17  12.952  11.550   1.402
4041  284.18   44.62    1.00    0.33  7  14.558  11.872   2.686
4042  285.33   45.10    1.25    0.48  28  13.324   8.378   4.946
4043  285.56   45.42    1.04    0.51  24  13.110   8.495   4.615
4044  286.10   45.62    0.69    0.49  25  13.078   7.608   5.470
4045  286.87   45.40    1.39    0.47  32  12.989   8.126   4.863
4046  286.74   44.54    0.35    0.97  9  13.264  10.431   2.833
4047  287.66   45.99    1.33    0.74  20  13.451   7.747   5.704
4048  288.38   46.71    1.78    0.53  49  13.882   5.887   7.995
4049  289.19   46.95    0.41    0.79  15  12.842   0.730  12.112
4050  289.55   47.08    0.86    0.76  235  13.052   0.101  12.951
4051  290.48   47.86    0.68    0.60  64  13.489   0.123  13.366
4052  291.28   48.36    0.81    0.38  60  14.762   1.156  13.606
4053  292.29   48.78    0.91    0.39  51  15.068   0.506  14.562
4054  293.67   49.17    0.37    0.08  20  16.563   1.397  15.166
4055  294.23   49.22    0.54    0.07  52  15.691   0.673  15.018
4056  294.70   49.24    0.41    0.04  27  15.291   2.547  12.744
4057  295.67   48.93    0.22    0.15  9  15.827  11.148   4.679
4058  294.80   48.10    0.99    0.39  13  14.767  11.202   3.565
4059  293.86   48.13    0.95    0.18  13  14.881   8.293   6.588
4060  293.71   47.97    0.64    0.08  13  14.760  13.034   1.726
4061  294.74   47.43    1.32    0.84  26  14.833   0.292  14.541
5142  289.70   52.74    0.00    0.30  4   6.277   3.803   2.474
5144  289.25   53.51    0.00    0.00  2   8.826   4.482   4.344
