-86.75   81.97
-84.86   81.91
-81.95   82.03
-85.77   82.26
-74.95   79.47
-76.92   79.42
-75.25   79.16
-76.40   79.10
-78.32   78.91
-75.65   78.90
-74.68   78.64
-76.07   78.53
-81.73   77.62
-81.75   77.30
-77.80   76.80
-79.64   76.31
-79.03   75.88
-81.62   76.49
-82.22   76.83
-83.38   76.62
-84.53   76.72
-85.04   76.46
-86.23   76.49
-87.51   76.39
-87.56   76.61
-88.30   76.47
-88.49   77.00
-89.95   77.27
-86.76   77.86
-84.93   77.30
-82.13   78.09
-84.90   77.56
-84.65   78.20
-86.23   78.26
-86.88   78.57
-84.74   78.87
-82.35   78.62
-85.19   79.88
-80.96   79.66
-82.07   79.94
-82.47   80.15
-81.04   80.41
-79.12   80.60
-80.58   80.71
-84.29   80.52
-85.16   81.07
-88.62   81.06
-89.49   81.24
-91.44   80.90
-88.78   80.37
-87.46   79.51
-87.61   79.41
-88.60   78.32
-89.33   78.34
-90.59   78.27
-91.55   78.21
-92.76   78.59
-93.28   78.80
-93.87   79.02
-91.84   79.16
-90.17   79.27
-90.82   79.39
-91.71   79.35
-98.77   79.75
-97.31   78.48
-101.42   78.36
-101.62   77.75
-94.90   77.67
-95.57   77.01
-94.32   76.91
-93.48   76.79
-92.14   76.56
-90.49   76.77
-90.57   76.50
-90.46   76.18
-90.07   75.79
-88.98   75.45
-87.60   75.43
-85.66   75.56
-84.58   75.66
-83.83   75.78
-83.63   74.57
-85.57   74.69
-86.80   74.62
-88.42   74.80
-90.58   74.90
-91.34   74.65
-91.99   74.91
-91.89   75.16
-92.24   75.39
-91.89   75.66
-91.21   75.76
-92.52   76.06
-93.40   76.32
-94.97   76.31
-95.54   76.58
-94.89   76.12
-94.56   75.79
-94.74   75.38
-96.09   75.06
-94.88   74.72
-95.72   74.61
-97.55   74.56
-96.87   75.37
-98.68   75.26
-98.65   75.77
-99.33   76.30
-100.05   76.45
-102.33   75.58
-104.59   75.09
-97.26   75.51
-102.40   76.04
-103.66   76.43
-101.27   76.81
-104.03   77.15
-105.27   77.43
-110.38   75.70
-108.35   76.08
-106.33   76.05
-105.97   75.42
-110.68   74.73
-114.10   74.90
-113.47   76.10
-115.37   75.87
-119.27   75.67
-119.27   76.56
-113.69   77.12
-114.13   77.84
-93.87   72.25
-93.60   72.83
-90.77   73.96
-93.74   74.06
-94.88   74.00
-95.06   72.81
-99.35   71.70
-97.74   71.65
-97.73   72.19
-96.56   72.11
-96.64   72.44
-98.45   72.77
-97.05   72.83
-96.96   73.09
-97.79   73.36
-97.40   73.81
-97.81   74.03
-98.48   73.73
-98.95   73.97
-99.69   73.69
-100.60   73.38
-99.76   73.20
-101.78   72.91
-102.56   72.87
-105.45   72.13
-104.33   71.38
-105.02   69.95
-105.06   69.13
-106.31   69.46
-108.08   70.30
-108.86   69.10
-110.70   68.73
-113.29   68.64
-113.35   69.19
-115.85   69.32
-116.80   69.65
-117.26   69.98
-116.52   70.16
-115.37   70.26
-113.48   70.25
-112.78   70.58
-113.91   70.69
-116.32   70.65
-117.83   70.76
-118.22   71.06
-116.98   71.44
-118.83   71.69
-118.05   72.25
-116.07   73.12
-113.99   72.95
-110.61   72.70
-107.61   71.93
-107.65   72.97
-105.01   73.56
-119.79   73.95
-116.89   73.25
-120.64   71.83
-124.52   71.87
-87.05   73.78
-85.47   73.82
-85.12   73.63
-86.80   72.72
-86.26   72.41
-86.46   72.19
-86.11   71.78
-85.46   71.78
-84.48   71.50
-85.61   72.65
-85.04   73.05
-84.29   73.16
-82.97   73.66
-80.63   73.03
-80.42   72.80
-79.35   73.04
-81.23   72.30
-81.09   72.06
-80.89   71.88
-80.16   72.45
-78.01   72.69
-78.92   71.94
-77.90   71.78
-76.33   71.75
-74.27   71.91
-74.87   71.36
-72.88   71.44
-71.86   71.44
-71.24   71.20
-71.54   70.07
-68.84   70.47
-68.70   69.95
-70.36   69.88
-70.02   69.61
-68.40   69.50
-68.15   69.30
-67.48   69.18
-68.34   68.98
-69.07   68.96
-69.35   68.84
-68.64   68.74
-68.38   68.56
-66.72   68.30
-67.38   68.20
-65.99   67.90
-64.94   68.03
-65.43   67.68
-64.99   67.35
-64.02   67.55
-64.65   66.95
-62.77   67.00
-62.95   66.58
-64.93   65.81
-65.77   66.14
-66.50   66.45
-67.66   66.59
-66.95   65.45
-66.70   64.78
-65.05   63.67
-64.51   63.10
-68.37   63.63
-68.20   63.24
-66.94   63.08
-66.48   63.06
-66.53   62.90
-65.57   62.90
-77.75   63.95
-64.72   62.46
-67.04   62.67
-66.34   62.36
-66.11   62.08
-65.00   61.78
-67.37   62.13
-67.79   62.22
-68.47   62.27
-69.65   62.70
-70.45   62.62
-71.35   63.08
-76.50   64.37
-77.04   63.52
-77.99   63.32
-72.35   65.60
-75.16   69.25
-78.94   69.15
-77.68   70.20
-79.25   70.57
-78.86   69.85
-80.25   69.62
-83.11   70.02
-85.00   70.13
-86.12   70.12
-86.66   70.04
-87.16   70.41
-89.18   70.97
-87.69   70.92
-86.55   70.95
-85.02   70.90
-85.72   71.12
-86.47   71.09
-87.50   71.13
-88.65   71.31
-89.59   71.39
-89.88   72.04
-89.80   71.77
-89.69   72.59
-56.79   51.55
-55.78   52.70
-56.96   53.72
-57.49   54.44
-58.41   54.19
-60.25   53.48
-60.17   54.76
-59.40   55.21
-60.54   55.75
-61.46   56.75
-63.00   58.07
-62.98   58.55
-63.63   59.06
-63.82   59.34
-64.41   59.91
-64.82   60.42
-66.00   58.74
-68.36   58.05
-69.97   59.37
-67.94   60.50
-69.87   60.88
-72.75   61.98
-74.23   62.19
-74.23   62.66
-75.82   62.21
-77.74   62.19
-80.00   62.00
-77.77   60.41
-79.98   59.83
-77.09   57.82
-79.21   56.66
-76.45   56.57
-77.42   55.45
-77.62   54.73
-77.85   53.63
-77.74   51.99
-78.36   50.60
-82.54   50.27
-83.66   51.47
-83.75   54.32
-87.58   55.24
-93.66   56.71
-94.42   58.71
-94.96   61.37
-93.86   63.69
-83.00   62.50
-83.95   64.57
-90.23   66.17
-86.29   66.59
-82.21   67.88
-82.70   68.15
-82.61   68.36
-82.41   68.66
-81.91   69.32
-85.30   69.70
-85.23   69.37
-84.19   69.68
-84.78   68.82
-85.76   68.24
-88.42   67.82
-90.68   69.03
-92.11   68.62
-92.33   70.12
-93.97   71.29
-95.54   71.10
-96.06   70.40
-97.47   69.25
-96.30   66.13
-97.78   68.37
-102.83   66.90
-105.05   68.13
-107.34   67.83
-107.25   67.34
-107.37   66.63
-110.19   67.83
-111.45   67.66
-113.39   67.66
-115.10   67.89
-115.26   68.41
-113.97   68.43
-116.20   68.73
-118.59   69.14
-120.65   69.51
-123.41   69.75
-127.61   70.29
-132.89   69.36
-133.26   70.14
-138.84   69.28
-70.60   76.80
-73.13   76.72
-148.43   60.96
-147.66   60.22
-146.21   59.53
-145.24   60.38
-144.52   60.21
-144.63   60.29
-143.66   60.06
-141.80   60.00
-139.99   59.69
-138.68   59.16
-137.58   58.58
-136.09   58.38
-135.18   58.15
-135.96   58.97
-135.43   59.30
-134.54   58.35
-134.60   58.31
-135.23   57.08
-132.82   56.62
-133.79   55.93
-133.16   55.94
-133.52   55.62
-133.67   55.40
-131.63   55.39
-130.86   54.46
-131.68   54.33
-130.32   54.30
-128.63   54.19
-130.91   53.56
-132.18   53.77
-131.52   52.60
-127.98   51.98
-127.65   51.12
-126.68   49.72
-125.90   49.13
-124.97   49.03
-124.83   49.25
-125.01   49.89
-124.32   49.37
-122.90   49.12
-122.52   48.50
-123.18   49.63
-122.95   49.14
-123.07   49.08
-123.41   48.88
-123.44   48.58
-124.51   48.26
-122.66   47.90
-123.90   46.63
-122.73   47.86
-124.52   48.28
-124.12   47.09
-123.83   46.58
-123.92   45.42
-124.00   44.23
-124.20   41.70
-55.76   51.49
-55.53   50.78
-56.81   49.80
-56.14   49.68
-55.43   49.38
-53.86   49.40
-53.66   48.86
-53.96   48.03
-52.94   47.67
-49.42   46.00
-53.50   46.88
-54.01   47.30
-54.92   47.53
-55.56   46.95
-55.80   47.51
-55.81   47.89
-57.83   47.62
-58.53   47.68
-59.29   47.70
-58.81   48.23
-58.74   48.56
-58.06   49.05
-57.98   49.49
-57.79   49.92
-57.35   50.68
-57.34   51.44
-59.94   50.79
-63.48   49.57
-64.24   49.83
-64.60   50.28
-66.36   50.24
-68.20   49.27
-68.88   48.83
-69.70   48.12
-71.42   48.46
-70.39   47.49
-72.66   46.50
-77.03   45.89
-75.74   45.49
-75.77   45.17
-75.82   44.62
-74.67   45.10
-74.44   45.42
-73.90   45.62
-73.13   45.40
-73.26   44.54
-72.34   45.99
-71.62   46.71
-70.81   46.95
-70.45   47.08
-69.52   47.86
-68.72   48.36
-67.71   48.78
-66.33   49.17
-65.77   49.22
-65.30   49.24
-64.33   48.93
-65.20   48.10
-66.14   48.13
-66.29   47.97
-65.26   47.43
-64.93   46.72
-64.31   45.84
-64.28   45.78
-63.93   46.56
-63.22   46.12
-62.37   46.20
-61.84   47.30
-60.82   45.98
-62.50   45.70
-61.43   45.37
-58.11   44.48
-60.03   44.18
-63.45   44.64
-63.95   45.28
-65.54   43.92
-65.94   44.33
-65.19   45.49
-66.18   45.20
-66.97   45.08
-67.54   44.65
-68.01   44.43
-67.70   44.57
-68.93   44.19
-69.84   43.72
-70.57   43.30
-70.10   43.56
-70.64   42.90
-70.79   42.73
-71.04   42.36
-70.89   42.59
-70.33   41.69
-70.89   41.36
-70.49   41.60
-67.89   41.66
-71.46   41.46
-71.15   40.50
-72.01   41.31
-72.54   41.27
-72.89   41.25
-72.51   41.27
-73.96   41.61
-73.94   41.41
-73.94   41.30
-73.96   41.23
-73.90   41.04
-74.01   40.73
-73.94   41.17
-72.35   41.08
-73.41   40.88
-73.64   40.59
-73.28   40.86
-70.51   40.12
-74.26   40.42
-74.33   39.50
-74.66   39.22
-74.43   39.55
-75.11   38.74
-75.47   39.27
-75.36   39.05
-75.40   39.14
-76.10   38.66
-76.35   38.56
-75.86   37.28
-75.61   37.66
-75.70   37.53
-75.72   35.94
-75.52   35.42
-75.72   35.80
-70.30   52.74
-70.75   53.51
