-86.75  81.97   1.00
-84.86  81.91   1.00
-81.95  82.03   1.00
-85.77  82.26   1.00
-75.66  82.69   0.00
-72.74  82.65   0.00
-73.80  82.83   0.00
-74.90  83.04   0.00
-68.18  82.65   0.00
-67.11  82.78   2.00
-64.74  82.79   2.00
-63.24  82.48   2.00
-62.85  81.98   2.00
-65.66  81.72   2.00
-68.71  81.65   0.00
-66.95  81.35   2.00
-69.64  81.19   0.00
-66.68  81.05   2.00
-65.38  81.34   2.00
-67.88  80.92   0.00
-68.47  80.71   0.00
-70.43  80.47   0.00
-70.11  80.22   0.00
-71.52  80.14   0.00
-71.37  79.81   0.00
-73.22  79.75   0.00
-74.95  79.47   1.00
-76.92  79.42   1.00
-75.25  79.16   1.00
-76.40  79.10   1.00
-78.32  78.91   1.00
-75.65  78.90   1.00
-74.68  78.64   1.00
-76.07  78.53   1.00
-81.73  77.62   1.00
-81.75  77.30   1.00
-77.80  76.80   1.00
-79.64  76.31   1.00
-79.03  75.88   1.00
-81.62  76.49   1.00
-82.22  76.83   1.00
-83.38  76.62   1.00
-84.53  76.72   1.00
-85.04  76.46   1.00
-86.23  76.49   1.00
-87.51  76.39   1.00
-87.56  76.61   1.00
-88.30  76.47   1.00
-88.49  77.00   1.00
-89.95  77.27   1.00
-86.76  77.86   1.00
-84.93  77.30   1.00
-82.13  78.09   1.00
-84.90  77.56   1.00
-84.65  78.20   1.00
-86.23  78.26   1.00
-86.88  78.57   1.00
-84.74  78.87   1.00
-82.35  78.62   1.00
-85.19  79.88   1.00
-80.96  79.66   1.00
-82.07  79.94   1.00
-82.47  80.15   1.00
-81.04  80.41   1.00
-79.12  80.60   1.00
-76.93  80.92   0.00
-77.37  81.37   0.00
-80.58  80.71   1.00
-84.29  80.52   1.00
-85.16  81.07   1.00
-88.62  81.06   1.00
-89.49  81.24   1.00
-91.44  80.90   1.00
-88.78  80.37   1.00
-87.46  79.51   1.00
-87.61  79.41   1.00
-88.60  78.32   1.00
-89.33  78.34   1.00
-90.59  78.27   1.00
-91.55  78.21   1.00
-92.76  78.59   1.00
-93.28  78.80   1.00
-93.87  79.02   1.00
-91.84  79.16   1.00
-90.17  79.27   1.00
-90.82  79.39   1.00
-91.71  79.35   1.00
-98.77  79.75   1.00
-97.31  78.48   1.00
-101.42  78.36   1.00
-101.62  77.75   1.00
-94.90  77.67   1.00
-95.57  77.01   1.00
-94.32  76.91   1.00
-93.48  76.79   1.00
-92.14  76.56   1.00
-90.49  76.77   1.00
-90.57  76.50   1.00
-90.46  76.18   1.00
-90.07  75.79   1.00
-88.98  75.45   1.00
-87.60  75.43   1.00
-85.66  75.56   1.00
-84.58  75.66   1.00
-83.83  75.78   1.00
-83.63  74.57   1.00
-85.57  74.69   1.00
-86.80  74.62   1.00
-88.42  74.80   1.00
-90.58  74.90   1.00
-91.34  74.65   1.00
-91.99  74.91   1.00
-91.89  75.16   1.00
-92.24  75.39   1.00
-91.89  75.66   1.00
-91.21  75.76   1.00
-92.52  76.06   1.00
-93.40  76.32   1.00
-94.97  76.31   1.00
-95.54  76.58   1.00
-94.89  76.12   1.00
-94.56  75.79   1.00
-94.74  75.38   1.00
-96.09  75.06   1.00
-94.88  74.72   1.00
-95.72  74.61   1.00
-97.55  74.56   1.00
-96.87  75.37   1.00
-98.68  75.26   1.00
-98.65  75.77   1.00
-99.33  76.30   1.00
-100.05  76.45   1.00
-102.33  75.58   1.00
-104.59  75.09   1.00
-97.26  75.51   1.00
-102.40  76.04   1.00
-103.66  76.43   1.00
-101.27  76.81   1.00
-104.03  77.15   1.00
-105.27  77.43   1.00
-110.38  75.70   1.00
-108.35  76.08   1.00
-106.33  76.05   1.00
-105.97  75.42   1.00
-110.68  74.73   1.00
-114.10  74.90   1.00
-113.47  76.10   1.00
-115.37  75.87   1.00
-119.27  75.67   1.00
-119.27  76.56   1.00
-113.69  77.12   1.00
-114.13  77.84   1.00
-93.87  72.25   1.00
-93.60  72.83   1.00
-90.77  73.96   1.00
-93.74  74.06   1.00
-94.88  74.00   1.00
-95.06  72.81   1.00
-99.35  71.70   1.00
-97.74  71.65   1.00
-97.73  72.19   1.00
-96.56  72.11   1.00
-96.64  72.44   1.00
-98.45  72.77   1.00
-97.05  72.83   1.00
-96.96  73.09   1.00
-97.79  73.36   1.00
-97.40  73.81   1.00
-97.81  74.03   1.00
-98.48  73.73   1.00
-98.95  73.97   1.00
-99.69  73.69   1.00
-100.60  73.38   1.00
-99.76  73.20   1.00
-101.78  72.91   1.00
-102.56  72.87   1.00
-105.45  72.13   1.00
-104.33  71.38   1.00
-105.02  69.95   1.00
-105.06  69.13   1.00
-106.31  69.46   1.00
-108.08  70.30   1.00
-108.86  69.10   1.00
-110.70  68.73   1.00
-113.29  68.64   1.00
-113.35  69.19   1.00
-115.85  69.32   1.00
-116.80  69.65   1.00
-117.26  69.98   1.00
-116.52  70.16   1.00
-115.37  70.26   1.00
-113.48  70.25   1.00
-112.78  70.58   1.00
-113.91  70.69   1.00
-116.32  70.65   1.00
-117.83  70.76   1.00
-118.22  71.06   1.00
-116.98  71.44   1.00
-118.83  71.69   1.00
-118.05  72.25   1.00
-116.07  73.12   1.00
-113.99  72.95   1.00
-110.61  72.70   1.00
-107.61  71.93   1.00
-107.65  72.97   1.00
-105.01  73.56   1.00
-119.79  73.95   1.00
-116.89  73.25   1.00
-120.64  71.83   1.00
-124.52  71.87   1.00
-87.05  73.78   1.00
-85.47  73.82   1.00
-85.12  73.63   1.00
-86.80  72.72   1.00
-86.26  72.41   1.00
-86.46  72.19   1.00
-86.11  71.78   1.00
-85.46  71.78   1.00
-84.48  71.50   1.00
-85.61  72.65   1.00
-85.04  73.05   1.00
-84.29  73.16   1.00
-82.97  73.66   1.00
-80.63  73.03   1.00
-80.42  72.80   1.00
-79.35  73.04   1.00
-81.23  72.30   1.00
-81.09  72.06   1.00
-80.89  71.88   1.00
-80.16  72.45   1.00
-78.01  72.69   1.00
-78.92  71.94   1.00
-77.90  71.78   1.00
-76.33  71.75   1.00
-74.27  71.91   1.00
-74.87  71.36   1.00
-72.88  71.44   1.00
-71.86  71.44   1.00
-71.24  71.20   1.00
-71.54  70.07   1.00
-68.84  70.47   1.00
-68.70  69.95   1.00
-70.36  69.88   1.00
-70.02  69.61   1.00
-68.40  69.50   1.00
-68.15  69.30   1.00
-67.48  69.18   1.00
-68.34  68.98   1.00
-69.07  68.96   1.00
-69.35  68.84   1.00
-68.64  68.74   1.00
-68.38  68.56   1.00
-66.72  68.30   1.00
-67.38  68.20   1.00
-65.99  67.90   1.00
-64.94  68.03   1.00
-65.43  67.68   1.00
-64.99  67.35   1.00
-64.02  67.55   1.00
-64.65  66.95   1.00
-62.77  67.00   1.00
-62.95  66.58   1.00
-64.93  65.81   1.00
-65.77  66.14   1.00
-66.50  66.45   1.00
-67.66  66.59   1.00
-66.95  65.45   1.00
-66.70  64.78   1.00
-65.05  63.67   1.00
-64.51  63.10   1.00
-68.37  63.63   1.00
-68.20  63.24   1.00
-66.94  63.08   1.00
-66.48  63.06   1.00
-66.53  62.90   1.00
-65.57  62.90   1.00
-77.75  63.95   1.00
-64.72  62.46   1.00
-67.04  62.67   1.00
-66.34  62.36   1.00
-66.11  62.08   1.00
-65.00  61.78   1.00
-67.37  62.13   1.00
-67.79  62.22   1.00
-68.47  62.27   1.00
-69.65  62.70   1.00
-70.45  62.62   1.00
-71.35  63.08   1.00
-76.50  64.37   1.00
-77.04  63.52   1.00
-77.99  63.32   1.00
-72.35  65.60   1.00
-75.16  69.25   1.00
-78.94  69.15   1.00
-77.68  70.20   1.00
-79.25  70.57   1.00
-78.86  69.85   1.00
-80.25  69.62   1.00
-83.11  70.02   1.00
-85.00  70.13   1.00
-86.12  70.12   1.00
-86.66  70.04   1.00
-87.16  70.41   1.00
-89.18  70.97   1.00
-87.69  70.92   1.00
-86.55  70.95   1.00
-85.02  70.90   1.00
-85.72  71.12   1.00
-86.47  71.09   1.00
-87.50  71.13   1.00
-88.65  71.31   1.00
-89.59  71.39   1.00
-89.88  72.04   1.00
-89.80  71.77   1.00
-89.69  72.59   1.00
-56.79  51.55   1.00
-55.78  52.70   1.00
-56.96  53.72   1.00
-57.49  54.44   1.00
-58.41  54.19   1.00
-60.25  53.48   1.00
-60.17  54.76   1.00
-59.40  55.21   1.00
-60.54  55.75   1.00
-61.46  56.75   1.00
-63.00  58.07   1.00
-62.98  58.55   1.00
-63.63  59.06   1.00
-63.82  59.34   1.00
-64.41  59.91   1.00
-64.82  60.42   1.00
-66.00  58.74   1.00
-68.36  58.05   1.00
-69.97  59.37   1.00
-67.94  60.50   1.00
-69.87  60.88   1.00
-72.75  61.98   1.00
-74.23  62.19   1.00
-74.23  62.66   1.00
-75.82  62.21   1.00
-77.74  62.19   1.00
-80.00  62.00   1.00
-77.77  60.41   1.00
-79.98  59.83   1.00
-77.09  57.82   1.00
-79.21  56.66   1.00
-76.45  56.57   1.00
-77.42  55.45   1.00
-77.62  54.73   1.00
-77.85  53.63   1.00
-77.74  51.99   1.00
-78.36  50.60   1.00
-82.54  50.27   1.00
-83.66  51.47   1.00
-83.75  54.32   1.00
-87.58  55.24   1.00
-93.66  56.71   1.00
-94.42  58.71   1.00
-94.96  61.37   1.00
-93.86  63.69   1.00
-83.00  62.50   1.00
-83.95  64.57   1.00
-90.23  66.17   1.00
-86.29  66.59   1.00
-82.21  67.88   1.00
-82.70  68.15   1.00
-82.61  68.36   1.00
-82.41  68.66   1.00
-81.91  69.32   1.00
-85.30  69.70   1.00
-85.23  69.37   1.00
-84.19  69.68   1.00
-84.78  68.82   1.00
-85.76  68.24   1.00
-88.42  67.82   1.00
-90.68  69.03   1.00
-92.11  68.62   1.00
-92.33  70.12   1.00
-93.97  71.29   1.00
-95.54  71.10   1.00
-96.06  70.40   1.00
-97.47  69.25   1.00
-96.30  66.13   1.00
-97.78  68.37   1.00
-102.83  66.90   1.00
-105.05  68.13   1.00
-107.34  67.83   1.00
-107.25  67.34   1.00
-107.37  66.63   1.00
-110.19  67.83   1.00
-111.45  67.66   1.00
-113.39  67.66   1.00
-115.10  67.89   1.00
-115.26  68.41   1.00
-113.97  68.43   1.00
-116.20  68.73   1.00
-118.59  69.14   1.00
-120.65  69.51   1.00
-123.41  69.75   1.00
-127.61  70.29   1.00
-132.89  69.36   1.00
-133.26  70.14   1.00
-138.84  69.28   1.00
-57.70  81.90   2.00
-59.26  81.74   2.00
-61.15  81.54   2.00
-64.83  80.28   2.00
-72.53  78.48   0.00
-70.32  77.65   0.00
-66.67  77.50   2.00
-66.89  77.15   2.00
-70.60  76.80   1.00
-73.13  76.72   1.00
-69.42  76.67   0.00
-69.73  76.60   0.00
-68.91  76.52   2.00
-62.55  75.60   2.00
-52.67  70.73   2.00
-54.10  70.47   2.00
-52.10  70.07   2.00
-54.69  69.94   2.00
-53.75  69.33   2.00
-53.06  69.38   2.00
-50.98  69.39   2.00
-50.89  69.20   2.00
-51.04  68.61   2.00
-52.33  68.61   2.00
-52.94  68.47   2.00
-51.48  67.83   2.00
-53.51  67.50   2.00
-53.56  66.84   2.00
-51.31  67.17   2.00
-53.59  66.89   2.00
-52.63  66.97   2.00
-50.95  66.85   2.00
-52.07  66.57   2.00
-53.62  66.42   2.00
-52.80  65.62   2.00
-50.33  64.43   2.00
-51.78  64.32   2.00
-51.06  63.40   2.00
-49.54  62.09   2.00
-46.12  60.80   2.00
-44.90  60.65   2.00
-37.28  65.72   2.00
-27.10  70.70   2.00
-25.33  71.17   2.00
-24.55  71.41   2.00
-23.94  72.09   2.00
-24.21  72.26   2.00
-26.08  72.41   2.00
-26.83  72.72   2.00
-27.42  73.17   2.00
-24.80  72.92   2.00
-24.09  72.65   2.00
-22.70  72.89   2.00
-21.43  73.13   2.00
-22.59  73.44   2.00
-26.12  73.63   2.00
-24.54  73.74   2.00
-24.53  73.81   2.00
-22.88  73.67   2.00
-21.62  73.48   2.00
-20.69  73.67   2.00
-21.80  73.81   2.00
-22.32  74.08   2.00
-21.27  74.10   2.00
-21.96  74.33   2.00
-20.41  74.47   2.00
-20.72  75.22   2.00
-19.86  75.35   2.00
-18.92  75.33   2.00
-20.02  76.97   2.00
-17.76  77.80   2.00
-20.77  78.07   2.00
-19.43  79.21   2.00
-21.79  79.62   2.00
-19.13  79.78   2.00
-20.67  80.09   2.00
-20.54  80.45   2.00
-16.07  80.49   2.00
-15.00  80.83   2.00
-14.00  81.17   2.00
-23.27  80.79   2.00
-16.64  81.59   2.00
-27.66  81.90   2.00
-30.82  82.19   2.00
-19.88  82.52   2.00
-21.63  82.26   2.00
-23.91  82.88   2.00
-32.03  83.64   2.00
-31.97  83.60   2.00
-32.60  83.07   2.00
-35.25  83.15   2.00
-37.30  82.94   2.00
-40.31  82.32   2.00
-43.29  83.05   2.00
-48.68  82.12   2.00
-52.49  81.64   2.00
-22.26  65.59   2.00
-21.69  64.31   2.00
-157.44  71.09   0.00
-167.25  67.88   0.00
-164.73  66.48   0.00
-166.46  64.24   0.00
-157.00  58.67   0.00
-168.92  53.00   0.00
-160.77  55.36   0.00
-153.50  57.23   0.00
-151.39  60.32   0.00
-150.02  61.20   0.00
-149.22  60.95   0.00
-148.43  60.96   1.00
-147.66  60.22   1.00
-146.21  59.53   1.00
-145.24  60.38   1.00
-144.52  60.21   1.00
-144.63  60.29   1.00
-143.66  60.06   1.00
-141.80  60.00   1.00
-139.99  59.69   1.00
-138.68  59.16   1.00
-137.58  58.58   1.00
-136.09  58.38   1.00
-135.18  58.15   1.00
-135.96  58.97   1.00
-135.43  59.30   1.00
-134.54  58.35   1.00
-134.60  58.31   1.00
-135.23  57.08   1.00
-132.82  56.62   1.00
-133.79  55.93   1.00
-133.16  55.94   1.00
-133.52  55.62   1.00
-133.67  55.40   1.00
-131.63  55.39   1.00
-130.86  54.46   1.00
-131.68  54.33   1.00
-130.32  54.30   1.00
-128.63  54.19   1.00
-130.91  53.56   1.00
-132.18  53.77   1.00
-131.52  52.60   1.00
-127.98  51.98   1.00
-127.65  51.12   1.00
-126.68  49.72   1.00
-125.90  49.13   1.00
-124.97  49.03   1.00
-124.83  49.25   1.00
-125.01  49.89   1.00
-124.32  49.37   1.00
-122.90  49.12   1.00
-122.52  48.50   1.00
-123.18  49.63   1.00
-122.95  49.14   1.00
-123.07  49.08   1.00
-123.41  48.88   1.00
-123.44  48.58   1.00
-124.51  48.26   1.00
-122.66  47.90   1.00
-123.90  46.63   1.00
-122.73  47.86   1.00
-124.52  48.28   1.00
-124.12  47.09   1.00
-123.83  46.58   1.00
-123.92  45.42   1.00
-124.00  44.23   1.00
124.29  43.27   0.00
-124.20  41.70   1.00
-124.11  40.75   0.00
-121.80  38.00   0.00
-121.50  38.00   0.00
-122.10  37.50   0.00
-117.29  32.88   0.00
-114.56  30.70   0.00
-110.44  24.56   0.00
-105.45  21.60   0.00
-94.73  16.25   0.00
-87.45  11.47   0.00
-55.76  51.49   1.00
-55.53  50.78   1.00
-56.81  49.80   1.00
-56.14  49.68   1.00
-55.43  49.38   1.00
-53.86  49.40   1.00
-53.66  48.86   1.00
-53.96  48.03   1.00
-52.94  47.67   1.00
-49.42  46.00   1.00
-53.50  46.88   1.00
-54.01  47.30   1.00
-54.92  47.53   1.00
-55.56  46.95   1.00
-55.80  47.51   1.00
-55.81  47.89   1.00
-57.83  47.62   1.00
-58.53  47.68   1.00
-59.29  47.70   1.00
-58.81  48.23   1.00
-58.74  48.56   1.00
-58.06  49.05   1.00
-57.98  49.49   1.00
-57.79  49.92   1.00
-57.35  50.68   1.00
-57.34  51.44   1.00
-59.94  50.79   1.00
-63.48  49.57   1.00
-64.24  49.83   1.00
-64.60  50.28   1.00
-66.36  50.24   1.00
-68.20  49.27   1.00
-68.88  48.83   1.00
-69.70  48.12   1.00
-71.42  48.46   1.00
-70.39  47.49   1.00
-72.66  46.50   1.00
-77.03  45.89   1.00
-75.74  45.49   1.00
-75.77  45.17   1.00
-75.82  44.62   1.00
-74.67  45.10   1.00
-74.44  45.42   1.00
-73.90  45.62   1.00
-73.13  45.40   1.00
-73.26  44.54   1.00
-72.34  45.99   1.00
-71.62  46.71   1.00
-70.81  46.95   1.00
-70.45  47.08   1.00
-69.52  47.86   1.00
-68.72  48.36   1.00
-67.71  48.78   1.00
-66.33  49.17   1.00
-65.77  49.22   1.00
-65.30  49.24   1.00
-64.33  48.93   1.00
-65.20  48.10   1.00
-66.14  48.13   1.00
-66.29  47.97   1.00
-65.26  47.43   1.00
-64.93  46.72   1.00
-64.31  45.84   1.00
-64.28  45.78   1.00
-63.93  46.56   1.00
-63.22  46.12   1.00
-62.37  46.20   1.00
-61.84  47.30   1.00
-60.82  45.98   1.00
-62.50  45.70   1.00
-61.43  45.37   1.00
-58.11  44.48   1.00
-60.03  44.18   1.00
-63.45  44.64   1.00
-63.95  45.28   1.00
-65.54  43.92   1.00
-65.94  44.33   1.00
-65.19  45.49   1.00
-66.18  45.20   1.00
-66.97  45.08   1.00
-67.54  44.65   1.00
-68.01  44.43   1.00
-67.70  44.57   1.00
-68.93  44.19   1.00
-69.84  43.72   1.00
-70.57  43.30   1.00
-70.10  43.56   1.00
-70.64  42.90   1.00
-70.79  42.73   1.00
-71.04  42.36   1.00
-70.89  42.59   1.00
-70.33  41.69   1.00
-70.89  41.36   1.00
-70.49  41.60   1.00
-67.89  41.66   1.00
-71.46  41.46   1.00
-71.15  40.50   1.00
-72.01  41.31   1.00
-72.54  41.27   1.00
-72.89  41.25   1.00
-72.51  41.27   1.00
-73.96  41.61   1.00
-73.94  41.41   1.00
-73.94  41.30   1.00
-73.96  41.23   1.00
-73.90  41.04   1.00
-74.01  40.73   1.00
-73.94  41.17   1.00
-72.35  41.08   1.00
-73.41  40.88   1.00
-73.64  40.59   1.00
-73.28  40.86   1.00
-70.51  40.12   1.00
-74.26  40.42   1.00
-74.33  39.50   1.00
-74.66  39.22   1.00
-74.43  39.55   1.00
-75.11  38.74   1.00
-75.47  39.27   1.00
-75.36  39.05   1.00
-75.40  39.14   1.00
-76.10  38.66   1.00
-76.35  38.56   1.00
-75.86  37.28   1.00
-75.61  37.66   1.00
-75.70  37.53   1.00
-75.72  35.94   1.00
-75.52  35.42   1.00
-75.72  35.80   1.00
-76.91  34.64   0.00
-78.04  33.96   0.00
-76.78  33.79   0.00
-79.20  33.40   0.00
-79.40  33.20   0.00
-79.14  33.45   0.00
-79.90  32.90   0.00
-80.70  32.70   0.00
-80.90  32.60   0.00
-81.00  32.10   0.00
-80.39  32.68   0.00
-81.48  31.06   0.00
-81.61  30.51   0.00
-80.21  29.19   0.00
-80.43  27.83   0.00
-80.20  26.30   0.00
-80.24  25.27   0.00
-81.62  24.54   0.00
-81.12  25.48   0.00
-84.92  29.77   0.00
-87.96  30.68   0.00
-90.93  29.95   0.00
-91.60  29.63   0.00
-93.00  29.85   0.00
-94.38  29.44   0.00
-94.96  27.82   0.00
-96.51  28.59   0.00
-97.36  27.81   0.00
-97.71  26.85   0.00
-93.00  29.35   0.00
-91.09  20.52   0.00
-88.16  16.88   0.00
-88.18  16.85   0.00
-86.27  16.40   0.00
-79.90   9.20   0.00
-79.87   9.40   0.00
-64.76  32.29   0.00
-77.19  25.24   0.00
-78.82  22.47   0.00
-85.00  19.29   0.00
-77.83  18.02   0.00
-71.70  18.50   0.00
-65.80  18.23   0.00
-64.63  17.77   0.00
-61.75  17.08   0.00
-61.00  14.60   0.00
-59.55  13.10   0.00
-68.76  12.12   0.00
-66.18  11.79   0.00
-61.62  10.49   0.00
-33.81  -3.85   0.00
-67.50  10.53   0.00
-55.43   5.54   0.00
-36.30  -5.15   0.00
-35.24  -5.80   0.00
-34.95  -8.26   0.00
-38.52 -13.01   0.00
-39.09 -14.73   0.00
-42.65 -22.78   0.00
-42.92 -22.95   0.00
-44.35 -23.05   0.00
-45.65 -23.69   0.00
-46.47 -24.02   0.00
-47.85 -24.94   0.00
-48.43 -25.66   0.00
-48.77 -28.52   0.00
-53.72 -33.94   0.00
-55.10 -34.93   0.00
-58.11 -33.96   0.00
-59.17 -33.28   0.00
-58.25 -34.18   0.00
-57.49 -35.51   0.00
-57.35 -37.59   0.00
-57.34 -37.65   0.00
-62.28 -38.70   0.00
-62.10 -39.47   0.00
-62.15 -39.61   0.00
-62.25 -39.72   0.00
-62.31 -39.80   0.00
-62.38 -40.63   0.00
-62.74 -40.91   0.00
-65.01 -41.87   0.00
-63.58 -42.27   0.00
-65.28 -44.65   0.00
-66.58 -45.19   0.00
-67.52 -45.69   0.00
-67.37 -45.71   0.00
-67.57 -46.24   0.00
-67.19 -46.72   0.00
-66.69 -46.91   0.00
-65.89 -47.73   0.00
-67.81 -49.28   0.00
-70.30  52.74   1.00
-68.37 -53.27   0.00
-70.75  53.51   1.00
-67.82 -53.72   0.00
-67.87 -11.76   0.00
-71.50 -30.18   0.00
-71.51 -30.21   0.00
-76.25 -14.00   0.00
 -1.03  60.34   3.00
 -3.12  58.45   3.00
 -4.26  57.87   3.00
 -4.46  57.49   3.00
 -5.36  58.05   3.00
 -7.55  57.51   3.00
 -6.01  57.16   3.00
 -5.80  57.58   3.00
 -5.50  57.26   3.00
 -5.85  56.91   3.00
 -5.84  56.76   3.00
 -1.98  57.66   3.00
 -1.99  57.33   3.00
 -2.52  56.71   3.00
 -3.20  56.38   3.00
 -4.15  56.12   3.00
 -6.34  55.81   3.00
 -5.55  55.79   3.00
 -5.04  55.87   3.00
 -4.49  55.86   3.00
 -4.68  55.53   3.00
 -2.70  56.03   3.00
 -1.92  55.69   3.00
 -1.73  55.60   3.00
 -1.59  55.34   3.00
 -1.67  54.96   3.00
 -1.23  54.63   3.00
 -4.45  54.89   3.00
 -3.51  54.97   3.00
 -3.18  54.90   3.00
 -3.31  54.40   3.00
 -4.41  54.37   3.00
 -2.96  54.08   3.00
 -2.99  53.69   3.00
 -3.14  53.40   3.00
 -3.76  53.30   3.00
 -4.06  52.47   3.00
 -0.66  53.65   3.00
 -0.10  53.66   3.00
  0.25  53.31   3.00
  0.17  52.74   3.00
  0.79  52.97   3.00
  1.64  52.49   3.00
 -4.93  51.61   3.00
 -3.77  51.58   3.00
 -3.02  51.35   3.00
  0.83  51.70   3.00
  0.31  51.46   3.00
  1.09  51.58   3.00
  0.45  50.84   3.00
 -1.35  50.80   3.00
 -2.12  50.68   3.00
 -3.68  50.32   3.00
 -5.73  50.09   0.00
  6.00  55.07   3.00
  2.98  55.02   3.00
  3.71  53.35   3.00
  3.40  52.50   3.00
  0.17  53.99   3.00
  1.11  52.99   3.00
  2.08  53.21   3.00
 -5.25  56.07   3.00
 -6.14  53.32   3.00
 -6.23  52.52   3.00
 -6.42  52.30   3.00
 -6.30  51.40   3.00
 -7.94  51.95   0.00
 -9.17  51.62   0.00
 -9.89  52.11   0.00
 -9.58  52.71   0.00
 -8.98  52.68   0.00
 -8.74  52.67   0.00
 -9.31  53.24   0.00
 -9.90  53.71   0.00
 -9.54  54.32   3.00
 -8.61  54.26   3.00
 -8.46  54.88   3.00
 -7.91  55.16   3.00
 -7.29  55.26   3.00
 -6.85  55.15   3.00
 -6.03  55.08   3.00
 -5.64  54.55   3.00
 -5.72  54.32   3.00
 -6.14  53.99   3.00
 36.60  68.98   3.00
 29.06  70.31   3.00
 19.78  69.95   3.00
 19.06  69.80   3.00
 16.02  69.17   3.00
 16.75  68.68   3.00
 16.00  68.60   3.00
 14.33  68.21   3.00
 11.45  64.91   3.00
  9.88  63.77   3.00
 11.46  63.85   3.00
 10.85  63.64   3.00
  8.73  63.73   3.00
  8.98  63.54   3.00
  8.20  62.80   3.00
  6.22  62.67   3.00
  6.44  62.64   3.00
  6.60  62.40   3.00
  6.20  62.30   3.00
  5.70  62.26   3.00
  5.00  62.00   3.00
  5.00  60.80   3.00
  5.00  60.73   3.00
  5.09  60.30   3.00
  5.29  60.21   3.00
  5.20  59.58   3.00
  5.67  59.38   3.00
  5.52  59.00   3.00
  5.60  58.50   3.00
  6.72  58.00   3.00
  7.68  58.04   3.00
  9.67  58.82   3.00
  9.35  58.95   3.00
 10.36  59.41   3.00
 10.61  60.18   3.00
 10.75  60.00   3.00
 10.86  59.72   3.00
 10.96  59.36   3.00
 11.20  58.60   3.00
 12.29  58.45   3.00
 12.48  58.18   3.00
 13.61  58.09   3.00
 11.70  57.70   3.00
 12.00  57.35   3.00
 12.60  56.45   3.00
 12.55  56.20   3.00
 12.98  55.75   3.00
 14.62  56.02   3.00
 15.12  56.17   3.00
 15.75  56.13   3.00
 16.27  57.22   3.00
 18.64  57.43   3.00
 16.46  59.23   3.00
 17.49  59.35   3.00
 16.71  60.74   3.00
 17.52  63.13   3.00
 19.87  63.95   3.00
 21.24  65.87   3.00
 24.37  66.27   3.00
 24.67  66.54   3.00
 26.47  64.77   3.00
 23.52  62.88   3.00
 21.40  62.30   3.00
 22.20  60.96   3.00
 21.86  61.13   3.00
 22.00  60.50   3.00
 20.00  60.20   3.00
 22.73  60.36   3.00
 23.49  59.99   3.00
 27.71  60.27   3.00
 25.52  60.37   3.00
 25.77  60.36   3.00
 28.22  60.34   3.00
 28.40  59.50   3.00
 24.69  59.39   3.00
 24.42  59.25   3.00
 22.50  58.50   3.00
 18.12  54.58   3.00
 13.46  54.56   3.00
 11.57  56.70   3.00
 10.59  55.81   3.00
  8.30  55.40   3.00
 12.00  55.00   3.00
  8.83  54.90   3.00
  8.62  53.88   3.00
  7.60  53.69   3.00
 15.52  77.03   3.00
 14.31  78.32   3.00
 16.54  78.53   3.00
 11.60  78.90   3.00
 16.83  79.83   3.00
 18.64  80.05   3.00
 28.00  80.17   3.00
 22.00  79.42   3.00
 22.00  78.59   3.00
 20.97  78.26   3.00
 23.00  78.22   3.00
 20.50  78.00   3.00
 21.53  77.91   3.00
 23.00  77.36   3.00
 25.17  76.60   3.00
 29.06  78.73   3.00
 54.18  80.19   3.00
 54.98  80.25   3.00
 57.33  80.53   3.00
 60.28  80.35   3.00
 58.08  80.17   3.00
 57.80  80.10   3.00
 59.10  80.12   3.00
 58.80  79.99   3.00
 68.80  76.32   3.00
 68.90  76.40   3.00
 69.05  76.74   3.00
 67.20  76.91   3.00
 66.00  76.75   3.00
 62.30  76.25   3.00
 60.00  70.00   3.00
  7.05  53.14   3.00
  6.00  53.40   3.00
  6.08  53.49   3.00
  5.13  53.33   3.00
  4.82  52.84   3.00
  4.76  52.50   3.00
  4.75  52.20   3.00
  4.60  51.80   3.00
  4.00  51.50   3.00
  5.35  52.78   3.00
  2.82  51.11   3.00
  1.63  50.43   3.00
  1.35  49.98   3.00
  0.15  49.49   3.00
 -1.19  49.40   3.00
 -1.13  49.33   0.00
 -1.40  48.67   0.00
 -1.52  48.95   0.00
 -1.60  49.67   3.00
 -1.74  48.57   0.00
 -4.43  48.54   0.00
 -2.70  47.49   0.00
 -2.00  47.00   0.00
 -1.91  46.69   0.00
 -2.80  46.40   0.00
 -2.46  48.57   0.00
 -2.73  43.29   0.00
 -9.20  38.70   0.00
 -7.82  37.16   0.00
  3.32  39.78   0.00
  3.10  42.70   0.00
  4.89  43.45   0.00
  5.37  43.30   0.00
  5.60  43.05   0.00
  6.14  43.04   0.00
  6.43  43.00   0.00
  6.75  43.33   0.00
  6.74  43.33   0.00
  5.78  43.17   0.00
  7.34  43.68   0.00
  7.23  43.69   0.00
  9.41  43.02   0.00
  9.35  42.97   0.00
  8.55  42.30   0.00
  9.13  41.41   0.00
  9.23  41.24   0.00
  9.22  41.27   0.00
  9.22  41.27   0.00
  8.31  40.23   0.00
  8.94  39.12   0.00
  9.25  40.98   0.00
  9.24  44.34   0.00
 10.34  43.81   0.00
 10.42  43.67   0.00
 10.40  43.60   0.00
 10.09  42.59   0.00
 11.08  42.42   0.00
 11.77  42.12   0.00
 11.82  42.05   0.00
 11.83  42.04   0.00
 11.90  42.04   0.00
 11.86  42.03   0.00
 11.95  42.02   0.00
 11.78  42.11   0.00
 12.26  41.76   0.00
 12.72  41.42   0.00
 12.27  41.76   0.00
 13.42  41.35   0.00
 13.61  41.26   0.00
 13.57  41.21   0.00
 13.96  41.04   0.00
 13.75  41.14   0.00
 12.97  40.89   0.00
 13.43  40.80   0.00
 12.86  40.93   0.00
 13.00  41.30   0.00
 14.20  40.80   0.00
 15.27  40.03   0.00
 16.00  38.43   0.00
 15.88  38.59   0.00
 15.83  38.35   0.00
 15.70  38.25   0.00
 15.69  37.95   0.00
 15.75  38.33   0.00
 15.62  38.26   0.00
 15.23  38.26   0.00
 14.35  38.16   0.00
 13.53  38.12   0.00
 15.27  38.26   0.00
 12.72  38.12   0.00
 12.08  37.95   0.00
 12.05  36.80   0.00
 14.52  35.87   0.00
 15.30  37.85   0.00
 15.05  37.85   0.00
 15.06  37.36   0.00
 15.25  37.10   0.00
 15.24  37.08   0.00
 17.09  38.89   0.00
 16.50  39.73   0.00
 17.80  40.72   0.00
 16.98  41.07   0.00
 15.83  41.55   0.00
 15.50  41.90   0.00
 15.34  41.91   0.00
 14.50  42.16   0.00
 14.23  42.46   0.00
 14.23  42.46   0.00
 13.57  43.57   0.00
 12.04  44.68   0.00
 12.45  44.92   0.00
 12.71  44.85   0.00
 12.62  44.94   0.00
 12.43  45.51   0.00
 12.89  45.64   0.00
 13.03  45.67   0.00
 12.84  45.76   0.00
 12.75  45.63   0.00
 13.32  45.71   0.00
 13.10  45.50   0.00
 13.57  45.78   0.00
 13.71  45.63   0.00
 13.69  45.55   0.00
 13.58  45.52   0.00
 13.52  45.51   0.00
 13.52  45.46   0.00
 13.63  45.66   0.00
 13.59  45.28   0.00
 13.77  44.91   0.00
 14.97  44.48   0.00
 15.27  43.86   0.00
 15.97  43.52   0.00
 16.63  43.32   0.00
 16.17  43.07   0.00
 19.82  39.56   0.00
 20.70  38.13   0.00
 20.90  37.70   0.00
 21.70  36.92   0.00
 22.00  37.05   0.00
 22.68  36.83   0.00
 22.80  37.60   0.00
 22.85  38.03   0.00
 22.92  38.05   0.00
 23.68  38.69   0.00
 23.57  35.50   0.00
 23.53  35.32   0.00
 25.00  41.00   0.00
 25.52  40.48   0.00
 25.00  40.04   0.00
 26.28  39.26   0.00
 27.04  38.94   0.00
 26.78  38.37   0.00
 27.00  37.78   0.00
 27.00  37.00   0.00
 28.18  36.23   0.00
 35.85  36.10   0.00
 35.78  35.51   0.00
 35.76  34.49   0.00
 35.67  34.30   0.00
 35.65  34.21   0.00
 35.65  34.09   0.00
 35.62  34.03   0.00
 35.27  33.41   0.00
 34.75  32.50   0.00
  9.99  33.85   0.00
 -6.55  34.02   0.00
-16.58  22.23   0.00
-15.73  17.71   0.00
-16.49  15.91   0.00
-16.45  15.96   0.00
-15.64  15.78   0.00
-23.03  16.63   0.00
-13.28   8.50   0.00
 -5.63   4.83   0.00
  0.00   5.68   0.00
  8.29   0.35   0.00
 11.71  -4.64   0.00
 12.12 -15.10   0.00
 15.36 -26.59   0.00
 15.76 -27.79   0.00
 18.58 -33.12   0.00
 23.59 -33.90   0.00
 24.58 -34.47   0.00
 30.78 -29.56   0.00
 32.09 -27.84   0.00
 46.83 -25.18   0.00
 43.63 -23.40   0.00
 55.50 -21.12   0.00
 57.50 -20.33   0.00
 50.17 -14.20   0.00
 45.17 -12.83   0.00
 45.17 -12.83   0.00
 45.17 -12.83   0.00
 39.20  -5.94   0.00
 55.50  -4.66   0.00
 55.50  -4.66   0.00
 39.47  15.62   0.00
 34.10  26.33   0.00
 33.58  27.13   0.00
 34.58  29.26   0.00
135.73  71.06   0.00
176.75  64.10   0.00
137.44  45.82   0.00
134.49  43.44   0.00
126.68  35.65   0.00
118.03  39.00   0.00
121.80  31.30   0.00
121.33  30.50   0.00
127.06  30.48   0.00
119.50  23.69   0.00
117.00  23.65   0.00
116.00  23.00   0.00
114.50  22.47   0.00
114.00  22.50   0.00
112.00  22.00   0.00
109.93  20.25   0.00
 89.00  22.89   0.00
 90.49  24.31   0.00
 80.32  13.32   0.00
 79.82   7.24   0.00
 80.23   6.00   0.00
 78.04   8.64   0.00
 79.22   9.28   0.00
 72.60  10.55   0.00
 72.90   4.25   0.00
 73.73  15.60   0.00
 72.52  18.65   0.00
 59.08  25.55   0.00
 57.23  26.00   0.00
 55.89  27.05   0.00
 47.94  31.39   0.00
 48.45  29.98   0.00
 48.10  29.48   0.00
 49.35  27.35   0.00
 50.18  25.80   0.00
 51.29  25.50   0.00
 57.39  24.11   0.00
 55.58  25.58   0.00
 51.18  23.81   0.00
143.00  44.00   0.00
139.80  35.80   0.00
133.88  34.58   0.00
133.50  33.50   0.00
130.00  32.77   0.00
130.00  28.30   0.00
128.57  27.21   0.00
127.75  26.12   0.00
126.75  26.34   0.00
123.52  25.77   0.00
124.22  24.44   0.00
119.65  23.60   0.00
121.74  25.15   0.00
121.42  23.33   0.00
120.70  22.00   0.00
106.74  20.66   0.00
108.92  15.35   0.00
108.89  11.40   0.00
105.14  11.06   0.00
108.17   9.05   0.00
100.51  13.72   0.00
 99.75  11.75   0.00
 98.42   7.83   0.00
100.20   7.34   0.00
100.71   6.21   0.00
101.25   3.00   0.00
102.93   1.81   0.00
103.75   1.33   0.00
104.25   2.75   0.00
103.33   3.00   0.00
 96.27   2.35   0.00
 96.32   2.35   0.00
107.62   2.68   0.00
107.77   2.00   0.00
108.78   3.83   0.00
108.53   7.34   0.00
123.43  12.32   0.00
115.22   5.16   0.00
117.50  -0.60   0.00
 96.70 -11.70   0.00
120.00 -10.00   0.00
123.76  -5.50   0.00
124.56  -8.18   0.00
136.91  -4.82   0.00
123.85 -11.95   0.00
124.45 -12.89   0.00
126.30 -11.21   0.00
128.07 -12.19   0.00
127.58 -11.98   0.00
137.58 -10.65   0.00
142.62 -10.10   0.00
147.69  -6.19   0.00
-177.65  28.28   0.00
-158.66  21.82   0.00
145.20  14.10   0.00
144.78  13.41   0.00
134.35   7.42   0.00
134.35   7.42   0.00
144.45   7.25   0.00
152.04   7.19   0.00
159.98   6.33   0.00
162.38  11.44   0.00
162.97   5.28   0.00
168.87   5.76   0.00
173.46   0.08   0.00
-171.00  -3.13   0.00
-160.00  -0.25   0.00
-157.38   1.82   0.00
-154.50  -4.05   0.00
-156.00  -5.62   0.00
178.83  -8.53   0.00
-161.70 -10.20   0.00
-171.94 -13.95   0.00
-163.11 -13.26   0.00
-167.01 -15.61   0.00
166.07 -22.00   0.00
168.18 -17.70   0.00
177.93 -18.78   0.00
178.00 -17.33   0.00
178.20 -18.33   0.00
178.78 -17.74   0.00
179.38 -16.91   0.00
-179.16 -18.39   0.00
178.97 -17.91   0.00
-174.88 -20.97   0.00
-159.32 -21.14   0.00
-159.78 -21.23   0.00
-150.43 -22.93   0.00
-149.58 -17.53   0.00
-149.55 -17.45   0.00
-151.71 -16.72   0.00
-147.22 -15.24   0.00
-142.99  18.20   0.00
-138.25  18.93   0.00
-138.84 -21.81   0.00
-134.68 -23.21   0.00
115.89 -32.02   0.00
113.81 -28.69   0.00
113.00 -24.60   0.00
124.11 -15.64   0.00
130.33 -12.72   0.00
131.87 -12.22   0.00
136.67 -15.78   0.00
140.83 -17.42   0.00
143.95 -14.03   0.00
144.24 -14.20   0.00
145.50 -14.67   0.00
145.14 -14.74   0.00
145.50 -16.58   0.00
146.31 -17.39   0.00
146.17 -18.03   0.00
146.23 -18.26   0.00
146.50 -18.62   0.00
146.68 -18.69   0.00
147.43 -19.20   0.00
146.60 -19.03   0.00
146.87 -19.11   0.00
148.18 -19.23   0.00
148.13 -19.28   0.00
148.12 -19.98   0.00
148.88 -20.60   0.00
150.50 -20.74   0.00
150.08 -20.97   0.00
152.34 -23.29   0.00
153.00 -30.53   0.00
159.08 -31.30   0.00
151.49 -33.41   0.00
151.03 -34.15   0.00
150.57 -34.89   0.00
142.66 -35.78   0.00
147.13 -40.59   0.00
147.63 -42.82   0.00
144.97 -37.75   0.00
138.69 -34.76   0.00
138.60 -34.65   0.00
138.13 -34.08   0.00
138.20 -34.70   0.00
138.00 -33.17   0.00
137.90 -32.68   0.00
137.00 -33.65   0.00
136.00 -34.70   0.00
133.79 -32.10   0.00
174.20 -36.50   0.00
174.80 -36.90   0.00
175.20 -37.10   0.00
178.20 -38.50   0.00
178.00 -38.70   0.00
178.00 -38.70   0.00
177.95 -39.08   0.00
178.00 -39.10   0.00
175.30 -40.45   0.00
175.10 -41.40   0.00
174.38 -41.57   0.00
172.77 -43.68   0.00
170.32 -45.96   0.00
159.00 -54.50   0.00
-59.58 -62.34   4.00
-57.34 -63.61   4.00
-57.78 -63.85   4.00
-68.30 -67.70   4.00
-67.26 -67.70   4.00
 39.61 -69.32   4.00
 76.23 -69.38   4.00
 78.13 -68.60   4.00
163.81 -74.87   4.00
163.49 -77.25   4.00
162.98 -76.72   4.00
163.17 -77.04   4.00
163.50 -77.24   4.00
163.56 -77.34   4.00
163.74 -77.40   4.00
163.77 -77.45   4.00
163.50 -77.54   4.00
-102.94 -73.82   4.00
-68.45 -70.82   4.00
 77.80 -68.81   4.00
110.55 -66.30   4.00
109.00 -66.50   4.00
111.00 -66.50   4.00
134.37 -66.10   4.00
142.67 -67.00   4.00
157.00 -69.10   4.00
 50.67 -66.75   4.00
-36.59 -54.43   0.00
