 -1.03   60.34
 -3.12   58.45
 -4.26   57.87
 -4.46   57.49
 -5.36   58.05
 -7.55   57.51
 -6.01   57.16
 -5.80   57.58
 -5.50   57.26
 -5.85   56.91
 -5.84   56.76
 -1.98   57.66
 -1.99   57.33
 -2.52   56.71
 -3.20   56.38
 -4.15   56.12
 -6.34   55.81
 -5.55   55.79
 -5.04   55.87
 -4.49   55.86
 -4.68   55.53
 -2.70   56.03
 -1.92   55.69
 -1.73   55.60
 -1.59   55.34
 -1.67   54.96
 -1.23   54.63
 -4.45   54.89
 -3.51   54.97
 -3.18   54.90
 -3.31   54.40
 -4.41   54.37
 -2.96   54.08
 -2.99   53.69
 -3.14   53.40
 -3.76   53.30
 -4.06   52.47
 -0.66   53.65
 -0.10   53.66
  0.25   53.31
  0.17   52.74
  0.79   52.97
  1.64   52.49
 -4.93   51.61
 -3.77   51.58
 -3.02   51.35
  0.83   51.70
  0.31   51.46
  1.09   51.58
  0.45   50.84
 -1.35   50.80
 -2.12   50.68
 -3.68   50.32
  6.00   55.07
  2.98   55.02
  3.71   53.35
  3.40   52.50
  0.17   53.99
  1.11   52.99
  2.08   53.21
 -5.25   56.07
 -6.14   53.32
 -6.23   52.52
 -6.42   52.30
 -6.30   51.40
 -9.54   54.32
 -8.61   54.26
 -8.46   54.88
 -7.91   55.16
 -7.29   55.26
 -6.85   55.15
 -6.03   55.08
 -5.64   54.55
 -5.72   54.32
 -6.14   53.99
 36.60   68.98
 29.06   70.31
 19.78   69.95
 19.06   69.80
 16.02   69.17
 16.75   68.68
 16.00   68.60
 14.33   68.21
 11.45   64.91
  9.88   63.77
 11.46   63.85
 10.85   63.64
  8.73   63.73
  8.98   63.54
  8.20   62.80
  6.22   62.67
  6.44   62.64
  6.60   62.40
  6.20   62.30
  5.70   62.26
  5.00   62.00
  5.00   60.80
  5.00   60.73
  5.09   60.30
  5.29   60.21
  5.20   59.58
  5.67   59.38
  5.52   59.00
  5.60   58.50
  6.72   58.00
  7.68   58.04
  9.67   58.82
  9.35   58.95
 10.36   59.41
 10.61   60.18
 10.75   60.00
 10.86   59.72
 10.96   59.36
 11.20   58.60
 12.29   58.45
 12.48   58.18
 13.61   58.09
 11.70   57.70
 12.00   57.35
 12.60   56.45
 12.55   56.20
 12.98   55.75
 14.62   56.02
 15.12   56.17
 15.75   56.13
 16.27   57.22
 18.64   57.43
 16.46   59.23
 17.49   59.35
 16.71   60.74
 17.52   63.13
 19.87   63.95
 21.24   65.87
 24.37   66.27
 24.67   66.54
 26.47   64.77
 23.52   62.88
 21.40   62.30
 22.20   60.96
 21.86   61.13
 22.00   60.50
 20.00   60.20
 22.73   60.36
 23.49   59.99
 27.71   60.27
 25.52   60.37
 25.77   60.36
 28.22   60.34
 28.40   59.50
 24.69   59.39
 24.42   59.25
 22.50   58.50
 18.12   54.58
 13.46   54.56
 11.57   56.70
 10.59   55.81
  8.30   55.40
 12.00   55.00
  8.83   54.90
  8.62   53.88
  7.60   53.69
 15.52   77.03
 14.31   78.32
 16.54   78.53
 11.60   78.90
 16.83   79.83
 18.64   80.05
 28.00   80.17
 22.00   79.42
 22.00   78.59
 20.97   78.26
 23.00   78.22
 20.50   78.00
 21.53   77.91
 23.00   77.36
 25.17   76.60
 29.06   78.73
 54.18   80.19
 54.98   80.25
 57.33   80.53
 60.28   80.35
 58.08   80.17
 57.80   80.10
 59.10   80.12
 58.80   79.99
 68.80   76.32
 68.90   76.40
 69.05   76.74
 67.20   76.91
 66.00   76.75
 62.30   76.25
 60.00   70.00
  7.05   53.14
  6.00   53.40
  6.08   53.49
  5.13   53.33
  4.82   52.84
  4.76   52.50
  4.75   52.20
  4.60   51.80
  4.00   51.50
  5.35   52.78
  2.82   51.11
  1.63   50.43
  1.35   49.98
  0.15   49.49
 -1.19   49.40
 -1.60   49.67
