-67.11   82.78
-64.74   82.79
-63.24   82.48
-62.85   81.98
-65.66   81.72
-66.95   81.35
-66.68   81.05
-65.38   81.34
-57.70   81.90
-59.26   81.74
-61.15   81.54
-64.83   80.28
-66.67   77.50
-66.89   77.15
-68.91   76.52
-62.55   75.60
-52.67   70.73
-54.10   70.47
-52.10   70.07
-54.69   69.94
-53.75   69.33
-53.06   69.38
-50.98   69.39
-50.89   69.20
-51.04   68.61
-52.33   68.61
-52.94   68.47
-51.48   67.83
-53.51   67.50
-53.56   66.84
-51.31   67.17
-53.59   66.89
-52.63   66.97
-50.95   66.85
-52.07   66.57
-53.62   66.42
-52.80   65.62
-50.33   64.43
-51.78   64.32
-51.06   63.40
-49.54   62.09
-46.12   60.80
-44.90   60.65
-37.28   65.72
-27.10   70.70
-25.33   71.17
-24.55   71.41
-23.94   72.09
-24.21   72.26
-26.08   72.41
-26.83   72.72
-27.42   73.17
-24.80   72.92
-24.09   72.65
-22.70   72.89
-21.43   73.13
-22.59   73.44
-26.12   73.63
-24.54   73.74
-24.53   73.81
-22.88   73.67
-21.62   73.48
-20.69   73.67
-21.80   73.81
-22.32   74.08
-21.27   74.10
-21.96   74.33
-20.41   74.47
-20.72   75.22
-19.86   75.35
-18.92   75.33
-20.02   76.97
-17.76   77.80
-20.77   78.07
-19.43   79.21
-21.79   79.62
-19.13   79.78
-20.67   80.09
-20.54   80.45
-16.07   80.49
-15.00   80.83
-14.00   81.17
-23.27   80.79
-16.64   81.59
-27.66   81.90
-30.82   82.19
-19.88   82.52
-21.63   82.26
-23.91   82.88
-32.03   83.64
-31.97   83.60
-32.60   83.07
-35.25   83.15
-37.30   82.94
-40.31   82.32
-43.29   83.05
-48.68   82.12
-52.49   81.64
-22.26   65.59
-21.69   64.31
