291.40    63.63
282.25    63.95
291.53    62.27
290.35    62.70
289.55    62.62
288.65    63.08
283.50    64.37
282.96    63.52
282.01    63.32
287.65    65.60
290.50    57.66
290.03    59.37
291.84    60.51
290.13    60.88
287.25    61.98
285.77    62.19
285.77    62.66
284.18    62.21
282.26    62.19
280.00    62.00
282.23    60.41
280.02    59.83
282.91    57.82
280.79    56.66
283.55    56.57
282.58    55.45
282.84    55.47
282.15    53.63
282.28    52.50
276.34    51.47
276.25    54.32
272.42    55.24
266.34    56.71
265.58    58.71
265.04    61.37
266.14    63.69
277.00    62.50
276.05    64.57
269.77    66.17
273.71    66.59
277.79    67.88
277.30    68.15
277.39    68.36
277.25    68.62
275.13    68.76
274.24    68.24
271.58    67.82
269.18    68.27
263.70    66.13
