266.13    72.25
266.40    72.83
264.94    72.81
260.65    71.70
262.26    71.65
262.27    72.19
263.44    72.11
263.36    72.44
263.06    72.69
254.98    69.95
254.94    69.13
253.69    69.46
253.67    70.50
251.65    69.03
249.83    68.63
273.20    72.72
273.74    72.41
273.54    72.19
273.89    71.78
274.54    71.78
275.52    71.50
274.39    72.65
274.96    73.05
275.71    73.16
279.37    73.03
279.58    72.80
280.65    73.04
278.77    72.30
278.91    72.06
279.11    71.88
279.84    72.45
281.99    72.69
281.08    71.94
282.10    71.78
283.67    71.75
285.73    71.91
285.13    71.36
287.12    71.44
288.14    71.44
288.76    71.20
288.46    70.07
291.16    70.47
291.30    69.95
289.64    69.88
289.98    69.61
291.60    69.50
291.85    69.30
292.52    69.18
291.66    68.98
290.93    68.96
290.65    68.84
291.36    68.74
291.62    68.56
293.28    68.30
292.62    68.20
294.01    67.90
295.06    68.03
294.57    67.68
295.01    67.35
295.98    67.55
295.35    66.95
297.23    67.00
297.05    66.58
295.07    65.81
294.23    66.14
293.50    66.45
292.34    66.59
293.05    65.45
293.30    64.78
294.95    63.67
295.49    63.10
291.63    63.63
291.80    63.24
293.06    63.08
293.52    63.06
293.47    62.90
294.43    62.90
282.25    63.95
295.28    62.46
292.97    62.67
293.66    62.36
293.89    62.08
295.00    61.78
292.63    62.13
292.21    62.22
291.53    62.27
290.35    62.70
289.55    62.62
288.65    63.08
283.50    64.37
282.96    63.52
282.01    63.32
287.65    65.60
284.84    69.25
281.06    69.15
282.32    70.20
280.75    70.57
281.14    69.85
279.75    69.62
276.89    70.02
275.00    70.13
273.88    70.12
273.34    70.04
272.84    70.41
270.82    70.97
272.31    70.92
273.45    70.95
274.98    70.90
274.28    71.12
273.53    71.09
272.50    71.13
271.35    71.31
270.41    71.39
270.12    72.04
270.20    71.77
270.31    72.59
298.52    56.75
297.00    58.07
297.02    58.55
296.37    59.06
296.18    59.34
295.59    59.91
295.18    60.42
294.00    58.74
291.64    58.05
290.03    59.37
292.06    60.50
290.13    60.88
287.25    61.98
285.77    62.19
285.77    62.66
284.18    62.21
282.26    62.19
280.00    62.00
282.23    60.41
280.02    59.83
282.91    57.82
280.79    56.66
283.55    56.57
282.58    55.45
282.38    54.73
282.15    53.63
282.26    51.99
281.64    50.60
277.46    50.27
276.34    51.47
276.25    54.32
272.42    55.24
266.34    56.71
265.58    58.71
265.04    61.37
266.14    63.69
277.00    62.50
276.05    64.57
269.77    66.17
273.71    66.59
277.79    67.88
277.30    68.15
277.39    68.36
277.59    68.66
278.09    69.32
274.70    69.70
274.77    69.37
275.81    69.68
275.22    68.82
274.24    68.24
271.58    67.82
269.32    69.03
267.89    68.62
267.67    70.12
266.03    71.29
264.46    71.10
263.94    70.40
262.53    69.25
263.70    66.13
262.22    68.37
257.17    66.90
254.95    68.13
252.66    67.83
252.75    67.34
252.62    66.63
249.81    67.83
249.12    67.66
289.70    52.74
289.25    53.51
