278.27    77.62
278.25    77.30
282.20    76.80
280.36    76.31
280.97    75.88
278.38    76.49
277.78    76.83
276.62    76.62
275.47    76.72
274.96    76.46
273.77    76.49
272.49    76.39
272.44    76.61
271.70    76.47
271.51    77.00
270.05    77.27
273.24    77.86
275.07    77.30
275.10    77.56
264.94    77.59
264.43    77.01
265.68    76.91
266.52    76.79
267.86    76.56
269.51    76.77
269.43    76.50
269.54    76.18
269.93    75.79
271.02    75.45
272.40    75.43
274.34    75.56
275.42    75.66
276.17    75.78
276.37    74.57
274.43    74.69
273.20    74.62
271.58    74.80
269.42    74.90
268.66    74.65
268.01    74.91
268.11    75.16
267.76    75.39
268.11    75.66
268.79    75.76
267.48    76.06
266.60    76.32
265.03    76.31
264.46    76.58
265.11    76.12
265.44    75.79
265.26    75.38
263.91    75.06
265.12    74.72
264.28    74.61
262.45    74.56
263.13    75.37
261.32    75.26
261.35    75.77
260.67    76.30
259.95    76.45
257.67    75.58
255.41    75.09
262.74    75.51
257.60    76.04
256.34    76.43
258.73    76.81
250.48    75.65
251.89    75.96
253.67    76.05
254.03    75.42
249.32    74.73
246.44    74.83
266.13    72.25
266.40    72.83
269.23    73.96
266.26    74.06
265.12    74.00
264.94    72.81
260.65    71.70
262.26    71.65
262.27    72.19
263.44    72.11
263.36    72.44
261.55    72.77
262.95    72.83
263.04    73.09
262.21    73.36
262.60    73.81
262.19    74.03
261.52    73.73
261.05    73.97
260.31    73.69
259.40    73.38
260.24    73.20
258.22    72.91
257.44    72.87
254.55    72.13
255.67    71.38
254.98    69.95
254.94    69.13
253.69    69.46
251.92    70.30
251.14    69.10
249.30    68.73
246.71    68.64
246.65    69.19
244.15    69.32
243.20    69.65
242.74    69.98
243.48    70.16
244.63    70.26
246.52    70.25
247.22    70.58
246.09    70.69
243.68    70.65
242.17    70.76
241.78    71.06
243.02    71.44
241.17    71.69
241.95    72.25
243.93    73.12
246.01    72.95
249.39    72.70
252.39    71.93
252.35    72.97
254.99    73.56
243.11    73.25
272.95    73.78
274.53    73.82
274.88    73.63
273.20    72.72
273.74    72.41
273.54    72.19
273.89    71.78
274.54    71.78
275.52    71.50
274.39    72.65
274.96    73.05
275.71    73.16
277.03    73.66
279.37    73.03
279.58    72.80
280.65    73.04
278.77    72.30
278.91    72.06
279.11    71.88
279.84    72.45
281.99    72.69
281.08    71.94
282.10    71.78
283.67    71.75
285.73    71.91
285.13    71.36
287.12    71.44
288.14    71.44
288.76    71.20
288.46    70.07
291.16    70.47
291.30    69.95
289.64    69.88
289.98    69.61
291.60    69.50
291.85    69.30
292.52    69.18
291.66    68.98
290.93    68.96
290.65    68.84
291.36    68.74
291.62    68.56
293.28    68.30
292.62    68.20
294.01    67.90
295.06    68.03
294.57    67.68
295.01    67.35
295.98    67.55
295.35    66.95
297.23    67.00
297.05    66.58
295.07    65.81
294.23    66.14
293.50    66.45
292.34    66.59
293.05    65.45
293.30    64.78
294.95    63.67
295.49    63.10
291.63    63.63
291.80    63.24
293.06    63.08
293.52    63.06
293.47    62.90
294.43    62.90
282.25    63.95
295.28    62.46
292.97    62.67
293.66    62.36
293.89    62.08
295.00    61.78
292.63    62.13
292.21    62.22
291.53    62.27
290.35    62.70
289.55    62.62
288.65    63.08
283.50    64.37
282.96    63.52
282.01    63.32
287.65    65.60
284.84    69.25
281.06    69.15
282.32    70.20
280.75    70.57
281.14    69.85
279.75    69.62
276.89    70.02
275.00    70.13
273.88    70.12
273.34    70.04
272.84    70.41
270.82    70.97
272.31    70.92
273.45    70.95
274.98    70.90
274.28    71.12
273.53    71.09
272.50    71.13
271.35    71.31
270.41    71.39
270.12    72.04
270.20    71.77
270.31    72.59
303.04    53.72
302.51    54.44
301.59    54.19
299.75    53.48
299.83    54.76
300.60    55.21
299.46    55.75
298.54    56.75
297.00    58.07
297.02    58.55
296.37    59.06
296.18    59.34
295.59    59.91
295.18    60.42
294.00    58.74
291.64    58.05
290.03    59.37
292.06    60.50
290.13    60.88
287.25    61.98
285.77    62.19
285.77    62.66
284.18    62.21
282.26    62.19
280.00    62.00
282.23    60.41
280.02    59.83
282.91    57.82
280.79    56.66
283.55    56.57
282.58    55.45
282.38    54.73
282.15    53.63
282.26    51.99
281.64    50.60
277.46    50.27
276.34    51.47
276.25    54.32
272.42    55.24
266.34    56.71
265.58    58.71
265.04    61.37
266.14    63.69
277.00    62.50
276.05    64.57
269.77    66.17
273.71    66.59
277.79    67.88
277.30    68.15
277.39    68.36
277.59    68.66
278.09    69.32
274.70    69.70
274.77    69.37
275.81    69.68
275.22    68.82
274.24    68.24
271.58    67.82
269.32    69.03
267.89    68.62
267.67    70.12
266.03    71.29
264.46    71.10
263.94    70.40
262.53    69.25
263.70    66.13
262.22    68.37
257.17    66.90
254.95    68.13
252.66    67.83
252.75    67.34
252.62    66.63
249.81    67.83
248.55    67.66
246.61    67.66
244.90    67.89
244.74    68.41
246.03    68.43
243.80    68.73
241.41    69.14
239.35    69.51
237.42    69.37
289.40    76.80
286.87    76.72
302.16    51.38
300.06    50.79
296.52    49.57
295.76    49.83
295.40    50.28
293.64    50.24
291.80    49.27
291.12    48.83
290.30    48.12
288.58    48.46
289.61    47.49
287.34    46.50
282.97    45.89
284.26    45.49
284.23    45.17
284.18    44.62
285.33    45.10
285.56    45.42
286.10    45.62
286.87    45.40
286.74    44.54
287.66    45.99
288.38    46.71
289.19    46.95
289.55    47.08
290.48    47.86
291.28    48.36
292.29    48.78
293.67    49.17
294.23    49.22
294.70    49.24
295.67    48.93
294.80    48.10
293.86    48.13
293.71    47.97
294.74    47.43
289.70    52.74
289.25    53.51
