280.02    59.83
282.23    60.41
265.58    58.71
266.14    63.69
265.04    61.37
276.05    64.57
266.34    56.71
285.77    62.19
283.55    56.57
282.38    54.73
282.58    55.45
282.15    53.63
290.13    60.88
290.03    59.37
290.35    62.70
292.06    60.50
282.26    51.99
291.63    63.63
277.59    68.66
278.09    69.32
281.06    69.15
267.89    68.62
279.75    69.62
294.00    58.74
262.53    69.25
281.16    69.85
267.67    70.12
292.34    66.59
295.49    63.10
293.50    66.45
270.81    70.99
296.37    59.06
295.07    65.81
275.52    71.50
294.57    67.69
273.88    71.79
274.54    71.78
264.50    71.12
279.11    71.88
297.05    66.58
295.98    67.55
273.54    72.19
278.92    72.07
273.74    72.41
274.39    72.65
253.69    69.46
273.18    72.73
266.14    72.25
251.14    69.10
298.52    56.82
281.98    72.68
266.39    72.82
263.57    72.55
279.37    73.03
262.93    72.84
263.00    73.06
299.51    55.68
261.58    72.75
258.16    72.93
260.29    73.21
246.72    68.62
265.12    74.03
262.50    73.81
252.32    71.93
246.03    68.43
260.82    73.94
244.98    67.92
299.78    54.75
295.09    50.28
246.72    70.23
290.30    48.12
282.91    57.82
284.18    62.21
276.25    54.32
285.77    62.66
287.25    61.98
277.39    68.36
284.91    69.21
294.43    62.90
272.91    70.42
274.98    70.89
272.34    70.92
296.18    59.34
270.43    71.39
252.62    66.63
297.05    58.56
252.72    67.86
255.01    69.14
295.06    68.03
281.07    71.93
260.65    71.70
279.60    72.80
265.03    72.79
255.67    71.38
248.55    67.66
277.03    73.66
261.97    73.34
269.37    73.94
266.44    74.00
257.46    72.86
261.51    73.71
268.65    74.64
268.01    74.91
264.30    74.62
247.29    70.59
282.26    62.19
280.79    56.66
273.71    66.59
275.22    68.82
291.64    58.05
276.89    70.02
275.00    70.13
282.34    70.20
294.23    66.14
273.44    70.95
272.48    71.14
274.28    71.12
263.94    70.40
289.98    69.62
289.64    69.88
293.26    68.34
270.11    72.04
282.01    71.80
285.11    71.36
297.23    67.00
270.32    72.59
262.11    74.01
260.14    73.69
262.46    74.54
291.32    48.37
292.26    48.76
290.49    47.83
255.09    73.50
244.05    69.34
301.36    54.20
293.65    49.16
289.50    47.05
275.44    75.66
244.62    70.25
268.21    75.63
294.70    49.24
262.75    75.51
302.52    54.48
242.77    69.95
261.25    75.79
272.44    76.40
274.92    76.49
245.98    72.97
266.49    76.37
267.67    76.57
265.52    76.92
264.65    76.99
278.25    77.29
241.10    71.76
294.84    47.55
251.72    76.07
258.70    76.81
273.35    77.85
302.66    51.46
272.42    55.24
282.96    63.52
274.70    69.70
262.22    68.37
273.53    71.09
290.68    68.85
289.70    52.74
290.93    68.96
291.60    69.50
276.34    51.47
287.65    65.60
277.46    50.27
275.81    69.68
293.66    62.36
281.64    50.60
273.34    70.04
289.25    53.51
280.75    70.57
291.36    68.74
291.66    68.56
288.46    70.09
297.09    58.11
283.50    64.37
274.77    69.37
277.00    62.50
280.00    62.00
282.01    63.32
269.77    66.17
263.70    66.13
289.55    62.62
277.79    67.88
274.24    68.24
277.30    68.15
273.88    70.12
294.95    63.67
291.66    68.98
295.00    67.38
262.64    71.63
291.11    70.46
282.25    63.95
269.32    69.03
271.35    71.31
291.85    69.30
291.30    69.95
283.67    71.75
278.77    72.30
285.73    71.91
274.96    73.05
275.71    73.16
280.91    73.02
274.88    73.63
272.95    73.78
293.64    50.24
288.58    48.46
300.27    55.19
265.15    74.72
244.74    68.41
243.72    68.73
288.65    63.08
291.53    62.27
291.80    63.24
292.21    62.22
292.63    62.13
293.52    63.06
257.17    66.90
295.59    59.91
252.75    67.34
295.35    66.95
287.12    71.35
254.98    69.95
279.84    72.45
288.14    71.44
251.92    70.30
274.53    73.82
246.61    67.66
246.65    69.19
291.80    49.27
271.58    74.80
291.12    48.83
269.42    74.90
299.55    53.39
263.97    75.03
274.39    75.56
245.71    70.71
289.11    46.90
284.24    45.49
294.22    49.22
276.19    75.78
263.10    75.37
268.79    75.76
286.08    45.62
243.21    69.67
295.78    49.83
280.97    75.88
285.25    45.14
267.64    76.06
286.85    45.40
285.56    45.42
257.67    75.58
293.84    48.12
264.66    76.38
302.72    53.73
269.51    76.77
277.78    76.83
271.66    77.03
259.95    76.45
286.88    76.72
274.62    77.29
260.62    76.32
270.05    77.27
301.30    51.37
275.10    77.56
278.30    77.56
265.10    77.67
274.89    78.17
273.83    78.26
296.04    46.75
303.22    51.55
262.73    78.45
268.53    78.22
258.84    78.31
273.12    78.57
270.67    78.34
293.07    45.07
302.72    50.55
254.90    77.41
277.50    78.77
304.11    51.37
243.27    75.39
274.81    78.84
285.36    78.65
290.33    43.81
290.19    43.71
302.22    49.93
298.23    47.26
272.39    79.41
295.29    45.75
283.99    78.87
266.13    79.02
268.05    79.16
269.83    79.27
284.50    79.06
268.38    79.36
269.21    79.39
246.20    77.13
272.55    79.52
289.37    42.93
301.21    48.57
278.91    79.65
274.63    79.94
295.87    45.33
278.06    79.94
277.53    80.15
270.84    80.38
296.51    44.67
278.99    80.41
286.79    40.88
286.59    40.83
285.99    40.73
285.99    40.73
287.40    41.02
280.85    80.60
289.07    41.37
289.07    41.37
268.68    80.83
285.72    40.42
285.76    39.73
271.26    81.05
274.85    81.08
270.39    81.22
227.35    69.30
299.97    44.11
285.81    39.50
275.12    81.92
225.43    69.95
273.26    81.98
284.61    39.06
284.61    39.06
278.05    82.03
274.07    82.25
284.98    38.65
305.88    47.03
306.34    46.99
283.76    38.16
237.14    49.14
237.27    49.14
234.98    49.93
235.62    49.43
229.82    54.32
232.16    52.00
228.40    55.39
237.30    47.87
225.44    58.36
229.07    54.47
236.52    48.49
232.64    51.12
226.57    56.00
284.45    35.77
284.48    36.09
224.05    58.89
234.80    48.90
226.48    55.62
228.05    53.62
226.38    55.44
311.05    45.65
284.43    35.46
236.00    46.90
222.38    58.58
228.83    52.57
236.10    45.50
236.00    44.40
215.53    60.21
215.47    60.20
271.58    67.82
293.06    63.08
293.89    62.08
293.30    64.78
293.05    65.45
266.03    71.29
294.06    67.92
270.20    71.77
292.52    69.18
263.44    72.11
262.27    72.19
254.55    72.13
259.34    73.38
276.37    74.57
273.20    74.62
274.43    74.69
268.11    75.16
270.88    75.44
287.34    46.51
289.60    47.49
267.76    75.39
260.95    75.23
269.93    75.79
288.36    46.70
243.53    70.16
265.65    75.78
243.68    70.65
296.40    49.58
269.45    76.30
273.43    76.57
241.42    69.14
276.62    76.62
271.70    76.47
280.78    76.38
278.38    76.49
272.33    76.66
242.17    70.76
264.47    76.58
257.55    76.07
266.46    76.77
241.85    71.05
282.20    76.80
249.15    74.69
250.02    75.62
289.00    76.93
271.26    78.35
258.38    77.75
267.01    78.59
291.15    44.41
283.93    78.53
302.02    49.49
235.22    71.96
297.52    46.39
300.70    47.76
240.25    76.30
245.88    77.83
261.23    79.75
302.15    47.62
279.42    80.72
305.75    49.50
304.18    47.90
306.37    48.84
304.46    46.94
307.30    47.57
231.33    54.02
225.45    58.34
227.28    56.63
224.90    58.13
226.20    55.96
292.97    62.67
293.47    62.90
295.00    61.78
288.80    71.19
250.20    67.78
248.77    68.83
282.97    45.89
252.44    72.88
272.40    75.43
287.71    45.99
249.03    72.58
255.41    75.09
239.47    69.48
254.42    75.88
243.45    73.36
286.70    44.36
236.45    69.42
291.98    44.43
291.98    44.43
301.94    49.05
303.85    49.64
297.63    45.90
231.83    70.62
304.57    49.37
288.54    41.46
289.12    40.83
292.00    41.50
221.58    69.28
295.28    62.46
284.23    45.17
284.30    44.64
294.76    48.08
243.93    73.12
241.95    72.25
245.90    74.90
239.16    71.72
240.93    74.16
293.92    45.23
293.82    44.39
301.18    48.23
295.66    48.93
293.71    47.97
303.18    49.86
297.47    45.68
299.09    45.87
298.54    45.35
237.57    48.54
295.07    46.72
295.73    44.27
301.63    44.42
237.80    48.10
236.27    49.07
228.93    53.72
223.93    58.32
234.18    49.10
218.17    60.00
294.81    45.49
289.49    40.12
228.58    54.43
233.60    49.40
217.03    60.22
