273.89    71.78
287.46    41.27
290.13    60.88
293.04    45.09
289.15    42.58
284.89    38.74
289.53    47.07
290.30    48.12
296.58    44.66
287.47    41.27
266.12    72.27
282.55    55.46
284.33    78.90
285.86    62.21
286.76    40.84
283.63    38.64
276.28    64.56
265.47    58.54
280.76    69.05
304.17    47.51
286.49    40.65
290.00    59.34
306.10    49.40
290.47    47.82
236.19    69.78
298.54    56.65
288.11    41.34
271.05    80.37
304.20    51.48
289.38    76.78
285.37    39.23
285.62    39.66
258.70    76.81
304.52    46.93
295.72    45.78
262.62    73.81
282.01    54.42
289.45    41.57
267.65    70.15
274.39    72.64
282.26    60.38
266.34    56.61
291.69    63.59
295.25    50.28
296.38    59.06
262.88    72.83
273.17    72.73
264.86    63.85
253.66    69.49
266.41    72.82
290.08    43.67
302.67    51.45
241.16    71.71
289.43    43.30
272.46    76.40
239.97    76.62
290.17    43.72
273.73    72.41
294.56    67.74
262.49    74.57
242.74    69.98
279.37    73.03
243.20    69.66
246.53    70.24
287.54    41.03
266.51    76.33
289.13    41.38
244.81    67.85
302.67    50.66
297.44    46.13
265.18    74.05
302.51    54.44
283.81    79.11
262.28    68.79
286.04    41.23
279.70    69.59
254.25    75.44
292.46    44.65
299.38    55.72
260.24    73.20
265.00    61.35
274.55    71.78
293.56    66.41
268.38    78.23
278.02    68.69
278.18    69.31
247.24    70.59
272.53    79.51
282.30    53.54
285.32    78.64
295.97    67.54
289.23    42.73
245.98    70.69
284.65    39.06
293.93    44.44
298.15    47.28
297.05    66.58
306.41    48.93
289.65    41.70
251.14    69.10
249.17    74.70
253.67    76.05
261.57    72.80
286.44    40.87
279.12    71.88
289.13    46.86
292.22    44.54
291.31    48.36
277.02    54.81
303.19    51.54
291.99    44.43
286.05    41.06
275.07    78.85
287.09    41.24
248.35    67.66
244.10    69.33
299.75    53.48
295.62    45.82
285.72    39.51
277.43    68.34
296.14    45.35
297.01    58.58
278.85    72.06
290.27    62.76
226.07    70.05
286.10    41.04
227.18    69.32
263.00    73.07
304.25    52.42
280.79    71.97
249.96    75.68
289.37    42.92
266.37    74.03
252.70    67.86
288.94    42.34
244.67    70.26
272.22    70.91
264.30    74.62
296.15    46.57
246.78    68.65
267.76    76.56
294.07    58.77
279.55    72.81
301.49    54.17
266.50    76.79
294.44    62.90
286.06    41.41
287.32    61.94
302.85    53.65
293.86    45.21
284.15    62.21
265.11    76.12
273.54    72.20
300.70    47.73
283.51    56.65
255.67    71.38
292.29    48.77
284.52    39.30
270.48    71.38
303.21    49.82
284.86    69.20
265.08    72.82
282.65    57.87
283.90    39.00
277.03    73.66
285.75    62.67
268.01    74.92
294.64    43.96
296.54    49.55
284.63    39.11
277.66    78.64
267.48    76.08
301.22    48.57
265.30    75.38
246.03    68.43
299.80    54.77
251.65    76.07
264.62    77.01
275.43    75.66
274.28    71.13
265.62    76.90
235.31    71.93
264.03    70.41
302.23    49.94
295.07    65.78
297.23    67.00
296.16    59.34
273.44    70.94
245.92    73.08
274.94    76.48
281.29    69.74
273.27    77.86
261.37    75.77
278.28    77.29
246.31    77.12
246.53    76.10
294.25    66.14
259.87    73.70
282.24    62.41
258.75    78.39
275.10    70.12
275.56    71.52
268.32    68.55
252.43    66.59
294.74    49.24
282.31    70.21
293.70    49.18
280.79    56.66
300.02    44.10
291.42    58.01
294.79    47.50
272.92    70.42
255.11    73.46
285.71    40.41
289.68    69.89
270.80    70.98
286.06    41.30
281.67    71.88
269.36    78.29
262.06    73.97
272.54    71.15
289.70    52.67
264.82    76.34
262.22    68.37
245.95    77.88
268.26    75.63
282.96    63.52
232.17    70.44
286.88    76.72
273.64    71.12
265.14    74.72
269.14    73.97
291.15    44.25
262.20    73.37
289.97    69.60
270.35    72.60
269.43    76.50
277.18    50.22
291.21    70.44
268.68    74.65
288.52    70.07
300.66    50.99
261.43    74.03
291.63    68.55
274.35    75.56
273.25    70.07
300.36    55.22
263.15    72.32
280.75    70.57
262.16    71.65
281.68    50.55
274.84    70.84
299.14    45.95
280.04    59.82
276.02    69.73
270.15    72.05
268.12    79.16
293.33    68.24
265.44    75.79
297.49    45.92
269.16    79.39
274.78    69.38
274.67    79.87
276.15    75.78
269.51    76.17
293.65    62.36
295.18    60.42
281.20    79.07
255.00    69.13
274.96    73.05
284.62    79.15
282.51    52.05
282.02    63.35
271.38    81.06
283.46    64.31
283.02    79.44
263.70    66.13
290.55    68.87
280.20    73.07
294.93    63.73
292.11    60.52
277.59    68.11
302.21    47.62
273.88    70.12
278.96    80.41
292.07    66.63
278.27    77.60
239.85    73.85
240.73    75.67
285.12    71.38
260.68    76.31
304.19    47.89
274.23    68.27
274.71    69.69
280.97    75.88
275.43    68.87
273.92    66.56
279.00    79.66
272.96    73.78
271.73    54.48
295.77    49.84
275.09    78.18
278.78    72.31
288.62    48.46
268.28    79.35
275.47    76.72
301.47    47.68
295.00    67.38
291.35    68.71
286.07    45.59
293.60    50.23
285.01    79.52
291.30    69.95
284.33    45.49
261.17    75.26
287.66    45.97
280.00    62.00
280.36    76.31
289.61    47.49
282.25    63.95
275.67    80.52
294.24    49.22
281.06    80.60
249.46    72.75
288.54    41.46
275.10    81.91
263.11    75.37
273.86    78.27
271.35    71.31
277.83    67.87
274.04    82.25
291.85    69.30
296.80    57.99
286.85    65.32
243.68    68.72
284.34    35.83
288.65    63.08
237.12    49.15
284.37    36.06
274.52    73.82
257.17    66.90
236.00    44.40
277.78    76.83
263.97    75.03
232.29    51.13
261.07    71.95
262.69    78.48
272.39    79.41
268.79    75.76
252.22    71.94
232.13    52.00
293.52    63.06
285.60    45.44
289.55    62.62
269.38    69.11
291.12    48.83
271.58    74.75
295.59    59.91
273.47    81.97
254.76    77.46
225.44    58.36
228.50    52.56
234.95    49.93
274.85    81.08
286.86    45.39
291.79    49.27
269.42    74.90
270.67    78.34
257.53    75.57
292.21    62.22
289.25    53.51
291.80    63.24
275.47    51.93
229.09    54.46
274.62    77.29
236.10    45.50
259.95    76.45
215.33    60.29
294.99    68.05
291.53    62.27
273.12    78.57
285.99    40.74
268.68    80.83
226.38    55.44
270.05    77.27
226.62    55.91
246.69    67.66
224.11    58.97
292.63    62.13
285.36    45.12
277.62    80.12
236.00    46.90
270.39    81.22
215.53    60.21
285.70    71.90
236.53    48.48
222.38    58.61
227.79    53.73
229.78    54.32
311.23    46.14
258.06    72.99
254.98    69.95
278.06    79.94
269.83    79.27
305.88    47.03
306.34    46.99
287.90    71.56
284.43    35.46
244.24    75.66
266.13    79.02
278.05    82.03
252.75    67.34
271.66    77.03
237.28    49.14
269.51    76.77
234.88    49.06
287.12    71.35
237.30    47.87
275.10    77.56
265.10    77.67
251.92    70.30
246.65    69.19
279.84    72.45
293.84    48.12
295.35    66.95
291.40    69.49
226.48    55.62
235.59    49.44
228.37    55.39
216.71    60.16
276.37    74.57
294.06    67.93
293.89    62.08
244.74    68.38
293.30    64.78
225.39    58.30
267.01    78.59
263.44    72.11
271.70    76.47
243.68    70.65
290.91    68.96
243.70    70.18
241.38    69.15
259.34    73.38
272.33    76.66
268.11    75.16
293.05    65.45
287.40    46.52
258.38    77.75
257.49    72.83
274.43    74.69
264.47    76.58
226.20    55.96
270.88    75.44
267.76    75.39
279.42    80.72
276.62    76.62
266.03    71.29
257.55    76.07
292.12    69.02
283.93    78.53
293.06    63.08
270.20    71.77
241.78    71.09
254.55    72.13
282.20    76.80
242.19    70.75
227.15    56.68
269.93    75.79
261.50    73.69
292.52    69.18
307.30    47.57
271.26    78.35
271.58    67.82
273.30    76.52
278.38    76.49
262.27    72.19
273.20    74.62
261.23    79.75
302.02    49.49
264.60    70.96
231.35    54.12
224.84    58.09
288.40    46.71
243.53    73.50
229.01    53.63
293.47    62.90
272.40    75.43
292.01    41.58
304.59    49.39
295.25    62.82
286.73    44.41
303.86    49.65
219.46    59.75
274.87    73.63
292.97    62.67
283.01    45.88
212.57    60.94
255.41    75.09
224.53    59.25
250.20    67.78
295.00    61.78
288.85    40.50
252.49    72.82
220.74    69.41
239.35    69.51
288.97    71.19
248.77    68.83
243.02    71.44
295.37    62.45
224.73    57.05
239.17    71.72
295.68    48.92
294.82    48.11
304.47    50.78
284.24    45.12
255.46    76.59
301.19    48.23
236.85    49.67
245.90    74.90
215.09    60.33
241.97    72.26
223.92    58.29
243.93    73.12
218.17    60.00
297.52    45.68
301.95    49.06
284.26    44.63
237.35    48.10
237.62    48.60
298.51    45.34
234.18    49.10
293.71    47.97
295.07    46.72
301.63    44.42
236.27    49.07
294.81    45.49
289.49    40.12
228.58    54.43
233.60    49.40
