280.02    59.83
282.23    60.41
265.58    58.71
266.14    63.69
265.04    61.37
276.05    64.57
266.34    56.71
285.77    62.19
283.55    56.57
282.39    54.76
282.58    55.45
282.15    53.63
290.13    60.88
290.03    59.37
290.35    62.70
292.06    60.50
282.26    52.03
291.63    63.63
277.59    68.66
278.09    69.32
281.06    69.15
267.89    68.62
279.75    69.62
293.99    58.75
262.53    69.25
281.16    69.84
267.67    70.12
292.34    66.59
295.49    63.10
293.50    66.45
270.81    70.99
296.37    59.06
295.07    65.81
275.52    71.50
294.57    67.69
273.88    71.79
274.54    71.78
264.50    71.12
279.10    71.88
297.05    66.58
295.98    67.55
273.54    72.19
278.96    72.06
273.74    72.41
274.39    72.65
253.69    69.46
273.18    72.73
266.14    72.25
251.14    69.10
298.57    56.78
281.98    72.68
266.38    72.82
263.57    72.55
279.37    73.03
262.93    72.84
263.01    73.07
299.43    55.74
261.58    72.75
258.16    72.93
260.29    73.21
246.72    68.62
265.12    74.03
262.50    73.81
252.32    71.93
246.03    68.43
260.82    73.94
244.93    67.91
299.78    54.75
295.21    50.27
246.68    70.23
290.30    48.12
247.26    70.58
262.47    74.55
292.26    48.77
290.49    47.86
289.21    46.95
299.71    53.46
289.61    47.49
244.11    69.33
245.75    70.71
289.47    47.03
294.21    49.22
244.63    70.26
268.13    75.65
295.77    49.83
243.20    69.65
301.63    54.25
267.56    76.04
302.51    54.45
242.71    69.99
272.50    76.40
266.63    76.31
272.44    76.61
265.11    76.12
303.21    53.76
254.31    75.57
241.70    71.02
249.31    74.73
241.19    71.69
275.07    77.30
264.61    77.01
256.55    76.34
294.85    47.53
301.31    51.38
253.67    76.05
251.78    76.05
258.73    76.81
289.40    76.84
302.65    51.43
304.18    52.75
236.55    69.81
303.23    51.55
268.59    78.20
302.64    50.69
292.99    45.12
304.26    51.50
292.42    44.65
292.33    44.60
302.21    49.92
298.12    47.30
293.75    45.17
291.99    44.43
290.18    43.72
290.36    43.83
285.36    78.64
282.91    57.82
284.18    62.21
276.25    54.32
285.77    62.66
287.25    61.98
277.39    68.36
284.91    69.21
294.43    62.90
272.91    70.42
274.98    70.89
272.34    70.92
296.18    59.34
270.43    71.39
252.62    66.63
297.03    58.56
252.86    67.92
255.01    69.14
295.08    68.03
281.06    71.93
260.65    71.70
279.60    72.80
264.96    72.82
255.67    71.38
248.55    67.66
277.03    73.66
262.21    73.36
269.37    73.95
266.44    74.00
257.46    72.86
261.51    73.71
268.65    74.64
268.01    74.91
264.30    74.62
291.32    48.37
255.03    73.55
293.64    49.16
252.35    72.97
265.30    75.38
261.27    75.26
243.85    70.20
264.84    76.35
296.42    49.58
261.17    75.81
267.63    76.58
266.50    76.79
265.61    76.92
277.71    78.63
295.98    46.74
248.95    75.72
282.26    62.19
280.79    56.66
273.71    66.59
275.22    68.82
291.64    58.05
276.89    70.02
275.02    70.13
282.34    70.20
294.23    66.14
273.44    70.95
272.48    71.14
274.28    71.12
263.94    70.40
289.98    69.62
289.67    69.89
293.26    68.34
270.12    72.03
282.01    71.80
285.12    71.39
297.23    67.00
270.33    72.59
262.11    74.01
260.14    73.69
275.44    75.66
294.72    49.24
262.75    75.51
274.92    76.49
245.98    72.98
278.25    77.29
273.35    77.85
246.53    76.10
235.74    71.89
258.97    78.13
295.26    45.74
291.16    44.33
272.42    55.24
282.96    63.52
274.70    69.70
262.22    68.37
273.53    71.09
290.68    68.85
289.70    52.74
290.93    68.96
291.60    69.50
276.34    51.47
287.65    65.60
277.46    50.27
275.81    69.68
293.64    62.36
281.76    50.58
273.33    70.06
289.25    53.51
280.75    70.57
291.36    68.74
291.66    68.56
288.53    70.09
297.09    58.11
283.50    64.37
274.77    69.37
277.00    62.50
280.00    62.00
282.01    63.32
269.77    66.17
263.70    66.13
289.55    62.62
277.79    67.88
274.24    68.24
277.30    68.15
273.88    70.12
294.95    63.67
291.66    68.98
282.25    63.95
269.32    69.03
271.35    71.31
295.00    67.38
291.85    69.30
291.30    69.95
291.07    70.43
283.67    71.75
278.77    72.30
262.64    71.62
285.73    71.91
274.96    73.05
275.71    73.16
280.91    73.02
274.88    73.63
272.95    73.78
293.64    50.24
288.58    48.46
300.27    55.19
265.15    74.72
244.74    68.41
244.11    68.72
270.97    75.45
263.91    75.06
274.36    75.56
284.24    45.52
288.37    46.72
288.65    63.08
291.53    62.27
291.80    63.24
292.21    62.22
292.63    62.13
293.52    63.06
257.17    66.90
295.59    59.91
252.75    67.34
295.35    66.95
287.12    71.35
254.98    69.95
279.84    72.45
288.14    71.44
251.92    70.30
274.53    73.82
246.61    67.66
246.65    69.19
291.80    49.27
271.58    74.80
291.12    48.83
269.42    74.90
276.19    75.78
263.10    75.37
268.79    75.76
286.05    45.64
280.97    75.88
285.10    45.17
286.72    45.36
285.33    45.51
257.67    75.58
293.84    48.12
269.51    76.77
277.78    76.83
271.66    77.03
259.95    76.45
286.88    76.72
260.62    76.32
270.05    77.27
275.10    77.56
278.30    77.56
265.10    77.67
274.89    78.17
273.83    78.26
262.85    78.40
273.12    78.57
270.67    78.34
254.90    77.41
244.12    75.47
274.81    78.84
272.39    79.41
283.99    78.87
266.13    79.02
268.05    79.16
269.83    79.27
284.50    79.06
268.38    79.36
269.21    79.39
246.20    77.13
272.55    79.52
289.32    42.97
301.10    48.55
278.91    79.65
274.63    79.94
296.14    45.41
278.06    79.94
277.53    80.15
270.84    80.38
296.66    44.66
278.99    80.41
286.79    40.88
286.59    40.83
285.99    40.73
285.99    40.73
287.40    41.02
280.85    80.60
289.12    41.41
289.12    41.41
268.68    80.83
285.72    40.42
285.76    39.73
271.26    81.05
274.85    81.08
270.39    81.22
227.22    69.09
300.09    44.16
285.81    39.50
275.12    81.92
225.41    69.97
273.26    81.98
284.61    39.06
284.61    39.06
278.05    82.03
274.07    82.25
284.98    38.65
305.88    47.03
306.34    46.99
283.75    38.25
237.04    49.15
237.30    49.16
235.03    49.97
235.53    49.47
229.94    54.22
232.13    51.97
228.40    55.50
237.30    47.87
225.43    58.37
229.05    54.47
236.40    48.40
232.64    51.12
226.57    56.00
284.45    35.71
284.48    36.09
224.13    58.84
234.80    48.90
226.48    55.62
227.79    53.66
226.38    55.44
311.24    46.75
284.43    35.46
236.00    46.90
222.31    58.65
228.36    52.61
236.10    45.50
236.00    44.40
215.52    60.19
215.47    60.20
271.58    67.82
293.06    63.08
293.89    62.08
293.30    64.78
293.05    65.45
266.03    71.29
294.06    67.92
270.20    71.77
292.52    69.18
263.44    72.11
262.27    72.19
254.55    72.13
259.34    73.38
276.37    74.57
273.20    74.62
274.43    74.69
268.11    75.16
287.42    46.53
267.76    75.39
269.93    75.79
265.65    75.78
243.68    70.65
269.45    76.30
273.43    76.57
241.45    69.15
276.62    76.62
271.70    76.47
280.78    76.38
278.38    76.49
242.20    70.75
264.47    76.58
257.55    76.07
282.20    76.80
271.26    78.35
258.38    77.75
267.01    78.59
283.93    78.53
302.00    49.53
297.85    46.41
300.63    47.86
239.78    76.48
245.67    77.72
261.23    79.75
302.05    47.62
279.42    80.72
305.75    49.50
304.18    47.90
306.45    49.17
304.46    46.94
307.30    47.57
231.30    53.99
225.50    58.34
226.30    56.72
224.92    58.20
226.20    55.96
292.97    62.67
293.47    62.90
295.00    61.78
288.80    71.19
250.20    67.78
248.77    68.83
282.97    45.89
272.40    75.43
287.62    45.94
249.22    72.69
255.41    75.09
239.57    69.45
243.10    73.24
286.66    44.36
295.28    62.46
284.23    45.23
284.31    44.69
295.66    48.93
293.71    47.97
294.76    48.09
295.07    46.72
301.88    49.07
289.46    40.10
