273.25    81.97
275.14    81.91
278.05    82.03
274.23    82.26
285.05    79.47
283.08    79.42
284.75    79.16
283.60    79.10
281.68    78.91
284.35    78.90
285.32    78.64
283.93    78.53
278.27    77.62
278.25    77.30
282.20    76.80
280.36    76.31
280.97    75.88
278.38    76.49
277.78    76.83
276.62    76.62
275.47    76.72
274.96    76.46
273.77    76.49
272.49    76.39
272.44    76.61
271.70    76.47
271.51    77.00
270.05    77.27
273.24    77.86
275.07    77.30
277.87    78.09
275.10    77.56
275.35    78.20
273.77    78.26
273.12    78.57
275.26    78.87
277.65    78.62
274.81    79.88
279.04    79.66
277.93    79.94
277.53    80.15
278.96    80.41
280.88    80.60
279.42    80.71
275.71    80.52
274.84    81.07
271.38    81.06
270.51    81.24
268.56    80.90
271.22    80.37
272.54    79.51
272.39    79.41
271.40    78.32
270.67    78.34
269.41    78.27
268.45    78.21
267.24    78.59
266.72    78.80
266.13    79.02
268.16    79.16
269.83    79.27
269.18    79.39
268.29    79.35
261.23    79.75
262.69    78.48
258.58    78.36
258.38    77.75
265.10    77.67
264.43    77.01
265.68    76.91
266.52    76.79
267.86    76.56
269.51    76.77
269.43    76.50
269.54    76.18
269.93    75.79
271.02    75.45
272.40    75.43
274.34    75.56
275.42    75.66
276.17    75.78
276.37    74.57
274.43    74.69
273.20    74.62
271.58    74.80
269.42    74.90
268.66    74.65
268.01    74.91
268.11    75.16
267.76    75.39
268.11    75.66
268.79    75.76
267.48    76.06
266.60    76.32
265.03    76.31
264.46    76.58
265.11    76.12
265.44    75.79
265.26    75.38
263.91    75.06
265.12    74.72
264.28    74.61
262.45    74.56
263.13    75.37
261.32    75.26
261.35    75.77
260.67    76.30
259.95    76.45
257.67    75.58
255.41    75.09
262.74    75.51
257.60    76.04
256.34    76.43
258.73    76.81
255.97    77.15
254.73    77.43
249.62    75.70
251.65    76.08
253.67    76.05
254.03    75.42
249.32    74.73
245.90    74.90
246.53    76.10
244.63    75.87
240.73    75.67
240.73    76.56
246.31    77.12
245.87    77.84
266.13    72.25
266.40    72.83
269.23    73.96
266.26    74.06
265.12    74.00
264.94    72.81
260.65    71.70
262.26    71.65
262.27    72.19
263.44    72.11
263.36    72.44
261.55    72.77
262.95    72.83
263.04    73.09
262.21    73.36
262.60    73.81
262.19    74.03
261.52    73.73
261.05    73.97
260.31    73.69
259.40    73.38
260.24    73.20
258.22    72.91
257.44    72.87
254.55    72.13
255.67    71.38
254.98    69.95
254.94    69.13
253.69    69.46
251.92    70.30
251.14    69.10
249.30    68.73
246.71    68.64
246.65    69.19
244.15    69.32
243.20    69.65
242.74    69.98
243.48    70.16
244.63    70.26
246.52    70.25
247.22    70.58
246.09    70.69
243.68    70.65
242.17    70.76
241.78    71.06
243.02    71.44
241.17    71.69
241.95    72.25
243.93    73.12
246.01    72.95
249.39    72.70
252.39    71.93
252.35    72.97
254.99    73.56
240.21    73.95
243.11    73.25
239.36    71.83
235.48    71.87
272.95    73.78
274.53    73.82
274.88    73.63
273.20    72.72
273.74    72.41
273.54    72.19
273.89    71.78
274.54    71.78
275.52    71.50
274.39    72.65
275.71    73.16
277.03    73.66
279.37    73.03
279.58    72.80
278.77    72.30
278.91    72.06
279.11    71.88
279.84    72.45
281.99    72.69
281.08    71.94
282.10    71.78
283.67    71.75
285.73    71.91
285.13    71.36
287.12    71.44
288.14    71.44
288.76    71.20
288.46    70.07
291.30    69.95
289.64    69.88
289.98    69.61
291.60    69.50
291.85    69.30
292.52    69.18
291.66    68.98
290.93    68.96
290.65    68.84
291.36    68.74
291.62    68.56
293.28    68.30
292.62    68.20
294.01    67.90
295.06    68.03
294.57    67.68
295.01    67.35
295.98    67.55
295.35    66.95
297.23    67.00
297.05    66.58
295.07    65.81
293.50    66.45
292.34    66.59
293.05    65.45
293.30    64.78
294.95    63.67
295.49    63.10
291.63    63.63
291.80    63.24
293.06    63.08
293.52    63.06
293.47    62.90
294.43    62.90
282.25    63.95
295.28    62.46
292.96    62.67
293.66    62.36
293.89    62.08
295.00    61.78
292.63    62.13
292.21    62.22
291.53    62.27
290.35    62.70
289.55    62.62
288.65    63.08
283.50    64.37
282.96    63.52
282.01    63.32
287.65    65.60
284.84    69.25
281.06    69.15
282.32    70.20
280.75    70.57
281.14    69.85
279.75    69.62
276.89    70.02
275.00    70.13
273.88    70.12
273.34    70.04
272.84    70.41
270.82    70.97
272.31    70.92
273.45    70.95
274.98    70.90
274.28    71.12
273.53    71.09
272.50    71.13
271.35    71.31
270.41    71.39
270.12    72.04
270.20    71.77
270.31    72.59
303.21    51.55
304.22    52.70
303.04    53.72
302.51    54.44
301.59    54.19
299.75    53.48
299.83    54.76
300.60    55.21
299.46    55.75
298.54    56.75
297.00    58.07
297.02    58.55
296.37    59.06
296.18    59.34
295.59    59.91
295.18    60.42
294.00    58.74
291.64    58.05
290.03    59.37
292.06    60.50
290.13    60.88
287.25    61.98
285.77    62.19
285.77    62.66
284.18    62.21
282.26    62.19
280.00    62.00
282.23    60.41
280.02    59.83
282.91    57.82
280.79    56.66
283.55    56.57
282.58    55.45
282.38    54.73
282.15    53.63
282.26    51.99
281.64    50.60
277.46    50.27
276.34    51.47
276.25    54.32
272.42    55.24
266.34    56.71
265.58    58.71
266.14    63.69
277.00    62.50
276.05    64.57
269.77    66.17
273.71    66.59
277.79    67.88
277.30    68.15
277.39    68.36
277.59    68.66
278.09    69.32
274.70    69.70
274.77    69.37
275.81    69.68
275.22    68.82
274.24    68.24
271.58    67.82
269.32    69.03
267.89    68.62
267.67    70.12
266.03    71.29
264.46    71.10
263.94    70.40
262.53    69.25
263.70    66.13
262.22    68.37
257.17    66.90
254.95    68.13
252.66    67.83
252.75    67.34
252.63    66.63
249.81    67.83
248.55    67.66
246.61    67.66
244.90    67.89
244.74    68.41
246.03    68.43
243.80    68.73
241.41    69.14
239.35    69.51
236.59    69.75
232.39    70.29
227.11    69.36
226.74    70.14
221.16    69.28
289.40    76.80
286.87    76.72
212.34    60.22
213.79    59.53
215.48    60.21
216.34    60.06
218.20    60.00
220.01    59.69
221.32    59.16
222.42    58.58
223.91    58.38
224.82    58.15
224.57    59.30
225.46    58.35
225.40    58.31
227.18    56.62
226.84    55.94
226.33    55.40
228.37    55.39
229.14    54.46
228.32    54.33
229.68    54.30
231.37    54.19
229.09    53.56
228.48    52.60
232.02    51.98
233.32    49.72
234.10    49.13
235.03    49.03
235.17    49.25
234.99    49.89
235.68    49.37
237.10    49.12
237.48    48.50
236.82    49.63
237.05    49.14
236.93    49.08
236.59    48.88
236.56    48.58
235.49    48.26
237.34    47.90
236.10    46.63
237.27    47.86
235.48    48.28
235.88    47.09
236.17    46.58
236.08    45.42
236.00    44.23
235.80    41.70
304.24    51.49
304.47    50.78
303.19    49.80
303.86    49.68
304.57    49.38
306.14    49.40
306.34    48.86
306.04    48.03
307.06    47.67
310.58    46.00
306.50    46.88
305.99    47.30
305.08    47.53
304.44    46.95
304.20    47.51
304.19    47.89
302.17    47.62
301.47    47.68
300.71    47.70
301.19    48.23
301.94    49.05
302.02    49.49
302.21    49.92
302.65    50.68
302.66    51.44
300.06    50.79
296.52    49.57
295.76    49.83
295.40    50.28
293.64    50.24
291.80    49.27
291.12    48.83
290.30    48.12
288.58    48.46
289.61    47.49
287.34    46.50
282.97    45.89
284.26    45.49
284.23    45.17
284.18    44.62
285.33    45.10
285.56    45.42
286.10    45.62
286.87    45.40
286.74    44.54
287.66    45.99
288.38    46.71
289.55    47.08
290.48    47.86
291.28    48.36
292.29    48.78
293.67    49.17
294.23    49.22
294.70    49.24
295.67    48.93
294.80    48.10
293.86    48.13
293.71    47.97
294.74    47.43
295.07    46.72
295.69    45.84
295.72    45.78
296.07    46.56
296.78    46.12
297.63    46.20
298.16    47.30
299.18    45.98
297.50    45.70
298.57    45.37
301.89    44.48
299.97    44.18
296.55    44.64
296.05    45.28
294.46    43.92
294.06    44.33
294.81    45.49
293.82    45.20
293.03    45.08
292.46    44.65
291.99    44.43
292.30    44.57
291.07    44.19
290.16    43.72
289.43    43.30
289.90    43.56
289.21    42.73
288.96    42.36
289.11    42.59
289.67    41.69
289.51    41.60
292.11    41.66
288.54    41.46
288.85    40.50
287.99    41.31
287.46    41.27
287.11    41.25
287.49    41.27
286.04    41.61
286.06    41.41
286.06    41.30
286.04    41.23
286.10    41.04
285.99    40.73
286.06    41.17
287.65    41.08
286.59    40.88
286.36    40.59
286.72    40.86
289.49    40.12
285.74    40.42
285.67    39.50
285.34    39.22
285.57    39.55
284.89    38.74
284.53    39.27
284.64    39.05
284.60    39.14
283.90    38.66
284.14    37.28
284.39    37.66
284.30    37.53
284.28    35.94
284.48    35.42
284.28    35.80
289.70    52.74
289.25    53.51
