273.25    81.97
275.14    81.91
278.05    82.03
274.16    82.25
285.05    79.47
283.08    79.42
284.75    79.16
283.32    79.09
281.64    78.93
284.15    78.88
285.34    78.64
283.93    78.53
278.27    77.62
278.19    77.30
282.20    76.80
280.36    76.31
280.97    75.88
278.38    76.49
277.78    76.83
276.62    76.62
275.47    76.72
274.94    76.47
273.77    76.49
272.47    76.39
272.33    76.66
271.70    76.47
271.51    77.00
270.05    77.27
273.30    77.85
274.62    77.29
277.87    78.09
275.10    77.56
275.31    78.20
273.77    78.26
273.12    78.57
275.11    78.84
277.59    78.66
274.81    79.87
279.04    79.66
278.14    79.95
277.53    80.15
278.96    80.41
280.88    80.60
279.42    80.71
275.71    80.52
274.85    81.08
271.38    81.06
270.51    81.24
268.56    80.90
271.07    80.38
272.55    79.52
272.39    79.41
271.40    78.32
270.67    78.34
269.52    78.23
268.38    78.24
267.24    78.59
266.13    79.02
268.12    79.16
269.83    79.27
269.16    79.39
268.29    79.35
261.23    79.75
262.69    78.48
258.76    78.35
258.38    77.75
265.10    77.67
264.66    76.99
265.68    76.89
266.50    76.77
267.95    76.52
269.51    76.77
269.67    76.18
269.93    75.79
270.97    75.45
272.40    75.43
274.34    75.56
275.45    75.65
276.19    75.78
276.37    74.57
274.43    74.69
273.20    74.62
271.58    74.80
269.42    74.90
268.65    74.64
268.02    74.92
268.11    75.16
267.76    75.39
268.32    75.62
268.79    75.76
267.60    76.04
266.23    76.37
264.60    76.38
264.46    76.58
265.44    75.79
265.22    75.38
263.91    75.06
265.14    74.72
264.26    74.60
262.46    74.57
263.13    75.37
261.09    75.23
261.39    75.76
260.67    76.30
259.95    76.45
257.67    75.58
255.41    75.09
257.60    76.04
256.13    76.49
255.97    77.15
254.73    77.43
250.48    75.65
251.47    76.13
253.71    75.31
249.30    74.73
245.90    74.90
244.63    75.87
240.73    75.67
241.38    76.57
246.20    77.13
245.85    77.82
266.06    72.25
266.46    72.85
269.02    73.97
266.30    74.04
265.08    73.97
265.11    72.78
260.72    71.90
262.37    71.64
262.27    72.19
263.44    72.11
261.53    72.73
262.97    72.81
263.04    73.09
261.84    73.36
262.55    73.80
261.77    73.92
261.51    73.71
261.23    73.97
260.18    73.68
259.34    73.38
260.33    73.20
258.03    72.95
257.49    72.87
254.55    72.13
254.98    69.95
255.00    69.13
253.58    69.57
251.92    70.30
250.61    69.16
249.30    68.73
246.84    68.70
246.65    69.19
244.05    69.34
243.21    69.67
242.77    69.95
243.53    70.16
244.60    70.25
246.67    70.22
247.42    70.61
245.88    70.70
243.68    70.65
242.17    70.76
241.84    71.09
243.02    71.44
241.08    71.75
241.95    72.25
243.93    73.12
245.97    72.98
249.26    72.65
252.28    71.93
252.44    72.88
255.07    73.51
240.21    73.95
243.11    73.25
239.36    71.83
235.27    71.92
272.95    73.78
274.53    73.82
274.88    73.63
273.15    72.73
273.72    72.41
273.53    72.19
273.88    71.78
274.85    71.68
275.61    71.53
274.42    72.63
274.96    73.05
275.71    73.16
277.00    73.65
279.54    72.82
280.65    73.04
278.77    72.30
278.74    72.08
279.12    71.88
279.84    72.45
280.84    71.97
282.29    71.73
283.67    71.75
285.73    71.91
285.16    71.38
287.12    71.44
288.14    71.44
288.80    71.19
288.46    70.08
291.11    70.46
291.30    69.95
289.66    69.89
289.97    69.60
291.40    69.49
291.85    69.30
292.52    69.18
291.66    68.98
290.92    68.96
290.56    68.86
291.36    68.73
291.56    68.56
293.29    68.28
292.62    68.20
294.01    67.90
295.05    68.03
294.51    67.71
295.01    67.35
295.96    67.55
295.35    66.95
294.99    65.84
294.28    66.14
293.57    66.41
292.37    66.59
293.05    65.45
293.30    64.78
294.95    63.67
295.25    62.82
291.71    63.59
291.80    63.24
293.06    63.08
293.52    63.06
293.47    62.90
294.42    62.91
282.25    63.95
295.28    62.46
292.97    62.67
293.65    62.36
293.89    62.08
295.00    61.78
292.63    62.13
292.21    62.22
291.53    62.27
290.12    62.85
289.55    62.62
288.65    63.08
283.50    64.37
283.02    63.50
282.01    63.32
287.37    65.56
284.49    69.29
282.31    70.20
280.94    69.96
279.69    69.70
274.90    70.14
273.88    70.12
273.34    70.03
272.88    70.44
270.88    70.91
272.15    70.91
273.51    70.94
274.87    70.88
273.58    71.18
272.59    71.14
271.35    71.31
270.50    71.41
270.16    72.05
270.20    71.77
270.34    72.59
303.21    51.55
304.42    52.42
302.79    53.68
302.45    54.43
301.48    54.02
299.72    53.47
299.26    54.65
300.37    55.19
299.70    55.63
298.58    56.66
296.81    57.99
296.90    58.61
296.51    59.11
296.04    59.37
295.59    59.91
295.18    60.42
294.06    58.76
291.42    58.01
289.92    59.26
292.12    60.51
290.07    60.98
287.29    61.96
285.82    62.20
285.87    62.66
284.14    62.22
282.44    62.20
280.00    62.00
282.05    60.49
280.02    59.82
283.17    57.79
283.57    56.63
282.92    55.30
282.36    54.37
282.33    53.57
282.52    52.05
282.13    50.55
277.31    50.22
275.88    51.42
274.80    53.73
272.21    55.11
266.17    56.67
264.82    58.50
264.50    61.75
264.36    64.00
277.00    62.50
276.00    64.60
269.77    66.17
273.75    66.60
277.79    67.88
277.30    68.15
277.28    68.32
277.22    68.64
277.29    69.23
274.70    69.69
274.77    69.37
275.80    69.67
275.28    68.84
274.24    68.24
271.58    67.82
269.32    69.03
268.64    68.43
267.62    70.20
266.03    71.29
264.49    71.01
264.03    70.41
262.31    69.19
263.70    66.13
257.17    66.90
254.95    68.13
252.50    67.79
252.75    67.34
252.20    66.60
250.20    67.78
248.68    67.65
246.61    67.66
244.82    67.74
244.74    68.41
243.80    68.73
241.41    69.14
239.35    69.51
236.37    69.42
232.30    70.34
227.23    69.33
225.78    69.96
220.92    69.28
289.13    76.83
286.87    76.72
212.21    60.94
213.95    59.66
215.22    60.28
215.54    60.23
215.35    60.30
216.52    60.12
218.17    60.00
219.40    59.81
221.50    59.20
222.39    58.61
223.93    58.30
224.84    58.12
224.00    58.97
224.53    59.25
225.45    58.35
225.40    58.31
224.72    57.07
227.18    56.62
226.20    55.96
226.60    55.92
226.48    55.62
226.36    55.43
228.37    55.39
229.13    54.45
228.32    54.33
229.85    54.31
231.37    54.19
229.09    53.54
227.79    53.69
228.48    52.57
232.10    51.92
232.27    51.14
233.60    49.40
234.11    49.13
234.88    49.06
235.01    49.91
235.54    49.44
237.18    49.14
237.57    48.54
236.82    49.63
237.08    49.15
236.98    49.12
236.50    48.94
236.55    48.52
237.32    47.97
236.00    46.81
237.30    47.87
236.08    45.28
236.00    44.40
304.12    51.39
304.47    50.78
303.12    49.79
303.86    49.68
304.57    49.38
305.75    49.50
306.40    48.83
307.30    47.57
310.38    45.91
306.34    46.99
305.93    47.36
304.34    47.00
304.06    47.55
304.19    47.89
302.17    47.62
301.47    47.68
300.70    47.76
301.19    48.23
301.23    48.57
301.94    49.05
302.02    49.49
302.23    49.94
302.71    50.57
302.65    51.47
299.85    50.75
296.50    49.56
295.77    49.84
295.28    50.29
293.64    50.24
291.80    49.27
291.12    48.83
290.33    48.15
288.58    48.46
289.60    47.49
287.34    46.50
282.97    45.89
284.26    45.49
284.23    45.17
284.18    44.62
285.33    45.10
285.56    45.42
286.10    45.62
286.87    45.40
286.74    44.54
287.66    45.99
288.38    46.71
289.11    46.90
289.53    47.07
290.48    47.84
291.30    48.36
292.23    48.75
293.64    49.16
294.23    49.22
294.69    49.24
295.67    48.93
294.80    48.10
293.86    48.13
293.71    47.97
294.68    47.44
295.07    46.72
295.65    45.79
296.03    46.67
297.02    46.19
297.70    46.16
298.21    47.28
299.12    45.93
297.56    45.69
298.57    45.37
301.80    44.43
299.98    44.12
296.51    44.64
296.18    45.36
294.80    44.06
293.84    44.38
294.81    45.49
293.91    45.23
293.06    45.08
292.60    44.68
291.98    44.43
292.19    44.51
291.00    44.21
290.17    43.71
289.43    43.30
290.19    43.72
289.37    42.91
289.28    42.72
288.92    42.37
289.13    42.57
289.71    41.69
289.07    41.36
289.29    41.47
292.11    41.66
288.54    41.46
288.85    40.50
287.66    41.23
287.50    41.27
287.19    41.32
287.49    41.27
286.04    41.61
286.06    41.41
286.06    41.30
286.10    41.02
285.99    40.73
286.04    41.05
287.61    41.11
286.55    40.80
286.62    40.62
286.77    40.85
289.49    40.12
285.72    40.42
285.76    39.54
285.73    39.80
284.93    38.72
284.55    39.28
284.64    39.01
284.60    39.12
283.90    39.00
283.68    38.56
284.36    37.63
284.36    37.63
284.24    36.06
284.48    35.52
284.22    35.85
289.70    52.82
289.25    53.51
