294.95    63.67
295.49    63.10
291.63    63.63
291.80    63.24
293.06    63.08
293.52    63.06
293.47    62.90
294.43    62.90
282.25    63.95
295.28    62.46
292.97    62.67
293.66    62.36
293.89    62.08
295.00    61.78
292.63    62.13
292.21    62.22
291.53    62.27
290.35    62.70
289.55    62.62
288.65    63.08
282.96    63.52
282.01    63.32
303.21    51.55
304.22    52.70
303.04    53.72
302.51    54.44
301.59    54.19
299.75    53.48
299.83    54.76
300.60    55.21
299.46    55.75
298.54    56.75
297.00    58.07
297.02    58.55
296.37    59.06
296.18    59.34
295.59    59.91
295.18    60.42
294.00    58.74
291.64    58.05
290.03    59.37
292.06    60.50
290.13    60.88
287.25    61.98
285.77    62.19
285.77    62.66
284.18    62.21
282.26    62.19
280.00    62.00
282.23    60.41
280.02    59.83
282.91    57.82
280.79    56.66
283.55    56.57
282.58    55.45
282.38    54.73
282.15    53.63
282.26    51.99
281.64    50.60
277.46    50.27
276.34    51.47
276.25    54.32
272.42    55.24
266.34    56.71
265.58    58.71
265.04    61.37
267.49    63.16
277.00    62.50
274.68    63.55
211.57    60.96
212.34    60.22
213.79    59.53
214.76    60.38
215.48    60.21
215.37    60.29
216.34    60.06
218.20    60.00
220.01    59.69
221.32    59.16
222.42    58.58
223.91    58.38
224.82    58.15
224.04    58.97
224.57    59.30
225.46    58.35
225.40    58.31
224.77    57.08
227.18    56.62
226.21    55.93
226.84    55.94
226.48    55.62
226.33    55.40
228.37    55.39
229.14    54.46
228.32    54.33
229.68    54.30
231.37    54.19
229.09    53.56
227.82    53.77
228.48    52.60
232.02    51.98
232.35    51.12
233.32    49.72
234.10    49.13
235.03    49.03
235.17    49.25
234.99    49.89
235.68    49.37
237.10    49.12
237.48    48.50
236.82    49.63
237.05    49.14
236.93    49.08
236.59    48.88
236.56    48.58
235.49    48.26
237.34    47.90
236.10    46.63
237.27    47.86
235.48    48.28
235.88    47.09
236.17    46.58
236.08    45.42
236.00    44.23
235.80    41.70
304.24    51.49
304.47    50.78
303.19    49.80
303.86    49.68
304.57    49.38
306.14    49.40
306.34    48.86
306.04    48.03
307.06    47.67
310.58    46.00
306.50    46.88
305.99    47.30
305.08    47.53
304.44    46.95
304.20    47.51
304.19    47.89
302.17    47.62
301.47    47.68
300.71    47.70
301.19    48.23
301.26    48.56
301.94    49.05
302.02    49.49
302.21    49.92
302.65    50.68
302.66    51.44
300.06    50.79
296.52    49.57
295.76    49.83
295.40    50.28
293.64    50.24
291.80    49.27
291.12    48.83
290.30    48.12
288.58    48.46
289.61    47.49
287.34    46.50
282.97    45.89
284.26    45.49
284.23    45.17
284.18    44.62
285.33    45.10
285.56    45.42
286.10    45.62
286.87    45.40
286.74    44.54
287.66    45.99
288.38    46.71
289.19    46.95
289.55    47.08
290.48    47.86
291.28    48.36
292.29    48.78
293.67    49.17
294.23    49.22
294.70    49.24
295.67    48.93
294.80    48.10
293.86    48.13
293.71    47.97
294.74    47.43
295.07    46.72
295.69    45.84
295.72    45.78
296.07    46.56
296.78    46.12
297.63    46.20
298.16    47.30
299.18    45.98
297.50    45.70
298.57    45.37
301.89    44.48
299.97    44.18
296.55    44.64
296.05    45.28
294.46    43.92
294.06    44.33
294.81    45.49
293.82    45.20
293.03    45.08
292.46    44.65
291.99    44.43
292.30    44.57
291.07    44.19
290.16    43.72
289.43    43.30
289.90    43.56
289.36    42.90
289.21    42.73
288.96    42.36
289.11    42.59
289.67    41.69
289.11    41.36
289.51    41.60
292.11    41.66
288.54    41.46
288.85    40.50
287.99    41.31
287.46    41.27
287.11    41.25
287.49    41.27
286.04    41.61
286.06    41.41
286.06    41.30
286.04    41.23
286.10    41.04
285.99    40.73
286.06    41.17
287.65    41.08
286.59    40.88
286.36    40.59
286.72    40.86
289.49    40.12
285.74    40.42
285.67    39.50
285.34    39.22
285.57    39.55
284.89    38.74
284.53    39.27
284.64    39.05
284.60    39.14
283.90    38.66
283.65    38.56
284.14    37.28
284.39    37.66
284.30    37.53
284.28    35.94
284.48    35.42
284.28    35.80
289.70    52.74
289.25    53.51
