1407
4101
1621
4080
4091
4118
4050
4034
4074
4099
1301
1633
1132
1623
4112
4123
1647
1643
1484
4015
4111
1619
4006
4051
1684
1610
4098
1174
4001
2009
4116
4117
1246
4014
4064
1316
1634
4094
1663
1410
1628
1642
1461
4030
1613
1313
1404
1645
1329
1302
4087
4026
1347
4086
1146
1258
4085
1405
1447
1235
1337
1414
1336
1340
4109
1226
4093
1678
4025
4067
1305
1604
1130
1667
4105
1488
1252
4081
1609
1322
1644
1408
1455
1180
1653
1654
1341
1175
1635
1133
1449
4089
1342
4120
4077
4068
1452
4007
4092
1331
1253
1251
1312
4110
1419
4049
4083
4052
1640
1601
4082
4108
1158
4100
1676
1335
1606
4063
4115
1652
4075
1612
1418
1476
1687
4106
1686
1314
1602
1422
1249
4088
1304
1672
4090
1339
1495
1234
4065
1333
1204
1617
1415
1605
1203
1466
4103
1622
1603
4079
1625
1229
1406
4019
1632
1326
4053
4119
1502
4003
1483
1306
1630
4122
1413
1624
1220
4076
4028
4121
1159
1225
4021
1231
1680
1607
1250
1201
1212
1498
1202
1358
1666
4024
1453
1451
1614
1496
1350
1144
1487
1151
1238
1136
1259
1255
1454
1320
1626
1190
1490
1409
1662
1674
4056
1485
4054
1631
4073
1618
4061
1493
1354
4114
1433
1494
4104
1423
1179
1317
1500
5142
1227
1669
1260
1223
1480
1685
2010
1499
1233
1303
4084
1315
1434
1505
1206
1638
1431
1219
1430
4027
1319
1442
1211
1492
1608
1311
1486
1308
1637
1497
4069
1629
1657
1503
1184
1443
1230
4066
1186
1656
1160
1213
1207
1470
1616
1131
1328
1411
1129
1636
1481
1171
1479
1128
1668
1440
1416
1459
1620
1651
4017
1491
1164
1456
1135
1355
1257
1426
1239
4016
1659
1655
1139
1658
1649
1161
1401
1641
4029
1155
1417
4035
1187
1143
4018
1448
1441
4044
4031
1127
1432
4039
1237
4047
1627
1138
4036
1467
1169
4055
1165
1351
4096
1102
1236
1156
1501
1650
1104
1436
1611
1482
1681
4129
1478
3054
4127
1402
1670
3066
1141
1232
3044
1307
1189
1176
1224
1352
3043
1464
4043
1477
1661
4033
1217
1615
1101
1248
3027
3042
3049
1170
4045
4032
1218
1178
1241
1474
5144
1462
1639
3036
1152
3065
1240
3017
1446
1475
1157
4107
1173
3034
1150
3032
1677
3025
1473
4042
1163
3060
1172
3016
1425
3057
3022
3041
3038
4010
1323
1327
1162
1185
4012
4011
1428
4128
1256
1183
1103
1673
1149
3051
1205
3047
1427
3061
1154
1192
1330
1334
1420
4059
1450
1435
3033
3050
3035
3018
1214
1445
1471
1679
1458
3028
1181
1310
1148
1343
1439
1338
1682
1321
1147
1221
1457
4037
1191
1324
1215
1228
3031
1209
1222
1168
1142
1664
1244
1438
1134
1463
1504
1345
1325
1137
1344
3030
1208
1318
1437
4009
1177
1660
1145
1140
1309
1216
1188
4023
1665
3039
3024
4048
1356
3040
1465
1210
4095
4005
1460
4046
4004
3020
1403
1469
4038
3012
1242
3026
1675
1472
4097
1353
1688
1683
1429
1332
1346
1468
3029
1357
4057
4058
4002
4040
1245
4020
3053
1254
3015
1348
3023
1349
3019
4070
4022
4041
3059
3052
4071
3046
4060
4062
4072
3056
4078
4113
3037
3045
