1629
1628
1643
1645
1644
1647
1642
1623
1632
1634
1633
1635
1621
1619
1476
1620
1636
1461
1653
1654
1484
1662
1488
1617
1667
1487
1663
1456
1460
1455
1494
1613
1453
1409
1447
1407
1408
1665
1419
1452
1449
1406
1418
1405
1410
1329
1404
1301
1331
1610
1421
1302
1311
1414
1313
1314
1609
1312
1323
1322
1333
1305
1316
1352
1680
1319
1678
1607
4030
1340
4034
1341
1235
4053
4051
4049
1606
4036
1335
1342
4050
4055
1339
1223
4029
1336
1605
1225
1604
1337
1146
1226
1147
1229
1603
1252
1345
1253
1347
1152
1201
1245
4061
4027
1251
1250
1246
2009
4026
1602
1684
1601
1180
4025
4080
4001
4081
4083
4024
4068
4079
4082
4085
4087
1133
1630
1625
1640
1624
1622
1652
1483
1466
1493
1497
1495
1614
1502
1674
1612
1672
1328
1446
1422
1307
1415
1306
1326
1676
1413
1315
1303
1304
1324
1318
1219
1220
1234
4052
1354
4054
1353
1231
1237
1338
1227
4028
1238
1204
1203
1202
1159
4065
1249
1626
1631
1649
1658
1618
1489
1490
1485
1454
1496
1500
1498
1666
1434
1433
1443
1503
1423
1426
1451
1505
1317
1320
1212
4056
1243
1144
1350
1136
1151
1255
1358
1190
4063
4084
1641
1480
1655
1669
1499
1440
5142
1439
1435
1639
1482
1638
1657
1470
1637
1492
5144
1486
1441
1442
1430
1611
1479
1656
1646
1627
1481
1648
1668
1477
1650
1659
1651
1491
1459
1438
1467
1661
1501
1448
1436
1432
1431
1424
1417
1308
1425
1411
1412
1416
1403
1401
4031
4035
1608
1233
1679
1681
1209
1232
1211
4039
4048
1478
1475
1462
1474
1473
1464
1670
1615
1673
1450
1427
1327
1420
1428
1330
1402
1677
1334
4032
1217
4033
1218
1213
1236
1224
4044
1139
4042
4045
4043
1241
4059
1205
1141
1149
1240
2010
1239
1150
1154
1135
1192
1155
1156
1189
1157
1178
1248
1256
1158
1176
1132
1183
1184
1185
1129
1187
1186
1259
1175
4088
4021
1161
1160
4075
1162
1163
1174
4074
1164
4112
4110
4107
4108
4109
1165
4093
4094
1173
4114
4117
1171
1170
1172
1686
4073
4115
1102
1687
1101
4121
4120
1103
1104
4118
4012
4011
4123
3054
3051
3049
3050
3038
3043
3035
3061
3027
3036
3057
3044
3032
4129
4127
3025
3047
3033
3041
3034
4010
4128
3060
3022
3042
3065
3066
3016
3017
1660
1463
1471
1458
1457
1664
1445
1504
1437
1310
1309
1325
1321
1214
1216
1215
1221
4037
1222
1208
1230
1343
1207
1145
1682
1142
1148
1138
1140
1344
1228
1244
1137
1177
1191
1181
1134
4023
4067
4019
1258
1260
1188
4017
1168
4006
4016
4007
4014
4009
3039
3028
3030
3024
3031
1469
1465
1472
1429
1675
1332
4038
1210
4047
1351
1242
1683
1356
4046
1468
4040
4041
4057
4060
4058
4062
4022
4113
